000000
000007
000010
000012
000014
000017
000022
000029
000032
000036
000041
000044
000046
000051
000055
000057
000064
000068
000070
000072
000074
000079
000082
000084
000086
000088
000092
000096
000099
000101
000105
000110
000112
000114
000119
000121
000125
000129
000131
000136
000141
000144
000146
000149
000154
000157
000160
000163
000165
000171
000176
000178
000180
000185
000193
000200
000205
000208
000210
000215
000219
000221
000225
000228
000233
000240
000243
000245
000254
000256
000258
000261
000267
000274
000276
000280
000285
000287
000292
000295
000298
000300
000304
000310
000316
000318
000325
000330
000334
000338
000342
000348
000353
000363
000367
000371
000375
000384
000389
000400
000406
000411
000416
000418
000423
000425
000431
000433
000435
000439
000442
000445
000449
000458
000461
000464
000466
000470
000474
000483
000487
000490
000500
000502
000507
000513
000516
000520
000523
000526
000531
000534
000537
000539
000544
000549
000552
000556
000562
000565
000573
000575
000577
000579
000582
000585
000587
000593
000596
000598
000602
000605
000607
000609
000617
000622
000627
000631
000633
000638
000641
000646
000651
000653
000656
000662
000664
000666
000671
000673
000676
000680
000685
000687
000689
000693
000697
000703
000707
000710
000712
000714
000719
000723
000726
000732
000735
000739
000743
000747
000753
000757
000759
000762
000764
000775
000777
000781
000784
000786
000788
000791
000794
000797
000808
000814
000817
000820
000822
000825
000828
000830
000833
000835
000839
000845
000851
000855
000857
000860
000864
000866
000868
000871
000880
000883
000887
000890
000892
000896
000900
000902
000905
000908
000913
000918
000921
000925
000929
000934
000936
000941
000946
000950
000954
000957
000960
000965
000972
000977
000980
000987
000990
000993
000995
000997
001000
001003
001005
001016
001020
001024
001029
001031
001033
001036
001040
001044
001047
001049
001056
001059
001061
001064
001073
001079
001081
001085
001090
001092
001098
001103
001109
001112
001119
001122
001126
001130
001142
001151
001157
001160
001164
001166
001169
001171
001175
001184
001186
001196
001200
001202
001205
001209
001211
001215
001220
001227
001231
001238
001247
001250
001258
001264
001277
001279
001282
001285
001290
001297
001299
001301
001309
001311
001313
001316
001320
001322
001324
001326
001328
001338
001341
001348
001351
001357
001360
001362
001366
001368
001370
001373
001379
001385
001392
001394
001399
001401
001403
001405
001408
001413
001417
001420
001423
001426
001429
001433
001436
001444
001449
001453
001455
001457
001460
001464
001467
001470
001473
001475
001479
001483
001486
001491
001493
001496
001499
001503
001505
001509
001512
001518
001520
001529
001531
001534
001540
001543
001548
001551
001554
001558
001561
001566
001570
001572
001578
001581
001593
001598
001601
001607
001609
001612
001618
001622
001624
001628
001632
001637
001639
001642
001646
001649
001652
001655
001659
001663
001669
001672
001674
001677
001679
001685
001687
001690
001692
001696
001700
001708
001716
001723
001725
001730
001734
001736
001738
001743
001747
001753
001756
001759
001761
001766
001769
001773
001777
001784
001788
001790
001792
001796
001799
001805
001809
001811
001815
001819
001826
001829
001832
001834
001837
001839
001842
001845
001849
001857
001864
001866
001871
001874
001879
001883
001891
001895
001899
001902
001906
001908
001911
001913
001915
001917
001921
001930
001938
001944
001948
001950
001953
001956
001958
001962
001964
001968
001971
001974
001976
001987
001990
001993
001998
002005
002007
002015
002018
002023
002026
002031
002033
002040
002047
002053
002059
002061
002064
002066
002069
002072
002080
002084
002090
002095
002097
002099
002105
002109
002114
002117
002122
002126
002132
002134
002143
002145
002147
002149
002154
002156
002162
002167
002172
002175
002178
002181
002186
002190
002192
002195
002198
002203
002205
002210
002212
002214
002221
002223
002227
002231
002236
002238
002241
002244
002249
002253
002259
002263
002265
002268
002270
002273
002275
002281
002288
002296
002301
002305
002311
002313
002317
002321
002323
002326
002331
002335
002342
002349
002351
002354
002358
002361
002364
002371
002374
002377
002381
002389
002394
002396
002401
002403
002407
002409
002412
002416
002421
002427
002431
002436
002438
002443
002445
002448
002451
002453
002459
002465
002467
002469
002471
002475
002481
002484
002487
002491
002494
002498
002507
002510
002513
002515
002518
002523
002527
002535
002537
002544
002547
002550
002553
002555
002560
002566
002571
002576
002579
002587
002589
002592
002595
002597
002607
002609
002611
002616
002618
002622
002624
002629
002634
002639
002643
002648
002650
002654
002658
002660
002664
002667
002670
002672
002678
002682
002684
002688
002691
002698
002701
002704
002708
002716
002719
002731
002733
002736
002739
002743
002751
002756
002762
002768
002770
002774
002777
002779
002781
002784
002788
002791
002795
002799
002803
002808
002816
002819
002822
002824
002829
002834
002837
002842
002849
002851
002854
002857
002860
002864
002868
002870
002872
002874
002884
002887
002897
002899
002906
002909
002912
002915
002920
002922
002926
002929
002932
002936
002939
002941
002946
002950
002954
002965
002968
002970
002973
002980
002983
002987
002990
002996
003002
003009
003013
003015
003017
003020
003023
003028
003037
003040
003044
003049
003057
003060
003064
003069
003072
003077
003079
003083
003085
003089
003092
003095
003098
003104
003108
003113
003117
003120
003122
003125
003130
003138
003140
003147
003151
003154
003157
003160
003164
003168
003171
003176
003184
003186
003189
003193
003196
003200
003205
003208
003212
003215
003220
003227
003234
003237
003241
003244
003246
003249
003256
003260
003262
003264
003268
003271
003274
003278
003282
003285
003287
003290
003293
003297
003303
003309
003314
003320
003326
003328
003332
003334
003336
003340
003344
003348
003354
003359
003361
003363
003371
003374
003377
003380
003382
003384
003388
003390
003392
003400
003414
003416
003420
003424
003431
003436
003438
003440
003442
003445
003451
003454
003457
003459
003462
003468
003473
003476
003479
003486
003494
003499
003501
003507
003509
003512
003514
003518
003523
003526
003533
003536
003538
003541
003545
003548
003551
003556
003561
003565
003567
003570
003575
003577
003579
003585
003587
003590
003592
003594
003596
003598
003602
003606
003612
003615
003619
003626
003636
003638
003640
003642
003646
003650
003654
003657
003663
003665
003670
003673
003675
003681
003686
003693
003695
003697
003699
003701
003706
003710
003714
003720
003722
003725
003729
003731
003733
003740
003742
003744
003749
003754
003758
003760
003765
003767
003770
003773
003776
003783
003785
003789
003791
003795
003797
003801
003806
003813
003816
003818
003821
003824
003829
003832
003836
003839
003842
003844
003846
003849
003851
003855
003858
003862
003865
003868
003875
003877
003884
003888
003893
003896
003903
003906
003910
003912
003917
003919
003922
003927
003929
003933
003936
003940
003942
003947
003951
003953
003955
003959
003963
003967
003971
003974
003978
003983
003987
003989
003991
003994
003997
004005
004012
004014
004017
004019
004022
004024
004029
004031
004037
004043
004046
004050
004053
004056
004058
004062
004067
004070
004073
004076
004080
004086
004090
004094
004099
004103
004112
004115
004127
004134
004139
004144
004146
004151
004165
004167
004170
004177
004179
004181
004183
004186
004193
004197
004199
004201
004204
004211
004216
004218
004225
004229
004231
004234
004236
004240
004245
004252
004257
004261
004264
004266
004268
004272
004274
004279
004286
004292
004297
004304
004310
004315
004317
004322
004328
004332
004334
004341
004346
004351
004355
004357
004359
004365
004371
004375
004378
004380
004382
004387
004390
004395
004400
004408
004410
004412
004416
004427
004431
004436
004442
004446
004449
004453
004457
004461
004464
004467
004471
004476
004478
004484
004492
004497
004499
004503
004505
004507
004510
004514
004518
004523
004525
004535
004537
004539
004544
004546
004552
004555
004559
004561
004564
004571
004575
004579
004583
004586
004592
004594
004597
004601
004604
004606
004613
004616
004619
004623
004627
004631
004637
004641
004643
004646
004654
004659
004662
004664
004671
004675
004677
004681
004690
004701
004703
004707
004719
004727
004729
004733
004741
004749
004751
004755
004758
004761
004767
004772
004775
004779
004781
004785
004789
004794
004796
004801
004803
004808
004812
004819
004823
004826
004828
004834
004837
004840
004842
004845
004853
004855
004857
004866
004870
004876
004878
004880
004883
004886
004890
004897
004900
004906
004910
004912
004915
004919
004923
004930
004936
004939
004945
004951
004955
004961
004965
004968
004970
004972
004975
004978
004982
004987
004992
005000
005005
005007
005011
005016
005020
005023
005027
005030
005033
005039
005043
005046
005048
005059
005061
005069
005076
005084
005087
005089
005092
005097
005099
005102
005106
005111
005115
005117
005119
005126
005130
005132
005137
005146
005150
005152
005159
005165
005171
005177
005183
005187
005193
005196
005202
005204
005207
005209
005211
005215
005220
005224
005228
005232
005238
005243
005247
005250
005253
005257
005259
005263
005265
005269
005272
005278
005283
005286
005290
005293
005295
005301
005303
005306
005314
005320
005326
005331
005339
005344
005348
005352
005354
005356
005358
005362
005367
005373
005376
005382
005384
005388
005393
005395
005397
005399
005401
005403
005407
005409
005411
005414
005417
005419
005421
005425
005432
005435
005438
005440
005446
005454
005456
005462
005464
005469
005475
005480
005485
005490
005492
005496
005499
005501
005503
005506
005508
005512
005516
005518
005520
005522
005526
005529
005533
005537
005541
005547
005549
005553
005561
005563
005567
005569
005575
005579
005585
005592
005594
005598
005604
005606
005608
005611
005614
005620
005622
005626
005628
005632
005637
005644
005646
005648
005654
005657
005663
005666
005670
005674
005678
005681
005684
005688
005691
005693
005696
005701
005705
005711
005716
005719
005721
005723
005730
005733
005737
005742
005749
005752
005755
005758
005761
005766
005768
005770
005772
005774
005776
005779
005781
005789
005792
005797
005799
005804
005809
005813
005815
005817
005824
005828
005831
005833
005836
005838
005844
005846
005848
005850
005853
005860
005862
005865
005867
005870
005872
005875
005880
005886
005890
005895
005897
005902
005908
005920
005928
005930
005934
005937
005941
005943
005946
005951
005954
005957
005960
005966
005968
005973
005976
005979
005983
005989
005991
005993
005998
006004
006007
006015
006018
006020
006022
006032
006037
006049
006053
006056
006064
006069
006073
006079
006081
006084
006090
006092
006099
006104
006108
006111
006113
006120
006128
006131
006134
006137
006140
006142
006145
006149
006153
006157
006159
006162
006166
006171
006174
006178
006180
006183
006188
006191
006193
006199
006201
006205
006207
006211
006214
006217
006220
006223
006225
006230
006234
006236
006239
006242
006245
006251
006253
006255
006257
006260
006262
006268
006277
006281
006284
006289
006291
006293
006295
006298
006303
006307
006309
006311
006318
006320
006325
006327
006329
006335
006337
006346
006350
006358
006361
006363
006367
006374
006376
006382
006384
006389
006392
006398
006400
006402
006408
006413
006418
006421
006428
006430
006432
006443
006448
006450
006456
006458
006460
006463
006467
006476
006480
006487
006490
006494
006499
006501
006504
006510
006513
006522
006526
006528
006538
006541
006544
006546
006550
006554
006559
006564
006567
006572
006575
006580
006585
006589
006594
006599
006601
006606
006608
006610
006616
006619
006621
006627
006631
006639
006642
006645
006648
006653
006657
006662
006665
006671
006673
006680
006683
006687
006689
006691
006699
006702
006705
006707
006716
006718
006722
006727
006730
006736
006740
006743
006748
006750
006763
006769
006775
006779
006787
006790
006795
006801
006805
006810
006817
006821
006824
006826
006830
006834
006838
006840
006845
006848
006857
006861
006865
006869
006875
006878
006883
006888
006892
006894
006902
006905
006911
006915
006918
006920
006923
006926
006929
006932
006934
006939
006941
006947
006951
006957
006961
006965
006967
006970
006974
006976
006983
006985
006988
006993
006996
007001
007004
007009
007017
007020
007024
007035
007039
007041
007045
007050
007054
007058
007062
007066
007073
007077
007090
007093
007096
007099
007102
007105
007107
007111
007114
007118
007123
007126
007128
007134
007140
007142
007147
007150
007152
007155
007159
007167
007171
007175
007181
007185
007188
007190
007192
007195
007197
007206
007211
007216
007220
007223
007226
007231
007236
007239
007243
007248
007250
007254
007259
007264
007269
007276
007282
007286
007295
007297
007301
007306
007308
007313
007316
007320
007324
007332
007334
007338
007341
007348
007355
007357
007361
007363
007366
007368
007372
007378
007386
007388
007392
007394
007400
007406
007414
007418
007427
007429
007432
007441
007444
007451
007454
007457
007460
007465
007472
007476
