Pedestrian -1 -1 -10 654.000000 167.000000 670.000000 216.000000 1.772590 0.569641 0.760845 1.835445 1.521441 24.505301 2.117396 0.532169
Pedestrian -1 -1 -10 660.000000 166.000000 693.000000 219.000000 1.766872 0.644883 0.904350 2.078796 1.578411 23.727966 2.198441 0.074300
Pedestrian -1 -1 -10 140.000000 176.000000 162.000000 223.000000 1.746349 0.622289 0.852559 -16.101210 1.835685 25.425801 -1.228600 0.027958
Pedestrian -1 -1 -10 662.000000 167.000000 673.000000 213.000000 1.757538 0.555815 0.792826 1.807472 1.391092 23.698094 0.577644 0.027114
Pedestrian -1 -1 -10 668.000000 166.000000 681.000000 214.000000 1.740413 0.608561 0.724454 2.124928 1.439244 23.712432 2.769685 0.014457
Pedestrian -1 -1 -10 427.000000 174.000000 436.000000 206.000000 1.758399 0.558959 0.765391 -5.867382 1.520572 23.294495 0.324988 0.010776
Pedestrian -1 -1 -10 312.000000 177.000000 319.000000 213.000000 1.742503 0.646014 0.659909 -15.783787 1.788159 38.971636 -0.403320 0.010713
Car -1 -1 -10 418.000000 174.000000 526.000000 258.000000 1.581997 1.656418 4.005673 -2.940427 1.634186 16.130141 -1.592454 0.999126
Car -1 -1 -10 230.000000 185.000000 320.000000 228.000000 1.516149 1.647578 3.911394 -12.609168 2.063340 27.612765 1.574534 0.996789
Car -1 -1 -10 586.000000 171.000000 613.000000 198.000000 1.544595 1.618298 3.921629 -0.778362 1.593624 46.707565 -1.589643 0.996097
Cyclist -1 -1 -10 662.000000 162.000000 722.000000 221.000000 1.759438 0.501628 1.713101 2.483861 1.416254 22.225655 -2.486566 0.999470
Cyclist -1 -1 -10 658.000000 166.000000 691.000000 218.000000 1.707300 0.516637 1.772516 2.011603 1.458463 23.547582 1.557619 0.644428
Cyclist -1 -1 -10 654.000000 167.000000 671.000000 216.000000 1.727340 0.485196 1.532295 1.866644 1.421624 25.092340 2.116301 0.361167
Cyclist -1 -1 -10 662.000000 167.000000 673.000000 213.000000 1.736304 0.566870 1.785400 1.830852 1.378493 23.680646 1.170499 0.070835
Cyclist -1 -1 -10 1014.000000 151.000000 1037.000000 205.000000 1.752780 0.529642 1.593742 18.965957 0.443840 32.648217 -1.051262 0.010709
