Pedestrian -1 -1 -10 147.000000 192.000000 270.000000 371.000000 1.648392 0.640243 0.659350 -2.564778 1.614296 4.779401 1.469452 0.997693
Pedestrian -1 -1 -10 581.000000 164.000000 605.000000 236.000000 1.754776 0.609989 0.879556 -0.288202 1.351416 17.806080 2.002895 0.990457
Pedestrian -1 -1 -10 959.000000 157.000000 1010.000000 286.000000 1.655827 0.643754 0.675448 4.870371 1.384814 9.082755 -0.542796 0.988915
Pedestrian -1 -1 -10 521.000000 159.000000 543.000000 232.000000 1.780014 0.581938 0.866705 -1.943455 1.383837 19.654183 1.935471 0.948522
Pedestrian -1 -1 -10 552.000000 164.000000 575.000000 222.000000 1.762441 0.707569 0.954053 -1.192396 1.281067 22.699086 1.389347 0.937291
Pedestrian -1 -1 -10 426.000000 169.000000 484.000000 288.000000 1.714281 0.809555 0.559263 -2.263025 1.541306 10.852441 1.443838 0.872578
Pedestrian -1 -1 -10 220.000000 171.000000 275.000000 337.000000 1.690255 0.538337 0.667953 -3.724152 1.566639 7.489257 0.035618 0.842164
Pedestrian -1 -1 -10 594.000000 163.000000 610.000000 220.000000 1.705730 0.637387 0.631260 0.130814 2.142563 27.438709 -2.085786 0.336007
Pedestrian -1 -1 -10 696.000000 156.000000 736.000000 239.000000 1.813801 0.726273 0.847828 2.545215 1.475102 15.933814 2.289300 0.209155
Pedestrian -1 -1 -10 607.000000 165.000000 622.000000 209.000000 1.811417 0.693637 0.857193 0.558972 1.155593 29.991542 3.050391 0.127626
Pedestrian -1 -1 -10 620.000000 164.000000 636.000000 210.000000 1.733685 0.661884 0.754042 1.069105 1.202101 28.882381 -1.695312 0.112363
Pedestrian -1 -1 -10 801.000000 160.000000 840.000000 259.000000 1.771789 0.661309 0.791467 3.961659 1.232043 13.538713 -1.441245 0.047627
Car -1 -1 -10 160.000000 190.000000 276.000000 359.000000 1.518841 1.614125 3.744549 -2.849986 1.336547 5.973066 -2.021282 0.010733
Cyclist -1 -1 -10 419.000000 169.000000 488.000000 292.000000 1.748903 0.587622 1.789364 -2.268698 1.560332 10.875626 1.454227 0.950498
Cyclist -1 -1 -10 691.000000 159.000000 743.000000 240.000000 1.684048 0.475725 1.761195 2.511672 1.313073 15.788674 1.255862 0.916287
Cyclist -1 -1 -10 867.000000 178.000000 970.000000 366.000000 1.697222 0.590516 1.650710 2.780152 1.864247 6.358510 1.422242 0.170277
Cyclist -1 -1 -10 160.000000 190.000000 276.000000 359.000000 1.657220 0.465807 1.623465 -2.609594 1.545862 4.835501 1.661237 0.148320
Cyclist -1 -1 -10 219.000000 174.000000 285.000000 328.000000 1.657269 0.633222 1.586944 -3.138532 1.485653 5.740019 2.582929 0.136481
Cyclist -1 -1 -10 676.000000 161.000000 697.000000 206.000000 1.836158 0.464268 1.804117 3.830160 0.931937 33.046153 -1.900982 0.032798
Cyclist -1 -1 -10 198.000000 184.000000 328.000000 301.000000 1.696547 0.681593 1.779021 -4.936755 1.850784 10.101135 2.570361 0.027029
Cyclist -1 -1 -10 784.000000 152.000000 861.000000 368.000000 1.750014 0.519760 1.758047 2.132475 1.625273 6.915916 -1.280342 0.017424
Cyclist -1 -1 -10 666.000000 163.000000 688.000000 207.000000 1.698090 0.664489 1.690042 3.196492 0.866770 32.893750 2.784345 0.010461
