Pedestrian -1 -1 -10 709.000000 177.000000 721.000000 212.000000 1.684869 0.571560 0.551752 4.552428 1.703383 31.192197 -1.987050 0.375492
Pedestrian -1 -1 -10 702.000000 168.000000 711.000000 214.000000 1.731528 0.677450 0.775109 5.361920 1.448541 40.311794 -0.920988 0.120140
Pedestrian -1 -1 -10 704.000000 170.000000 718.000000 214.000000 1.711618 0.588097 0.647621 5.318493 1.247644 36.911013 -1.480285 0.104583
Pedestrian -1 -1 -10 698.000000 169.000000 725.000000 222.000000 1.770978 0.645759 0.601655 2.471795 1.694942 17.387371 3.133488 0.025021
Pedestrian -1 -1 -10 699.000000 169.000000 708.000000 210.000000 1.713148 0.573936 0.818762 5.259190 1.360669 40.455877 -0.941644 0.019853
Pedestrian -1 -1 -10 696.000000 172.000000 703.000000 207.000000 1.798947 0.658109 0.649170 5.362937 2.070415 43.393345 -1.920896 0.013328
Car -1 -1 -10 683.000000 184.000000 780.000000 255.000000 1.455583 1.605384 3.820040 2.678276 1.716286 16.604194 -1.554076 0.998902
Car -1 -1 -10 531.000000 177.000000 575.000000 211.000000 1.486176 1.647480 4.283567 -2.657134 1.680161 33.834730 1.580845 0.998794
Car -1 -1 -10 651.000000 178.000000 698.000000 219.000000 1.508619 1.572398 3.680081 2.649433 1.773248 29.253466 1.559903 0.996630
Car -1 -1 -10 102.000000 188.000000 465.000000 372.000000 1.510250 1.683542 4.194525 -2.666636 1.708352 7.102510 1.551862 0.991420
Car -1 -1 -10 639.000000 175.000000 668.000000 201.000000 1.567715 1.666533 3.997682 3.316011 1.844572 49.437665 -1.527899 0.125376
Cyclist -1 -1 -10 712.000000 176.000000 721.000000 214.000000 1.712635 0.644050 1.682455 4.540405 1.497235 31.253521 -1.394410 0.011366
