Car -1 -1 -10 249.000000 199.000000 377.000000 263.000000 1.419906 1.593215 3.817279 -7.497076 2.050204 17.527433 -2.344159 0.999444
Car -1 -1 -10 111.000000 193.000000 183.000000 233.000000 1.407077 1.621541 3.946859 -18.385302 2.211535 28.297894 -2.305990 0.998600
Car -1 -1 -10 710.000000 180.000000 801.000000 234.000000 1.458076 1.621531 4.011640 3.857625 1.701750 19.629107 1.600265 0.998038
Car -1 -1 -10 90.000000 191.000000 154.000000 226.000000 1.518618 1.595544 3.766135 -22.104373 2.274696 32.442226 -2.256232 0.981859
Car -1 -1 -10 630.000000 179.000000 698.000000 231.000000 1.452768 1.561421 3.657463 1.571209 1.649856 20.804025 1.665883 0.977753
Car -1 -1 -10 387.000000 166.000000 647.000000 304.000000 2.009943 1.733195 4.301785 -1.968180 1.991981 12.094369 -2.341436 0.942379
Car -1 -1 -10 310.000000 180.000000 408.000000 217.000000 1.508075 1.631897 3.854627 -11.618341 1.904568 33.289744 -3.279406 0.882694
Car -1 -1 -10 49.000000 186.000000 84.000000 211.000000 1.521820 1.624413 3.838297 -40.933005 2.645945 53.781370 -2.316805 0.463151
Car -1 -1 -10 255.000000 186.000000 343.000000 211.000000 1.511324 1.634679 4.051090 -16.177751 2.094841 37.528512 -0.054879 0.177618
Car -1 -1 -10 774.000000 173.000000 925.000000 224.000000 1.481783 1.601885 3.991307 7.119379 1.907320 21.794249 1.394162 0.138188
Car -1 -1 -10 501.000000 178.000000 637.000000 251.000000 1.438484 1.533963 3.580245 0.197753 2.120789 18.520453 2.006609 0.012293
