Pedestrian -1 -1 -10 937.000000 210.000000 1001.000000 350.000000 1.720481 0.660141 0.396900 3.560213 1.786104 7.122597 -1.517128 0.904002
Pedestrian -1 -1 -10 598.000000 174.000000 616.000000 220.000000 1.681112 0.595153 0.831313 0.283309 1.438916 25.023406 2.656316 0.795314
Pedestrian -1 -1 -10 819.000000 198.000000 859.000000 302.000000 1.745578 0.638475 0.630192 3.708757 1.513770 10.980016 -0.686328 0.634344
Pedestrian -1 -1 -10 1041.000000 219.000000 1133.000000 363.000000 1.746073 0.597187 0.765773 5.987222 2.032114 8.483625 3.165100 0.575605
Pedestrian -1 -1 -10 800.000000 198.000000 845.000000 297.000000 1.671625 0.542873 0.698253 3.299735 1.709722 10.798957 1.294567 0.115885
Pedestrian -1 -1 -10 780.000000 198.000000 822.000000 287.000000 1.691131 0.592955 0.696056 3.390460 1.719649 11.731531 2.880395 0.077825
Pedestrian -1 -1 -10 745.000000 202.000000 788.000000 283.000000 1.744293 0.595722 0.643712 2.761243 2.079274 11.661268 0.827026 0.065378
Pedestrian -1 -1 -10 953.000000 233.000000 1237.000000 367.000000 1.745832 0.758274 0.751131 3.089495 1.849158 4.747181 -2.481315 0.057670
Car -1 -1 -10 959.000000 236.000000 1238.000000 368.000000 1.535410 1.544472 3.634746 3.520396 1.776348 4.895257 1.739843 0.121897
Cyclist -1 -1 -10 1017.000000 227.000000 1167.000000 369.000000 1.751769 0.712711 1.813416 2.972473 1.830271 4.387518 2.650524 0.055496
