Pedestrian -1 -1 -10 0.000000 185.000000 140.000000 375.000000 1.796092 0.708036 0.887256 -4.393992 2.411481 5.315871 -2.726613 0.016560
Car -1 -1 -10 677.000000 184.000000 751.000000 238.000000 1.440540 1.578454 3.645260 2.827271 1.757814 20.439435 -1.544558 0.998921
Car -1 -1 -10 259.000000 182.000000 467.000000 252.000000 1.518726 1.613383 3.958769 -5.716322 1.761573 17.763821 0.137617 0.996822
Car -1 -1 -10 734.000000 174.000000 836.000000 221.000000 1.522339 1.646810 3.826128 6.272169 1.679885 25.630875 0.044063 0.992734
Car -1 -1 -10 782.000000 170.000000 1134.000000 374.000000 1.572405 1.582030 3.684638 2.809377 1.604176 6.774444 -1.597261 0.987319
Car -1 -1 -10 368.000000 180.000000 492.000000 225.000000 1.753971 1.641260 4.000808 -6.137056 1.979126 24.861043 0.038945 0.970441
Car -1 -1 -10 0.000000 188.000000 148.000000 374.000000 1.478554 1.618120 4.020103 -5.987704 1.865625 5.371844 0.096765 0.953931
Car -1 -1 -10 -14.000000 179.000000 271.000000 343.000000 1.615439 1.591371 3.936547 -6.142816 1.657340 9.221160 -3.537860 0.934395
Car -1 -1 -10 404.000000 178.000000 519.000000 212.000000 1.547569 1.608375 3.738153 -6.255451 1.631265 32.275077 1.545849 0.707748
Car -1 -1 -10 683.000000 175.000000 733.000000 202.000000 1.532594 1.602490 4.038579 5.702997 1.738640 40.279549 -0.111862 0.425993
Car -1 -1 -10 42.000000 185.000000 339.000000 278.000000 1.619633 1.672310 3.951006 -7.178832 1.774273 12.973795 -3.314194 0.373676
Car -1 -1 -10 193.000000 189.000000 414.000000 266.000000 1.537316 1.597683 3.955883 -6.279071 1.836659 15.921520 0.064812 0.190868
