Pedestrian -1 -1 -10 680.000000 170.000000 695.000000 216.000000 1.768068 0.688655 0.851540 3.205267 1.715673 30.078491 1.225511 0.953665
Car -1 -1 -10 461.000000 182.000000 511.000000 215.000000 1.448353 1.562260 3.699748 -5.602123 1.807511 31.875241 1.177277 0.998739
Car -1 -1 -10 338.000000 183.000000 415.000000 211.000000 1.477444 1.581087 4.033516 -12.635378 2.018275 39.207454 0.397737 0.989860
Car -1 -1 -10 882.000000 192.000000 1237.000000 374.000000 1.492707 1.599540 3.720296 2.926769 1.654168 3.777760 -1.603333 0.978524
Car -1 -1 -10 -3.000000 197.000000 200.000000 375.000000 1.475239 1.602190 3.675508 -5.883001 1.745500 7.379307 1.530636 0.971250
Car -1 -1 -10 108.000000 182.000000 200.000000 235.000000 1.559111 1.619045 3.713068 -15.134254 1.880957 24.286678 1.301873 0.765071
Car -1 -1 -10 28.000000 185.000000 133.000000 236.000000 1.529414 1.624307 3.878890 -18.100171 1.826878 24.966863 -1.681444 0.275417
Car -1 -1 -10 0.000000 192.000000 132.000000 305.000000 1.484554 1.473962 3.461001 -10.296218 1.641170 12.704954 1.507603 0.153611
Car -1 -1 -10 -1.000000 189.000000 67.000000 243.000000 1.482517 1.560210 3.935966 -19.719691 2.013804 23.775903 1.433358 0.142377
Car -1 -1 -10 678.000000 173.000000 696.000000 208.000000 1.510964 1.587224 3.513153 3.865521 1.389723 30.541156 -0.257101 0.017976
Cyclist -1 -1 -10 679.000000 173.000000 697.000000 211.000000 1.801670 0.607160 1.724106 3.249427 1.741182 30.041932 -0.906098 0.011373
