Pedestrian -1 -1 -10 765.000000 172.000000 783.000000 226.000000 1.690792 0.565611 0.635405 5.813044 1.616882 25.053133 2.806254 0.010982
Car -1 -1 -10 733.000000 181.000000 946.000000 317.000000 1.463898 1.581802 3.728841 2.748600 1.596767 9.826826 -1.587462 0.998381
Car -1 -1 -10 470.000000 178.000000 540.000000 235.000000 1.564297 1.649165 3.911500 -3.257320 1.805167 23.012274 -1.574585 0.997726
Car -1 -1 -10 685.000000 177.000000 788.000000 255.000000 1.475889 1.623957 3.990736 2.641920 1.592972 15.699285 -1.582787 0.997405
Car -1 -1 -10 670.000000 177.000000 732.000000 227.000000 1.504036 1.625307 4.008625 3.011355 1.678107 23.850898 -1.581261 0.993412
Car -1 -1 -10 650.000000 176.000000 696.000000 212.000000 1.523389 1.561616 3.661033 2.624258 1.713054 32.157397 -1.586264 0.992663
Car -1 -1 -10 826.000000 181.000000 1223.000000 371.000000 1.550946 1.634356 4.052663 2.581501 1.649490 4.221172 -1.561461 0.988892
Car -1 -1 -10 634.000000 177.000000 668.000000 203.000000 1.563803 1.672760 4.045077 2.046584 1.765852 42.247863 -2.929063 0.885143
Car -1 -1 -10 505.000000 178.000000 549.000000 216.000000 1.518676 1.629086 3.771318 -3.618457 2.035284 33.153185 1.521180 0.483357
Cyclist -1 -1 -10 790.000000 178.000000 805.000000 227.000000 1.696285 0.493321 1.733266 6.412444 1.465562 24.441229 -1.737742 0.025863
Cyclist -1 -1 -10 782.000000 180.000000 815.000000 223.000000 1.697031 0.481972 1.444754 9.333155 1.325976 35.681738 -1.348603 0.011757
