Pedestrian -1 -1 -10 773.000000 165.000000 782.000000 192.000000 1.831223 0.622148 0.821642 12.230979 1.518524 52.528878 2.828777 0.484696
Car -1 -1 -10 834.000000 177.000000 906.000000 239.000000 1.582920 1.614156 3.382641 7.257586 1.778520 19.838573 -1.347653 0.999407
Car -1 -1 -10 690.000000 167.000000 738.000000 207.000000 1.515768 1.625940 3.743387 4.760731 1.532153 32.908306 -1.386916 0.999024
Car -1 -1 -10 912.000000 201.000000 1233.000000 374.000000 1.524888 1.531190 3.554498 3.421397 1.746498 5.884509 -1.344974 0.997246
Car -1 -1 -10 237.000000 170.000000 559.000000 376.000000 1.537123 1.579736 3.670214 -1.748880 1.567729 7.038661 1.797311 0.997207
Car -1 -1 -10 543.000000 174.000000 669.000000 264.000000 1.474798 1.596591 3.767183 0.094308 1.556950 13.802932 -1.329011 0.996485
Car -1 -1 -10 554.000000 163.000000 653.000000 227.000000 1.490861 1.580222 3.991520 0.199525 1.014195 27.393883 0.966902 0.983427
Car -1 -1 -10 720.000000 169.000000 753.000000 200.000000 1.566693 1.597650 3.919871 7.263404 1.413618 40.626381 -1.268015 0.934918
Car -1 -1 -10 5.000000 167.000000 299.000000 372.000000 1.509935 1.576101 3.744610 -2.848399 1.710299 2.421000 -1.493787 0.894545
Car -1 -1 -10 832.000000 177.000000 879.000000 222.000000 1.476329 1.612353 3.660389 8.461002 1.696694 24.507940 -1.304852 0.029941
Cyclist -1 -1 -10 773.000000 165.000000 782.000000 191.000000 1.712349 0.518470 1.631393 12.275497 1.150428 52.309840 1.283761 0.020924
