Pedestrian -1 -1 -10 626.000000 173.000000 648.000000 214.000000 1.697476 0.633882 0.849179 1.336441 1.416597 27.571730 2.655859 0.961542
Pedestrian -1 -1 -10 856.000000 201.000000 897.000000 288.000000 1.791264 0.629391 0.534633 6.451018 1.798138 16.409680 3.374283 0.250024
Pedestrian -1 -1 -10 919.000000 203.000000 979.000000 305.000000 1.663485 0.569022 0.511904 4.212487 1.578036 8.164973 3.430450 0.226891
Pedestrian -1 -1 -10 784.000000 193.000000 813.000000 275.000000 1.732782 0.660311 0.616966 3.366025 1.764308 12.783899 2.829690 0.101040
Pedestrian -1 -1 -10 730.000000 196.000000 761.000000 267.000000 1.705198 0.628422 0.657592 2.721214 2.397875 13.299160 -0.820252 0.069885
Pedestrian -1 -1 -10 745.000000 195.000000 784.000000 271.000000 1.758893 0.553141 0.725916 3.187343 1.785271 13.683513 0.822042 0.035653
Pedestrian -1 -1 -10 924.000000 186.000000 945.000000 250.000000 1.599142 0.534178 0.945314 6.121992 1.455057 13.145407 2.873339 0.032267
Pedestrian -1 -1 -10 918.000000 196.000000 963.000000 264.000000 1.653687 0.488616 0.814633 6.104035 1.657860 13.084002 2.954773 0.022465
Cyclist -1 -1 -10 481.000000 187.000000 534.000000 240.000000 1.736927 0.511564 1.690683 -2.555342 1.656629 20.628703 -2.837626 0.027355
Cyclist -1 -1 -10 916.000000 202.000000 984.000000 301.000000 1.699599 0.581111 1.656612 5.757061 1.436961 12.073794 -1.161361 0.014340
