Car -1 -1 -10 169.000000 199.000000 364.000000 304.000000 1.488856 1.623856 3.918564 -5.803893 2.046843 12.856389 1.576967 0.999387
Car -1 -1 -10 325.000000 195.000000 425.000000 263.000000 1.496430 1.591356 3.868362 -5.859908 2.109527 18.247453 1.559208 0.997735
Car -1 -1 -10 812.000000 154.000000 944.000000 204.000000 1.561504 1.630540 3.956998 9.318802 1.044041 25.010070 3.308486 0.995040
Car -1 -1 -10 381.000000 192.000000 464.000000 245.000000 1.456170 1.595419 3.835384 -5.917968 2.146656 22.949896 1.554535 0.990408
Car -1 -1 -10 663.000000 177.000000 714.000000 212.000000 1.576203 1.611141 3.761752 3.569576 1.809052 34.863716 -1.558037 0.988515
Car -1 -1 -10 428.000000 190.000000 493.000000 228.000000 1.426741 1.615097 3.963766 -5.870819 2.162706 29.014128 1.569467 0.961475
Car -1 -1 -10 475.000000 187.000000 521.000000 218.000000 1.513883 1.640960 3.988866 -5.718259 2.265704 36.628632 1.626728 0.904900
Car -1 -1 -10 1103.000000 142.000000 1216.000000 179.000000 1.537897 1.699577 4.206592 23.344635 0.225846 30.537719 0.034647 0.424362
Car -1 -1 -10 651.000000 178.000000 695.000000 206.000000 1.489918 1.611179 3.783701 3.329786 1.702308 36.327227 -1.568997 0.238263
Car -1 -1 -10 755.000000 162.000000 862.000000 200.000000 1.500575 1.620831 3.932362 8.843404 1.399270 31.010148 -0.187252 0.193438
Car -1 -1 -10 1116.000000 119.000000 1245.000000 364.000000 1.590346 1.628651 3.657063 4.062234 1.061730 3.619576 -1.790359 0.092422
Cyclist -1 -1 -10 1125.000000 120.000000 1241.000000 369.000000 1.747883 0.532104 1.733906 3.176248 1.387531 3.956211 -1.421752 0.029720
