Pedestrian -1 -1 -10 403.000000 174.000000 414.000000 211.000000 1.844783 0.727907 0.860768 -13.382981 2.012240 47.902791 -1.669167 0.057228
Pedestrian -1 -1 -10 415.000000 176.000000 445.000000 242.000000 1.685273 0.719340 0.653221 -4.653851 1.745096 18.391073 1.337903 0.028915
Pedestrian -1 -1 -10 421.000000 178.000000 446.000000 213.000000 1.705730 0.637387 0.631259 -8.676371 2.132966 37.258949 -2.327192 0.018205
Pedestrian -1 -1 -10 361.000000 183.000000 418.000000 241.000000 1.748930 0.716756 0.553867 -6.813373 1.827961 22.169844 2.305549 0.012459
Pedestrian -1 -1 -10 317.000000 186.000000 415.000000 253.000000 1.723258 0.718949 0.857943 -5.444031 2.101482 15.821694 2.724693 0.010717
Car -1 -1 -10 661.000000 178.000000 780.000000 260.000000 1.539667 1.575544 3.540458 2.191068 1.645838 14.958626 -1.706778 0.999562
Car -1 -1 -10 319.000000 189.000000 407.000000 254.000000 1.465850 1.588850 3.698365 -5.880500 1.881529 17.580926 -1.767959 0.996685
Car -1 -1 -10 561.000000 177.000000 605.000000 213.000000 1.484527 1.588753 3.589094 -1.269684 1.768171 33.899219 -1.761346 0.992652
Car -1 -1 -10 796.000000 182.000000 1241.000000 373.000000 1.495483 1.606069 3.864237 2.935609 1.606917 5.951010 1.529140 0.982664
Car -1 -1 -10 351.000000 187.000000 420.000000 241.000000 1.487210 1.637055 4.065340 -7.083238 1.917336 22.811284 1.339575 0.714671
Car -1 -1 -10 1083.000000 231.000000 1245.000000 377.000000 1.512630 1.568612 3.772903 2.849467 1.396554 1.178643 -1.582021 0.303970
Car -1 -1 -10 538.000000 178.000000 570.000000 205.000000 1.562482 1.614410 3.806069 -3.500577 2.001006 44.131319 -1.735591 0.148516
Car -1 -1 -10 617.000000 182.000000 705.000000 230.000000 1.536331 1.601693 3.631868 1.200884 1.675805 21.868353 -1.817598 0.021093
Car -1 -1 -10 618.000000 176.000000 664.000000 205.000000 1.533256 1.576614 3.660545 2.672116 1.400158 33.393711 -2.167194 0.017330
Cyclist -1 -1 -10 412.000000 174.000000 447.000000 248.000000 1.759751 0.570548 1.759985 -4.639257 1.812543 18.304857 1.367385 0.997948
Cyclist -1 -1 -10 446.000000 174.000000 480.000000 239.000000 1.736009 0.560747 1.762964 -4.252961 1.771933 20.549887 1.465459 0.997118
Cyclist -1 -1 -10 1104.000000 204.000000 1239.000000 348.000000 1.687818 0.543187 1.660125 2.271598 1.488752 2.546665 -0.938467 0.065702
Cyclist -1 -1 -10 420.000000 179.000000 449.000000 213.000000 1.680081 0.528696 1.561934 -8.844077 2.233909 37.826112 -1.825811 0.048598
Cyclist -1 -1 -10 317.000000 186.000000 415.000000 253.000000 1.724674 0.689624 1.788874 -5.461482 1.939299 16.118189 2.364775 0.034807
