Car -1 -1 -10 723.000000 177.000000 1033.000000 372.000000 1.683749 1.657755 4.132414 2.548502 1.762763 8.028163 -1.619566 0.998708
Car -1 -1 -10 6.000000 205.000000 405.000000 374.000000 1.484052 1.590938 3.786447 -2.736751 1.764112 4.345813 1.585533 0.990818
Car -1 -1 -10 231.000000 188.000000 413.000000 263.000000 1.535316 1.637876 3.773373 -6.532578 1.946000 16.106444 -3.182503 0.945452
Car -1 -1 -10 380.000000 185.000000 507.000000 227.000000 1.568910 1.592657 3.923762 -5.826500 2.091036 26.348434 0.110632 0.928585
Car -1 -1 -10 641.000000 184.000000 673.000000 210.000000 1.500735 1.639452 3.989404 2.783152 2.033066 41.714308 -1.564446 0.828152
Car -1 -1 -10 39.000000 195.000000 324.000000 313.000000 1.462258 1.615295 4.004182 -6.336433 1.821683 11.234521 -0.008590 0.473858
Car -1 -1 -10 322.000000 188.000000 484.000000 236.000000 1.448738 1.625964 4.025371 -5.313883 1.898478 22.297061 0.117665 0.352472
Car -1 -1 -10 440.000000 181.000000 535.000000 214.000000 1.537306 1.682181 4.076735 -5.942484 2.189357 36.005120 -3.161701 0.250058
Car -1 -1 -10 164.000000 195.000000 367.000000 292.000000 1.507401 1.545328 3.658930 -5.989852 1.862909 11.125258 -3.264810 0.016778
Car -1 -1 -10 -1.000000 213.000000 192.000000 313.000000 1.480346 1.619835 4.046835 -6.367116 1.988597 11.314598 0.004648 0.014190
Car -1 -1 -10 305.000000 188.000000 389.000000 234.000000 1.478762 1.595459 3.863161 -6.491893 1.673200 18.014220 1.790039 0.010318
Cyclist -1 -1 -10 937.000000 181.000000 992.000000 235.000000 1.643429 0.528291 1.611435 9.836010 1.586088 20.423208 3.050505 0.021731
Cyclist -1 -1 -10 951.000000 181.000000 970.000000 236.000000 1.654144 0.461397 1.476728 7.465390 1.340460 15.677805 -1.136692 0.015129
