Car -1 -1 -10 686.000000 186.000000 793.000000 258.000000 1.448029 1.564005 3.528757 2.752776 1.759258 16.370104 -1.702693 0.999522
Car -1 -1 -10 109.000000 191.000000 385.000000 282.000000 1.515277 1.653309 3.918129 -6.495717 1.837837 12.351842 -3.122389 0.998697
Car -1 -1 -10 649.000000 180.000000 709.000000 226.000000 1.438456 1.620412 4.031771 2.343908 1.785806 26.071748 -1.632528 0.997175
Car -1 -1 -10 259.000000 188.000000 444.000000 245.000000 1.494527 1.606935 4.029136 -6.754570 1.852292 18.981287 -3.138745 0.966373
Car -1 -1 -10 379.000000 182.000000 510.000000 223.000000 1.487488 1.612882 3.803825 -5.967538 2.574028 30.146782 2.263768 0.949133
Car -1 -1 -10 1.000000 196.000000 177.000000 360.000000 1.485424 1.612740 3.903073 -6.888544 1.721062 7.540619 -3.180083 0.797423
Car -1 -1 -10 334.000000 185.000000 468.000000 232.000000 1.584115 1.634893 4.029444 -7.049921 1.964817 24.313106 0.116744 0.654556
Car -1 -1 -10 428.000000 176.000000 506.000000 210.000000 1.496695 1.625208 3.839836 -6.440435 1.436544 34.082777 0.755231 0.044652
Car -1 -1 -10 640.000000 180.000000 680.000000 209.000000 1.517771 1.620113 3.999104 2.613908 1.868923 36.980786 -1.613452 0.031005
Car -1 -1 -10 24.000000 198.000000 283.000000 286.000000 1.529333 1.599644 3.854990 -6.029039 1.810379 12.447814 -3.123021 0.025500
