Pedestrian -1 -1 -10 522.000000 171.000000 537.000000 212.000000 1.734926 0.702724 0.562526 -3.641938 1.773637 31.713505 1.430342 0.355531
Pedestrian -1 -1 -10 704.000000 159.000000 719.000000 211.000000 1.865446 0.644513 0.870542 4.184751 1.496424 29.931286 -1.753084 0.221149
Pedestrian -1 -1 -10 479.000000 170.000000 508.000000 245.000000 1.772067 0.707696 0.773242 -2.863612 1.791851 17.965120 1.461654 0.015986
Car -1 -1 -10 5.000000 188.000000 301.000000 374.000000 1.596096 1.621516 3.863132 -4.991057 1.787599 8.053547 1.558920 0.999531
Car -1 -1 -10 820.000000 173.000000 1243.000000 372.000000 1.503083 1.602398 3.655273 2.550583 1.587710 4.349198 -1.567013 0.962849
Car -1 -1 -10 407.000000 183.000000 491.000000 234.000000 1.545639 1.640242 3.990922 -5.519854 1.851384 23.961578 1.623079 0.828847
Car -1 -1 -10 504.000000 177.000000 542.000000 205.000000 1.518307 1.570397 3.848358 -5.217313 1.980698 42.429701 1.794091 0.436324
Car -1 -1 -10 519.000000 173.000000 538.000000 209.000000 1.522285 1.616200 3.887631 -4.708745 2.008704 42.604943 -1.723336 0.017753
Cyclist -1 -1 -10 443.000000 173.000000 484.000000 252.000000 1.753398 0.597753 1.800280 -3.580243 1.770210 17.387152 1.598100 0.999010
Cyclist -1 -1 -10 477.000000 169.000000 510.000000 247.000000 1.813451 0.719821 1.874501 -2.837966 1.777159 17.847159 1.583966 0.998782
Cyclist -1 -1 -10 521.000000 172.000000 538.000000 211.000000 1.766541 0.605487 1.765005 -3.565135 1.683831 31.582485 1.469980 0.947679
Cyclist -1 -1 -10 409.000000 182.000000 489.000000 234.000000 1.730926 0.626635 1.733328 -5.176555 2.138857 22.161774 2.513195 0.869852
Cyclist -1 -1 -10 458.000000 173.000000 501.000000 247.000000 1.824121 0.700091 1.815015 -3.208894 1.724791 17.622336 1.362702 0.265569
Cyclist -1 -1 -10 505.000000 177.000000 542.000000 206.000000 1.699729 0.659219 1.647996 -5.101041 2.509581 40.665105 -0.038824 0.144658
Cyclist -1 -1 -10 448.000000 177.000000 480.000000 221.000000 1.638160 0.291362 1.329110 -4.259792 1.571514 21.503560 -1.769063 0.043792
Cyclist -1 -1 -10 773.000000 161.000000 880.000000 367.000000 1.710346 0.557360 1.787552 2.162841 2.074773 5.370784 1.321452 0.018749
