Car -1 -1 -10 694.000000 182.000000 840.000000 277.000000 1.464291 1.652919 4.037216 2.751180 1.615818 13.323247 -1.599238 0.999738
Car -1 -1 -10 242.000000 184.000000 464.000000 250.000000 1.448576 1.640442 4.081992 -6.043179 1.732481 17.218473 0.073233 0.995675
Car -1 -1 -10 671.000000 178.000000 734.000000 223.000000 1.403873 1.585123 3.863314 3.093161 1.627389 24.079659 -1.574583 0.995528
Car -1 -1 -10 -12.000000 185.000000 328.000000 309.000000 1.511047 1.611065 3.795119 -6.393184 1.729191 9.465980 -3.129241 0.993231
Car -1 -1 -10 646.000000 168.000000 683.000000 199.000000 1.589029 1.655131 3.962083 3.311639 1.582955 43.420897 -1.541648 0.968208
Car -1 -1 -10 896.000000 207.000000 1244.000000 371.000000 1.436876 1.606819 3.923155 2.981006 1.751106 3.318372 -1.634996 0.922380
Car -1 -1 -10 -2.000000 193.000000 200.000000 359.000000 1.509399 1.654556 4.156646 -6.653273 1.699603 6.789487 -3.131362 0.878567
Car -1 -1 -10 335.000000 169.000000 454.000000 225.000000 1.546802 1.597078 3.790375 -6.186685 1.407019 22.074106 -3.026594 0.811178
Car -1 -1 -10 472.000000 173.000000 541.000000 204.000000 1.580818 1.601200 3.803967 -5.605068 1.468333 38.637554 -2.800756 0.204061
Car -1 -1 -10 435.000000 176.000000 534.000000 213.000000 1.504088 1.604512 3.889110 -4.764575 1.696949 33.004817 -2.710595 0.073999
