Pedestrian -1 -1 -10 405.000000 169.000000 418.000000 207.000000 1.777381 0.660993 0.652740 -11.253735 1.672083 40.409489 1.430949 0.175965
Pedestrian -1 -1 -10 397.000000 174.000000 406.000000 207.000000 1.720130 0.592892 0.691731 -11.599081 1.811045 40.228544 -1.939038 0.104244
Pedestrian -1 -1 -10 386.000000 176.000000 409.000000 210.000000 1.765098 0.667327 1.048193 -11.680492 1.846754 40.010093 -0.301922 0.015211
Car -1 -1 -10 751.000000 173.000000 1022.000000 342.000000 1.508591 1.598028 3.614395 2.723179 1.538160 8.067519 -1.645278 0.999122
Car -1 -1 -10 584.000000 173.000000 641.000000 218.000000 1.516293 1.564081 3.532987 -0.041934 1.614528 26.834408 -1.744983 0.998370
Car -1 -1 -10 405.000000 181.000000 447.000000 216.000000 1.515443 1.613442 3.671523 -8.060498 1.905632 31.766917 -1.750085 0.989043
Car -1 -1 -10 143.000000 197.000000 362.000000 310.000000 1.538332 1.572077 3.668543 -5.183884 1.869297 10.800080 -1.850298 0.925251
Car -1 -1 -10 558.000000 175.000000 596.000000 205.000000 1.523593 1.559544 3.633335 -1.696572 1.678111 37.185992 -1.696062 0.889731
Car -1 -1 -10 269.000000 181.000000 399.000000 265.000000 1.472117 1.659851 4.063254 -6.088624 1.791184 15.968882 1.439168 0.441821
Car -1 -1 -10 418.000000 174.000000 454.000000 209.000000 1.562714 1.614808 3.669220 -9.586509 1.698863 40.905989 -1.776996 0.161752
Car -1 -1 -10 659.000000 180.000000 784.000000 253.000000 1.525629 1.603054 3.726504 1.849375 1.477621 14.833394 -1.742443 0.035180
Car -1 -1 -10 250.000000 187.000000 354.000000 325.000000 1.608558 1.566544 3.640981 -3.647098 1.759008 9.911138 0.669647 0.010573
Cyclist -1 -1 -10 353.000000 175.000000 431.000000 296.000000 1.701726 0.521603 1.770280 -3.336991 1.737350 11.029744 1.574773 0.999823
Cyclist -1 -1 -10 261.000000 176.000000 349.000000 329.000000 1.732885 0.537595 1.767634 -3.727598 1.763067 8.728370 1.514868 0.998520
Cyclist -1 -1 -10 273.000000 183.000000 381.000000 276.000000 1.664222 0.455104 1.780993 -5.485004 1.811677 15.475167 1.565768 0.758190
Cyclist -1 -1 -10 159.000000 191.000000 343.000000 302.000000 1.694334 0.694225 1.763464 -4.924155 1.900897 9.554381 -1.398377 0.154677
Cyclist -1 -1 -10 402.000000 181.000000 448.000000 218.000000 1.757200 0.658076 1.785569 -7.714754 2.065512 30.511538 2.869040 0.093676
Cyclist -1 -1 -10 397.000000 174.000000 416.000000 214.000000 1.772287 0.651883 1.819727 -11.420493 1.577054 40.333030 0.142141 0.034086
Cyclist -1 -1 -10 386.000000 176.000000 409.000000 210.000000 1.801213 0.591155 1.752122 -11.653641 1.857698 40.425877 -0.258290 0.023192
Cyclist -1 -1 -10 373.000000 177.000000 415.000000 219.000000 1.727676 0.532548 1.589559 -12.093389 1.587961 38.972295 -1.738890 0.014347
Cyclist -1 -1 -10 396.000000 174.000000 407.000000 208.000000 1.683085 0.617925 1.658102 -11.839948 1.728588 40.408114 1.916706 0.013338
