Pedestrian -1 -1 -10 671.000000 170.000000 681.000000 199.000000 1.731094 0.618340 0.575010 4.248739 1.193453 46.708833 -2.022252 0.028242
Car -1 -1 -10 587.000000 170.000000 637.000000 213.000000 1.629580 1.662625 3.972044 0.284710 1.627504 31.074125 1.680088 0.999593
Car -1 -1 -10 746.000000 179.000000 818.000000 247.000000 1.577948 1.585296 3.317121 4.374619 1.805794 18.211961 -1.476778 0.999276
Car -1 -1 -10 397.000000 180.000000 561.000000 296.000000 1.480492 1.593362 3.769771 -1.851814 1.635099 11.408293 -1.465891 0.998955
Car -1 -1 -10 9.000000 186.000000 409.000000 374.000000 1.527031 1.564656 3.665785 -2.683788 1.623498 4.489834 1.658383 0.994570
Car -1 -1 -10 619.000000 174.000000 652.000000 205.000000 1.513951 1.630050 3.966450 1.301518 1.645292 39.024477 -1.414883 0.980590
Car -1 -1 -10 735.000000 182.000000 783.000000 230.000000 1.478065 1.607779 3.775667 4.918818 1.811090 23.455054 -1.448578 0.977072
Car -1 -1 -10 861.000000 211.000000 1255.000000 376.000000 1.512127 1.604561 3.745995 2.571584 1.707931 3.659777 -1.522278 0.967173
Car -1 -1 -10 438.000000 169.000000 547.000000 224.000000 1.469728 1.580196 4.047248 -4.314766 1.385979 25.274258 0.051206 0.842608
Cyclist -1 -1 -10 670.000000 169.000000 682.000000 198.000000 1.612142 0.440984 1.493281 1.125647 1.361852 14.339676 -1.516695 0.934887
Cyclist -1 -1 -10 448.000000 169.000000 541.000000 219.000000 1.808231 0.789265 1.807707 -3.737502 1.357213 24.538655 0.260082 0.019922
