Pedestrian -1 -1 -10 457.000000 176.000000 471.000000 206.000000 1.866715 0.640092 0.855606 -9.522790 1.646637 46.993854 0.317945 0.288552
Pedestrian -1 -1 -10 521.000000 174.000000 530.000000 203.000000 1.748243 0.615288 0.550448 -5.573902 1.371668 47.386293 0.521256 0.189158
Pedestrian -1 -1 -10 578.000000 171.000000 595.000000 199.000000 1.783963 0.591875 0.746522 -1.354549 1.228075 48.501273 -3.003748 0.044242
Pedestrian -1 -1 -10 508.000000 173.000000 516.000000 199.000000 1.782762 0.665848 0.821691 -6.549006 1.119742 49.625298 -0.128094 0.012234
Pedestrian -1 -1 -10 518.000000 176.000000 539.000000 202.000000 1.744973 0.680359 0.818971 -4.264109 1.735982 40.751694 -1.498227 0.010290
Car -1 -1 -10 524.000000 178.000000 559.000000 204.000000 1.557549 1.645208 3.983205 -3.765931 1.300330 42.579859 -1.600635 0.998227
Car -1 -1 -10 889.000000 150.000000 1007.000000 189.000000 1.537477 1.632299 4.157262 13.831951 0.315411 28.557429 3.082176 0.982120
Cyclist -1 -1 -10 396.000000 181.000000 419.000000 216.000000 1.769369 0.541720 1.846492 -10.546049 1.864983 37.602295 -1.452966 0.971430
Cyclist -1 -1 -10 624.000000 172.000000 656.000000 197.000000 1.748656 0.631681 1.802973 2.148682 1.106531 47.573953 0.027100 0.951692
Cyclist -1 -1 -10 574.000000 174.000000 601.000000 199.000000 1.753504 0.592167 1.669566 -1.418349 1.151877 48.735588 2.511120 0.755957
