Pedestrian -1 -1 -10 748.000000 177.000000 756.000000 203.000000 1.757726 0.568974 0.538656 3.811767 1.584515 19.588209 3.212687 0.028400
Pedestrian -1 -1 -10 749.000000 179.000000 760.000000 211.000000 1.719100 0.571394 0.756818 0.780784 1.466855 4.649412 3.158002 0.011192
Car -1 -1 -10 538.000000 185.000000 580.000000 213.000000 1.494587 1.670377 4.101347 -3.005942 2.224843 40.537604 1.595677 0.999259
Car -1 -1 -10 301.000000 193.000000 445.000000 288.000000 1.496155 1.616780 4.008952 -4.402964 1.944468 13.692061 1.572059 0.998599
Car -1 -1 -10 108.000000 205.000000 353.000000 359.000000 1.453364 1.588553 3.817562 -4.585880 1.894623 9.111238 1.593727 0.995499
Car -1 -1 -10 737.000000 178.000000 841.000000 258.000000 1.679247 1.698141 4.312373 4.233427 1.797042 18.076963 -1.518607 0.984538
Car -1 -1 -10 717.000000 185.000000 772.000000 234.000000 1.492977 1.576972 3.661185 4.521991 2.101864 24.343117 -1.475532 0.964207
Car -1 -1 -10 3.000000 201.000000 185.000000 372.000000 1.496476 1.612309 3.818437 -4.582812 1.708880 4.390244 1.540387 0.927260
Car -1 -1 -10 704.000000 184.000000 753.000000 224.000000 1.564964 1.610618 3.764908 4.754346 2.112539 30.245312 -1.605987 0.806110
Car -1 -1 -10 698.000000 184.000000 735.000000 216.000000 1.530724 1.589845 3.609307 5.239172 2.144286 35.127150 -1.505892 0.375233
Car -1 -1 -10 561.000000 184.000000 590.000000 209.000000 1.539285 1.589671 3.753894 -2.146074 2.451856 46.036539 1.828556 0.237048
