Car -1 -1 -10 782.000000 203.000000 1097.000000 373.000000 1.482249 1.593873 3.638394 2.957881 1.795009 7.328958 -1.607345 0.998706
Car -1 -1 -10 85.000000 178.000000 345.000000 288.000000 1.534135 1.635523 3.831431 -6.558836 1.755937 11.955640 -3.255213 0.990346
Car -1 -1 -10 723.000000 175.000000 869.000000 232.000000 1.694544 1.653738 4.091378 6.146506 1.925173 25.060100 3.067577 0.973608
Car -1 -1 -10 395.000000 183.000000 499.000000 218.000000 1.566257 1.678857 3.942693 -6.732741 1.977374 30.813351 -3.142990 0.961944
Car -1 -1 -10 794.000000 188.000000 1043.000000 280.000000 1.526216 1.588473 4.204213 6.237719 1.883763 14.644527 3.156569 0.915254
Car -1 -1 -10 -10.000000 171.000000 233.000000 377.000000 1.647998 1.619420 4.024688 -6.234238 1.727658 6.805774 -0.041179 0.830585
Car -1 -1 -10 435.000000 180.000000 521.000000 214.000000 1.661215 1.725051 4.231977 -6.698127 1.903441 35.925045 -3.233575 0.810456
Car -1 -1 -10 319.000000 183.000000 453.000000 236.000000 1.566575 1.558159 3.916209 -6.600898 1.821871 21.267910 0.016521 0.684751
Car -1 -1 -10 788.000000 183.000000 956.000000 253.000000 1.524362 1.622652 3.987240 6.506879 1.820049 17.259981 0.066976 0.629850
Car -1 -1 -10 -1.000000 179.000000 82.000000 383.000000 1.533095 1.616447 4.023978 -5.723521 1.845294 4.404727 0.010023 0.050916
Cyclist -1 -1 -10 813.000000 192.000000 1066.000000 286.000000 1.666506 0.664916 1.673318 6.512076 1.721069 14.571640 2.466035 0.027762
