Car -1 -1 -10 788.000000 183.000000 1073.000000 363.000000 1.459480 1.602123 3.631426 3.182977 1.638917 7.976108 -1.547581 0.999248
Car -1 -1 -10 22.000000 183.000000 353.000000 282.000000 1.508760 1.683283 4.229281 -6.619585 1.668425 11.511238 -3.181222 0.999016
Car -1 -1 -10 678.000000 181.000000 736.000000 223.000000 1.483423 1.592971 3.537169 3.527053 1.773711 26.413610 -1.604419 0.998350
Car -1 -1 -10 333.000000 179.000000 476.000000 238.000000 1.559234 1.565731 3.843745 -6.118472 1.653005 21.474021 -3.162304 0.997571
Car -1 -1 -10 382.000000 176.000000 508.000000 226.000000 1.608443 1.672847 4.223028 -5.632925 1.792004 25.042349 0.131781 0.989653
Car -1 -1 -10 233.000000 181.000000 429.000000 249.000000 1.522028 1.642341 3.919595 -6.564704 1.708983 17.055564 -3.159570 0.984946
Car -1 -1 -10 722.000000 176.000000 900.000000 281.000000 1.540388 1.624676 3.783803 3.330573 1.680423 13.030194 -1.561703 0.979345
Car -1 -1 -10 3.000000 224.000000 96.000000 379.000000 1.517278 1.610688 3.997886 -5.403047 1.786507 4.262143 0.001791 0.545848
Car -1 -1 -10 446.000000 176.000000 542.000000 211.000000 1.579631 1.662554 3.937673 -4.791636 1.584196 34.513277 -2.344322 0.496092
Car -1 -1 -10 702.000000 177.000000 789.000000 224.000000 1.519760 1.534291 3.637856 7.244623 1.742319 33.904498 0.016165 0.114204
