Pedestrian -1 -1 -10 98.000000 164.000000 127.000000 262.000000 1.751507 0.655535 0.738971 -12.338625 1.353543 17.948581 1.501462 0.742979
Pedestrian -1 -1 -10 75.000000 169.000000 134.000000 276.000000 1.756935 0.693360 0.564439 -10.555064 1.844234 15.000245 -2.608624 0.011782
Car -1 -1 -10 662.000000 175.000000 736.000000 237.000000 1.736547 1.662327 4.117368 2.670990 1.865523 22.829642 -1.621834 0.997774
Car -1 -1 -10 343.000000 182.000000 473.000000 238.000000 1.534386 1.601362 4.164135 -6.284904 1.897629 20.853471 0.078247 0.989788
Car -1 -1 -10 875.000000 219.000000 1242.000000 374.000000 1.442525 1.582840 3.848849 2.863596 1.726619 3.613582 -1.592730 0.956464
Car -1 -1 -10 206.000000 185.000000 428.000000 263.000000 1.489583 1.565350 3.610107 -6.129623 1.811030 16.486799 0.612913 0.910973
Car -1 -1 -10 377.000000 174.000000 504.000000 225.000000 1.544206 1.651570 3.980762 -6.750197 1.920685 27.021333 -3.139518 0.884616
Car -1 -1 -10 634.000000 180.000000 663.000000 205.000000 1.550426 1.659493 3.975046 2.759523 1.941796 45.673658 -1.499896 0.603341
Car -1 -1 -10 647.000000 181.000000 694.000000 220.000000 1.514618 1.596163 3.913642 2.527998 1.980199 33.896649 -1.583194 0.592055
Car -1 -1 -10 467.000000 178.000000 542.000000 204.000000 1.532560 1.509652 3.253096 -5.758688 2.083765 47.325576 0.969797 0.129144
Car -1 -1 -10 428.000000 177.000000 524.000000 213.000000 1.576415 1.600158 3.757365 -5.903354 1.763124 36.979303 -1.643205 0.092762
Car -1 -1 -10 1.000000 199.000000 167.000000 322.000000 1.582599 1.603891 3.544643 -7.669660 1.901473 10.018614 -2.129510 0.044898
Cyclist -1 -1 -10 199.000000 182.000000 408.000000 280.000000 1.644905 0.565430 1.789191 -4.368241 1.945499 12.139807 2.159923 0.010757
