Pedestrian -1 -1 -10 424.000000 178.000000 442.000000 228.000000 1.867961 0.708228 0.866149 -6.267937 2.004567 25.463447 1.347118 0.957451
Pedestrian -1 -1 -10 405.000000 182.000000 421.000000 222.000000 1.798446 0.695950 0.757365 -7.028612 2.033919 25.368172 -1.807903 0.771817
Pedestrian -1 -1 -10 413.000000 182.000000 423.000000 226.000000 1.707876 0.560998 0.596370 -6.850631 1.881951 25.357148 2.314363 0.067508
Pedestrian -1 -1 -10 410.000000 180.000000 436.000000 230.000000 1.840695 0.652012 0.893474 -6.602831 1.856672 25.386391 -1.536574 0.056057
Pedestrian -1 -1 -10 398.000000 195.000000 474.000000 253.000000 1.776192 0.752309 1.018564 -4.274229 2.219959 17.451870 -3.315217 0.018094
Pedestrian -1 -1 -10 725.000000 184.000000 753.000000 217.000000 1.767351 0.644414 0.641825 5.801305 2.030438 34.186544 0.776887 0.016451
Car -1 -1 -10 699.000000 183.000000 837.000000 281.000000 1.487211 1.569312 3.556359 2.694514 1.713125 12.953427 -1.596665 0.999741
Car -1 -1 -10 394.000000 196.000000 479.000000 253.000000 1.418465 1.580598 3.750022 -4.532613 2.007148 19.202138 -1.633175 0.998950
Car -1 -1 -10 656.000000 183.000000 714.000000 232.000000 1.468813 1.591612 3.507803 2.307589 1.806301 23.239837 -1.585550 0.995674
Car -1 -1 -10 447.000000 181.000000 506.000000 230.000000 1.625201 1.670484 4.266141 -5.022261 2.038098 28.473993 -1.584122 0.990136
Car -1 -1 -10 633.000000 180.000000 666.000000 210.000000 1.573945 1.615380 3.942381 2.201170 1.997314 39.202714 -1.599403 0.984155
Car -1 -1 -10 493.000000 185.000000 532.000000 213.000000 1.585340 1.626752 3.914259 -5.518904 2.229935 42.423392 1.561141 0.729679
Car -1 -1 -10 0.000000 220.000000 120.000000 372.000000 1.543976 1.622479 3.979126 -4.594992 1.832420 3.401067 1.528187 0.496457
Car -1 -1 -10 469.000000 184.000000 517.000000 222.000000 1.506040 1.554103 3.609079 -4.879727 1.920022 27.935726 -1.573242 0.024915
Cyclist -1 -1 -10 725.000000 184.000000 750.000000 217.000000 1.698944 0.572692 1.679466 5.696586 1.979892 33.861882 -1.236161 0.082141
Cyclist -1 -1 -10 406.000000 182.000000 432.000000 223.000000 1.755125 0.675811 1.723878 -6.890673 1.809183 25.568314 0.750941 0.024473
Cyclist -1 -1 -10 418.000000 180.000000 442.000000 226.000000 1.687114 0.674507 1.707829 -6.336707 1.671450 25.607021 0.785054 0.017119
