Pedestrian -1 -1 -10 721.000000 176.000000 734.000000 207.000000 1.675394 0.728181 0.495667 5.995732 1.557489 36.078119 -0.936101 0.020302
Car -1 -1 -10 695.000000 179.000000 828.000000 270.000000 1.461765 1.628365 4.003587 2.638076 1.615652 13.549561 -1.587043 0.999507
Car -1 -1 -10 658.000000 171.000000 708.000000 214.000000 1.473064 1.591929 3.581741 2.902245 1.517544 28.518533 -1.596022 0.997824
Car -1 -1 -10 37.000000 193.000000 374.000000 305.000000 1.450741 1.570070 3.954650 -6.125599 1.750665 10.760050 -3.075083 0.993770
Car -1 -1 -10 180.000000 182.000000 407.000000 263.000000 1.525388 1.555934 3.865224 -6.641717 1.786176 15.922180 0.094755 0.923018
Car -1 -1 -10 379.000000 181.000000 495.000000 223.000000 1.501814 1.614656 3.866611 -5.909030 1.880630 25.243235 -3.181785 0.905838
Car -1 -1 -10 456.000000 176.000000 534.000000 205.000000 1.542541 1.548570 3.276778 -5.713220 1.794981 40.510195 0.788485 0.736360
Car -1 -1 -10 413.000000 178.000000 520.000000 213.000000 1.519397 1.572475 4.125842 -6.829173 1.786987 32.092072 -3.175568 0.457637
Car -1 -1 -10 292.000000 183.000000 466.000000 230.000000 1.726108 1.717529 4.288704 -6.857768 1.757232 21.940337 -3.089644 0.047855
Car -1 -1 -10 6.000000 200.000000 222.000000 299.000000 1.527519 1.572556 3.429014 -6.784220 1.800912 10.427014 -3.234671 0.033235
Car -1 -1 -10 216.000000 180.000000 357.000000 225.000000 1.470606 1.630785 4.107157 -9.390740 1.311987 21.920010 0.028720 0.013181
Car -1 -1 -10 482.000000 175.000000 552.000000 200.000000 1.581866 1.641969 3.946319 -5.628914 1.672614 44.246233 0.216299 0.010723
