Pedestrian -1 -1 -10 401.000000 167.000000 429.000000 245.000000 1.781077 0.719320 0.730589 -4.293301 1.701570 15.903485 -1.405348 0.911006
Pedestrian -1 -1 -10 424.000000 168.000000 442.000000 244.000000 1.746314 0.644408 0.738006 -4.919223 1.306306 19.074147 -1.380777 0.107351
Pedestrian -1 -1 -10 410.000000 169.000000 450.000000 250.000000 1.762445 0.729909 0.679165 -4.764771 1.422536 18.436133 -1.475383 0.022429
Car -1 -1 -10 664.000000 179.000000 717.000000 221.000000 1.378310 1.594163 3.839269 2.881665 1.642141 26.892641 -1.579002 0.998727
Car -1 -1 -10 224.000000 183.000000 481.000000 356.000000 1.516050 1.629872 4.065108 -2.613037 1.678664 8.300481 -1.599994 0.998581
Car -1 -1 -10 404.000000 183.000000 537.000000 279.000000 1.522366 1.635586 3.968058 -2.600531 1.729751 13.538246 -1.523547 0.997751
Car -1 -1 -10 715.000000 183.000000 882.000000 300.000000 1.444385 1.599264 3.768032 2.690028 1.655050 11.088046 -1.574912 0.994972
Car -1 -1 -10 553.000000 178.000000 586.000000 209.000000 1.586413 1.645230 4.079298 -2.312279 1.901327 40.849667 -1.631915 0.991814
Car -1 -1 -10 770.000000 170.000000 1197.000000 375.000000 1.562014 1.634888 3.784089 2.436919 1.599490 5.652182 -1.559399 0.978639
Car -1 -1 -10 648.000000 179.000000 690.000000 208.000000 1.543493 1.644095 4.014196 3.205736 1.850955 39.583640 -1.642359 0.902941
Car -1 -1 -10 643.000000 179.000000 670.000000 204.000000 1.538149 1.541114 3.364933 2.721899 2.275856 50.039063 1.634887 0.255966
Car -1 -1 -10 755.000000 179.000000 971.000000 336.000000 1.535263 1.668955 3.934671 2.433848 1.552604 5.410928 -1.570077 0.016068
Cyclist -1 -1 -10 389.000000 170.000000 434.000000 246.000000 1.766434 0.687477 1.669722 -4.587689 1.442653 16.885003 0.692124 0.154173
Cyclist -1 -1 -10 356.000000 173.000000 471.000000 243.000000 1.646021 0.565115 1.825859 -4.917780 1.197599 18.937592 0.249380 0.025806
Cyclist -1 -1 -10 401.000000 183.000000 537.000000 280.000000 1.690397 0.592308 1.732892 -2.075536 1.707265 12.101161 1.782177 0.016095
