Pedestrian -1 -1 -10 548.000000 163.000000 583.000000 259.000000 1.785768 0.627158 1.051020 -0.779131 1.496275 13.655512 -2.687024 0.999094
Pedestrian -1 -1 -10 867.000000 154.000000 951.000000 358.000000 1.736813 0.660492 0.915769 2.736063 1.481155 6.520839 -1.550588 0.998732
Pedestrian -1 -1 -10 771.000000 165.000000 843.000000 362.000000 1.710309 0.552132 0.809396 1.780973 1.538966 6.509107 -1.680572 0.998254
Pedestrian -1 -1 -10 997.000000 158.000000 1043.000000 269.000000 1.748916 0.656186 0.785528 6.198797 1.932753 10.797676 3.053454 0.996767
Pedestrian -1 -1 -10 205.000000 163.000000 279.000000 339.000000 1.738300 0.644684 1.002216 -3.784728 1.553819 7.491498 -2.017253 0.994838
Pedestrian -1 -1 -10 720.000000 165.000000 746.000000 238.000000 1.709249 0.579187 0.907445 2.960035 1.270176 16.563704 -1.870016 0.977176
Pedestrian -1 -1 -10 1134.000000 147.000000 1188.000000 263.000000 1.712336 0.587351 0.830191 8.162934 1.244876 10.549039 3.252367 0.972407
Pedestrian -1 -1 -10 954.000000 153.000000 989.000000 249.000000 1.700347 0.612715 0.600133 6.720296 1.241031 13.046162 3.111356 0.931701
Pedestrian -1 -1 -10 492.000000 172.000000 512.000000 227.000000 1.794290 0.655959 0.840779 -3.265441 1.446437 22.842843 2.458604 0.546475
Pedestrian -1 -1 -10 126.000000 172.000000 223.000000 329.000000 1.730424 0.775149 0.717213 -5.121285 1.539504 8.583673 -3.671895 0.288788
Pedestrian -1 -1 -10 1017.000000 152.000000 1037.000000 205.000000 1.785646 0.734633 0.469240 9.854663 0.901212 16.784222 2.085109 0.048314
Pedestrian -1 -1 -10 428.000000 170.000000 451.000000 223.000000 1.741831 0.741420 0.702698 -5.719495 1.462397 25.733299 -1.624927 0.044975
Car -1 -1 -10 461.000000 165.000000 539.000000 218.000000 1.708543 1.683161 3.961241 -3.873085 1.202884 26.772789 1.531265 0.039581
Car -1 -1 -10 485.000000 165.000000 522.000000 226.000000 1.912926 1.723076 4.178109 -3.828688 1.363388 27.014964 1.414157 0.018722
Car -1 -1 -10 503.000000 166.000000 545.000000 208.000000 1.666579 1.637702 4.080681 -3.911791 0.983734 34.838865 1.641720 0.011470
Cyclist -1 -1 -10 124.000000 170.000000 222.000000 329.000000 1.696633 0.553838 1.787978 -5.099443 1.585385 8.535599 1.004232 0.918580
Cyclist -1 -1 -10 488.000000 167.000000 526.000000 227.000000 1.740125 0.555846 1.702990 -2.847961 1.365710 22.479150 2.466646 0.322573
Cyclist -1 -1 -10 1131.000000 146.000000 1189.000000 265.000000 1.747530 0.546241 1.693874 8.314808 1.259062 10.749850 3.300901 0.113855
Cyclist -1 -1 -10 197.000000 166.000000 281.000000 329.000000 1.827067 0.531172 1.772691 -3.911739 1.635540 7.517495 -2.449434 0.084615
Cyclist -1 -1 -10 505.000000 166.000000 539.000000 222.000000 1.695900 0.550218 1.770403 -2.547932 1.423210 22.158436 1.593854 0.048907
Cyclist -1 -1 -10 546.000000 163.000000 582.000000 262.000000 1.846602 0.582779 1.759050 -0.809521 1.520089 13.749666 -2.469563 0.015356
