Pedestrian -1 -1 -10 650.000000 163.000000 673.000000 233.000000 1.736162 0.600884 0.793283 1.485623 1.358332 18.976914 -1.939531 0.988073
Pedestrian -1 -1 -10 670.000000 165.000000 697.000000 232.000000 1.769486 0.713943 0.876114 2.116439 1.279993 19.199116 -1.607110 0.984387
Pedestrian -1 -1 -10 952.000000 208.000000 1060.000000 374.000000 1.747070 0.509064 0.746390 2.367261 1.741895 4.511021 3.032326 0.863106
Pedestrian -1 -1 -10 466.000000 164.000000 493.000000 232.000000 1.750701 0.656025 0.895276 -3.147723 1.291066 18.432128 -1.783204 0.812780
Pedestrian -1 -1 -10 1010.000000 178.000000 1219.000000 372.000000 1.759472 0.589830 0.877549 2.861800 1.625972 3.820761 3.243247 0.460835
Pedestrian -1 -1 -10 900.000000 198.000000 1157.000000 374.000000 1.751491 0.686469 0.918533 2.113678 1.731167 3.709689 3.599989 0.257302
Pedestrian -1 -1 -10 1068.000000 180.000000 1180.000000 342.000000 1.754444 0.546218 0.610499 2.929247 1.536176 4.295228 -0.887139 0.062143
Pedestrian -1 -1 -10 547.000000 168.000000 560.000000 203.000000 1.820116 0.651739 0.799434 -2.356030 1.086820 34.918817 -1.723749 0.056700
Car -1 -1 -10 574.000000 167.000000 609.000000 192.000000 1.511347 1.607100 3.830396 -0.585046 0.799978 59.203261 1.991375 0.011010
Cyclist -1 -1 -10 1024.000000 172.000000 1214.000000 367.000000 1.717839 0.707274 1.744651 2.815124 1.537090 3.482141 3.235883 0.303284
Cyclist -1 -1 -10 955.000000 205.000000 1068.000000 376.000000 1.672447 0.507577 1.670980 2.237125 1.542884 3.968385 -1.506452 0.198459
Cyclist -1 -1 -10 623.000000 166.000000 642.000000 201.000000 1.736019 0.601984 1.779801 1.530434 0.976759 35.696354 2.004768 0.181816
Cyclist -1 -1 -10 920.000000 195.000000 1168.000000 373.000000 1.773784 0.593345 1.773529 2.305066 1.548519 3.880954 -1.644548 0.025507
Cyclist -1 -1 -10 466.000000 164.000000 493.000000 232.000000 1.815138 0.562568 1.748877 -3.233403 1.374026 18.461321 -1.925955 0.015530
Cyclist -1 -1 -10 669.000000 164.000000 697.000000 230.000000 1.768362 0.577446 1.676561 2.042949 1.310984 19.335803 -1.502254 0.014909
Cyclist -1 -1 -10 1071.000000 178.000000 1187.000000 305.000000 1.618604 0.429733 1.540248 6.041687 1.229311 8.618963 -1.064391 0.013149
