Car -1 -1 -10 444.000000 180.000000 501.000000 232.000000 1.556900 1.686096 3.566740 -4.545635 1.436442 24.109718 -1.725002 0.999572
Car -1 -1 -10 539.000000 177.000000 620.000000 243.000000 1.535076 1.654941 3.711425 -0.935099 1.387486 19.835012 -1.730007 0.999320
Car -1 -1 -10 79.000000 190.000000 284.000000 292.000000 1.436835 1.606634 3.900596 -6.988189 1.558582 12.364899 -1.717088 0.999143
Car -1 -1 -10 247.000000 184.000000 352.000000 241.000000 1.471810 1.649091 4.166973 -8.837817 1.452988 20.953177 -1.744875 0.997225
Car -1 -1 -10 348.000000 183.000000 398.000000 218.000000 1.463530 1.664087 4.178968 -10.618317 1.414753 32.708421 -1.748847 0.997128
Car -1 -1 -10 -1.000000 203.000000 73.000000 354.000000 1.581914 1.642243 3.852560 -6.348329 1.787261 5.623934 -1.638027 0.262180
Car -1 -1 -10 1.000000 169.000000 90.000000 282.000000 1.542211 1.629617 3.804228 -12.337361 1.411364 13.560676 -3.180997 0.168276
Car -1 -1 -10 380.000000 182.000000 414.000000 211.000000 1.526855 1.632640 3.925344 -12.252464 1.283889 41.382898 -1.794700 0.164684
Car -1 -1 -10 143.000000 189.000000 214.000000 216.000000 1.538879 1.447407 3.202772 -17.743131 1.194889 28.507626 1.130455 0.063536
Car -1 -1 -10 305.000000 183.000000 343.000000 209.000000 1.432748 1.518609 3.206885 -7.087819 1.103403 17.931452 2.043410 0.035102
Car -1 -1 -10 177.000000 189.000000 242.000000 215.000000 1.474656 1.578606 3.751019 -17.027797 1.021153 31.776566 0.643551 0.019900
