Pedestrian -1 -1 -10 636.000000 156.000000 663.000000 230.000000 1.723594 0.627381 0.873701 1.125595 1.156108 17.432552 1.242953 0.989869
Pedestrian -1 -1 -10 81.000000 157.000000 188.000000 374.000000 1.744031 0.752003 0.884906 -4.015198 1.571763 6.060583 0.995040 0.987939
Pedestrian -1 -1 -10 9.000000 161.000000 109.000000 369.000000 1.750015 0.676990 0.731672 -4.626124 1.654301 6.039325 2.006145 0.922591
Pedestrian -1 -1 -10 2.000000 164.000000 61.000000 356.000000 1.806484 0.644069 0.867680 -5.266941 1.594522 6.707055 1.956133 0.870999
Pedestrian -1 -1 -10 492.000000 167.000000 509.000000 214.000000 1.760992 0.704185 0.818599 -3.833818 1.230919 26.791703 -1.214943 0.788602
Pedestrian -1 -1 -10 474.000000 168.000000 492.000000 215.000000 1.716189 0.588235 0.819247 -4.425275 1.153885 26.534487 -1.875149 0.650241
Pedestrian -1 -1 -10 352.000000 167.000000 375.000000 220.000000 1.658176 0.603064 0.817628 -7.947203 1.182530 23.949906 -2.075789 0.278060
Pedestrian -1 -1 -10 43.000000 174.000000 147.000000 361.000000 1.760860 0.563933 0.841672 -4.334450 1.585811 5.973273 2.026527 0.259386
Pedestrian -1 -1 -10 442.000000 167.000000 452.000000 198.000000 1.811877 0.609677 0.659456 -9.189052 1.083072 42.410345 -1.769651 0.217106
Pedestrian -1 -1 -10 1.000000 159.000000 29.000000 362.000000 1.785628 0.691745 0.639361 -5.507799 1.514746 6.789715 0.892148 0.181779
Pedestrian -1 -1 -10 28.000000 163.000000 76.000000 265.000000 1.791201 0.740939 0.659969 -10.270154 1.223314 13.409233 0.996567 0.099641
Pedestrian -1 -1 -10 82.000000 173.000000 335.000000 335.000000 1.726462 0.644462 0.881787 -4.289415 2.002395 8.362888 -3.636900 0.067692
Pedestrian -1 -1 -10 89.000000 162.000000 134.000000 354.000000 1.783973 0.650285 0.787167 -5.194787 1.403786 7.814353 1.974440 0.052880
Pedestrian -1 -1 -10 415.000000 168.000000 425.000000 194.000000 1.802042 0.712168 0.783016 -14.022440 1.034935 55.392521 -0.146651 0.017768
Pedestrian -1 -1 -10 116.000000 183.000000 202.000000 329.000000 1.750095 0.629243 1.130835 -5.088150 1.625681 7.986529 -3.555667 0.013527
Car -1 -1 -10 131.000000 180.000000 355.000000 319.000000 1.549382 1.621879 3.960143 -4.754729 1.604921 10.278921 1.462370 0.995001
Car -1 -1 -10 81.000000 169.000000 208.000000 339.000000 1.559690 1.594724 3.555808 -3.600453 1.371862 7.217119 -0.523816 0.045883
Cyclist -1 -1 -10 367.000000 160.000000 434.000000 282.000000 1.782160 0.658967 1.795748 -3.200287 1.513862 11.302151 1.477830 0.999479
Cyclist -1 -1 -10 350.000000 167.000000 375.000000 220.000000 1.734720 0.590107 1.692677 -8.003869 1.206911 23.923820 -2.044679 0.520188
Cyclist -1 -1 -10 474.000000 167.000000 493.000000 215.000000 1.753533 0.590300 1.711255 -4.429065 1.169937 26.602779 -1.797260 0.080132
Cyclist -1 -1 -10 78.000000 174.000000 212.000000 353.000000 1.735555 0.577757 1.728791 -4.018708 1.586724 6.062122 1.022132 0.032622
Cyclist -1 -1 -10 0.000000 162.000000 78.000000 354.000000 1.685655 0.509637 1.727629 -4.603336 1.563889 5.937123 1.058699 0.027038
