Pedestrian -1 -1 -10 453.000000 174.000000 468.000000 207.000000 1.864926 0.581808 1.029851 -9.272156 1.520749 44.053301 0.304402 0.484567
Pedestrian -1 -1 -10 508.000000 171.000000 517.000000 202.000000 1.795093 0.669381 0.775704 -6.008232 1.169187 45.012065 -2.129454 0.120411
Pedestrian -1 -1 -10 595.000000 168.000000 608.000000 197.000000 1.831827 0.553665 0.882882 -0.281643 1.024363 46.749299 1.009776 0.032965
Pedestrian -1 -1 -10 569.000000 173.000000 581.000000 200.000000 1.758559 0.668542 0.877194 -2.126806 1.179589 45.059639 -2.604318 0.032851
Car -1 -1 -10 517.000000 177.000000 554.000000 205.000000 1.441083 1.603233 3.913791 -3.849522 1.235601 39.168370 -1.605065 0.990603
Car -1 -1 -10 930.000000 147.000000 1068.000000 191.000000 1.568848 1.640866 4.155181 13.879139 0.404964 24.986316 3.119652 0.967351
Cyclist -1 -1 -10 383.000000 179.000000 410.000000 214.000000 1.709289 0.467985 1.754907 -10.414133 1.665639 35.431603 -1.521720 0.964687
Cyclist -1 -1 -10 641.000000 169.000000 675.000000 197.000000 1.747220 0.678070 1.827994 3.215889 1.079151 44.137493 0.024002 0.598810
Cyclist -1 -1 -10 586.000000 171.000000 617.000000 198.000000 1.727901 0.588762 1.763675 -0.299812 1.140160 46.777239 -0.065891 0.075162
Cyclist -1 -1 -10 454.000000 174.000000 470.000000 207.000000 1.812394 0.457435 1.702392 -9.062813 1.468173 43.950796 -0.867371 0.014131
