Car -1 -1 -10 466.000000 171.000000 545.000000 233.000000 1.678127 1.686369 4.048853 -3.041157 1.683274 21.803928 1.589762 0.999749
Car -1 -1 -10 727.000000 179.000000 887.000000 320.000000 1.538710 1.533708 3.403323 2.419172 1.703989 9.661030 -1.535095 0.999594
Car -1 -1 -10 520.000000 174.000000 567.000000 215.000000 1.475588 1.577127 3.692426 -2.991159 1.650838 29.378247 -1.549032 0.997143
Car -1 -1 -10 688.000000 183.000000 795.000000 269.000000 1.480100 1.570342 3.599866 2.390873 1.680866 14.290545 -1.522441 0.994848
Car -1 -1 -10 150.000000 170.000000 387.000000 245.000000 1.469592 1.657845 4.044953 -7.210809 1.439583 15.368445 -3.153502 0.993318
Car -1 -1 -10 0.000000 229.000000 195.000000 371.000000 1.502224 1.610174 3.841881 -3.004253 1.634950 2.101600 -1.564313 0.951998
Car -1 -1 -10 1.000000 239.000000 72.000000 370.000000 1.510758 1.597980 3.779886 -2.530624 1.479434 1.606555 -1.704058 0.032667
Car -1 -1 -10 748.000000 183.000000 868.000000 263.000000 1.534185 1.566852 3.663954 3.981824 1.394182 14.723758 1.218238 0.029811
Cyclist -1 -1 -10 582.000000 168.000000 604.000000 222.000000 1.775429 0.642426 1.830905 -0.587064 1.635594 24.941484 1.689723 0.998709
Cyclist -1 -1 -10 579.000000 169.000000 600.000000 200.000000 1.672850 0.468494 1.478000 -0.592853 1.213294 16.333111 -1.629961 0.017432
