Car -1 -1 -10 124.000000 191.000000 378.000000 332.000000 1.502660 1.623027 3.838508 -4.722412 1.838554 10.122905 1.567851 0.999647
Car -1 -1 -10 510.000000 178.000000 551.000000 209.000000 1.552686 1.587940 3.615093 -4.058294 1.825328 36.990392 1.638056 0.999328
Car -1 -1 -10 332.000000 186.000000 455.000000 265.000000 1.492921 1.562681 3.734413 -4.580795 1.822338 15.676014 1.579104 0.999259
Car -1 -1 -10 783.000000 183.000000 975.000000 299.000000 1.479366 1.626305 3.697735 3.786969 1.581773 10.696172 -1.561235 0.999007
Car -1 -1 -10 405.000000 184.000000 496.000000 239.000000 1.438035 1.629534 3.967719 -4.593043 1.794149 21.014015 1.589458 0.998466
Car -1 -1 -10 725.000000 180.000000 850.000000 255.000000 1.464070 1.631836 4.024949 3.725962 1.633590 16.067452 -1.578020 0.996458
Car -1 -1 -10 703.000000 177.000000 781.000000 232.000000 1.492289 1.586344 3.665347 3.776826 1.672955 21.058609 -1.534497 0.995031
Car -1 -1 -10 912.000000 194.000000 1240.000000 375.000000 1.470686 1.624186 3.859023 3.735577 1.657944 5.279311 -1.567752 0.983889
Car -1 -1 -10 694.000000 176.000000 752.000000 220.000000 1.524761 1.589324 3.582808 4.131475 1.741777 26.533130 -1.533132 0.958997
Car -1 -1 -10 529.000000 176.000000 564.000000 204.000000 1.606747 1.653181 4.127265 -3.669438 1.760347 41.927700 1.639355 0.895155
Car -1 -1 -10 688.000000 176.000000 728.000000 212.000000 1.576747 1.636941 3.964077 4.354313 1.768925 32.208581 -1.548976 0.296747
Car -1 -1 -10 914.000000 171.000000 985.000000 202.000000 1.615844 1.611003 3.615476 13.500373 1.298685 31.050397 2.527542 0.091271
