Pedestrian -1 -1 -10 427.000000 164.000000 458.000000 243.000000 1.809553 0.684618 0.844361 -3.807677 1.429124 16.312501 0.886728 0.970600
Pedestrian -1 -1 -10 408.000000 166.000000 438.000000 242.000000 1.834059 0.680729 1.009575 -4.083918 1.427554 16.003140 1.332642 0.891966
Pedestrian -1 -1 -10 401.000000 168.000000 412.000000 213.000000 1.750750 0.559399 0.734242 -7.804790 1.276321 27.783184 1.345810 0.591270
Pedestrian -1 -1 -10 405.000000 164.000000 425.000000 221.000000 1.800077 0.508010 0.650085 -7.038323 1.875953 25.292685 -1.386637 0.251924
Pedestrian -1 -1 -10 411.000000 161.000000 422.000000 210.000000 1.708592 0.625017 0.623960 -7.554740 1.426948 27.878536 -2.389954 0.207561
Pedestrian -1 -1 -10 405.000000 165.000000 416.000000 213.000000 1.792667 0.545481 0.726246 -7.779601 1.326659 27.745804 0.893645 0.142350
Pedestrian -1 -1 -10 396.000000 167.000000 406.000000 210.000000 1.781850 0.585729 0.661720 -7.928847 1.253115 27.767953 -2.866703 0.037584
Pedestrian -1 -1 -10 413.000000 167.000000 433.000000 219.000000 1.732411 0.589409 0.756274 -1.526625 1.359714 5.414929 2.711942 0.036646
Pedestrian -1 -1 -10 424.000000 167.000000 445.000000 230.000000 1.732483 0.572960 0.681679 -4.150390 1.377585 16.659939 -2.470478 0.019580
Car -1 -1 -10 541.000000 163.000000 585.000000 208.000000 1.821733 1.684162 3.974052 -2.027578 1.139499 33.568261 -1.734667 0.029148
Cyclist -1 -1 -10 396.000000 167.000000 420.000000 211.000000 1.779988 0.609042 1.806641 -7.970171 1.300491 28.058939 -2.369538 0.047454
Cyclist -1 -1 -10 408.000000 163.000000 420.000000 210.000000 1.731425 0.620013 1.634538 -7.740273 1.358657 28.139413 -1.251048 0.012346
