Pedestrian -1 -1 -10 907.000000 136.000000 989.000000 332.000000 1.801159 0.663157 0.991675 3.341079 1.356411 7.054871 1.359110 0.998945
Pedestrian -1 -1 -10 622.000000 143.000000 690.000000 354.000000 1.749726 0.606319 0.879581 0.477403 1.446575 6.471626 1.137849 0.998411
Pedestrian -1 -1 -10 756.000000 153.000000 823.000000 339.000000 1.706369 0.560428 0.697441 1.695418 1.448258 6.857026 1.347170 0.995789
Pedestrian -1 -1 -10 798.000000 150.000000 906.000000 366.000000 1.658595 0.538603 0.533721 1.338743 1.408979 3.614400 0.918028 0.968641
Pedestrian -1 -1 -10 536.000000 150.000000 556.000000 206.000000 1.673686 0.632481 0.819571 -1.852244 0.708002 20.771951 -2.265137 0.943214
Pedestrian -1 -1 -10 635.000000 143.000000 658.000000 202.000000 1.762517 0.596293 0.552977 1.303664 0.515898 21.962692 2.189154 0.924236
Pedestrian -1 -1 -10 1030.000000 161.000000 1230.000000 369.000000 1.745900 0.579127 0.661129 1.493475 1.673322 2.051036 1.165720 0.889059
Pedestrian -1 -1 -10 824.000000 142.000000 888.000000 317.000000 1.706261 0.621128 0.769525 2.494766 1.136526 6.980283 0.393115 0.831904
Pedestrian -1 -1 -10 245.000000 132.000000 275.000000 261.000000 1.728276 0.522594 0.713097 -5.796449 1.006349 11.745875 -0.047175 0.679866
Pedestrian -1 -1 -10 520.000000 141.000000 539.000000 200.000000 1.735059 0.718096 0.686298 -2.215449 0.586611 20.180602 -2.754531 0.662271
Pedestrian -1 -1 -10 256.000000 134.000000 285.000000 250.000000 1.781864 0.623149 0.744907 -5.860643 1.186809 11.936893 -2.614936 0.494965
Pedestrian -1 -1 -10 234.000000 126.000000 265.000000 279.000000 1.756723 0.624694 0.582188 -4.572474 1.876716 8.973662 -2.614901 0.070430
Pedestrian -1 -1 -10 628.000000 149.000000 664.000000 249.000000 1.790005 0.518875 0.659299 0.365235 1.349215 7.554245 0.626319 0.068471
Pedestrian -1 -1 -10 516.000000 143.000000 531.000000 186.000000 1.727804 0.590203 0.711766 -3.633774 0.341019 29.981419 2.490174 0.046990
Pedestrian -1 -1 -10 547.000000 146.000000 561.000000 187.000000 1.739500 0.550947 0.576538 -1.947089 0.363510 28.834005 1.988632 0.045057
Pedestrian -1 -1 -10 238.000000 136.000000 306.000000 245.000000 1.800302 0.540059 0.840819 -5.651317 1.068410 11.860574 0.102072 0.032439
Pedestrian -1 -1 -10 351.000000 141.000000 386.000000 206.000000 1.672903 0.566957 0.561409 -5.611197 1.323130 16.913125 -2.436637 0.017978
Pedestrian -1 -1 -10 859.000000 146.000000 962.000000 346.000000 1.694123 0.523582 0.586022 3.302994 1.137557 7.121705 0.421129 0.010210
Car -1 -1 -10 1039.000000 156.000000 1226.000000 368.000000 1.581541 1.527595 3.361837 6.043641 1.610262 8.172157 2.174085 0.016435
Cyclist -1 -1 -10 341.000000 141.000000 389.000000 209.000000 1.712396 0.502359 1.455928 -7.506994 1.024536 20.685234 -1.903612 0.754955
Cyclist -1 -1 -10 286.000000 146.000000 352.000000 202.000000 1.659236 0.425395 1.646338 -8.280111 0.996162 20.343969 -2.434030 0.267803
Cyclist -1 -1 -10 315.000000 144.000000 369.000000 200.000000 1.685329 0.622837 1.638918 -8.045624 0.929162 21.378169 -1.962289 0.125084
Cyclist -1 -1 -10 238.000000 136.000000 306.000000 245.000000 1.719968 0.575645 1.720404 -5.718121 1.185892 11.886016 0.634204 0.101932
Cyclist -1 -1 -10 633.000000 143.000000 659.000000 206.000000 1.811899 0.621481 1.798892 1.146207 0.531504 21.937806 -2.066260 0.094955
Cyclist -1 -1 -10 268.000000 140.000000 319.000000 214.000000 1.745165 0.639454 1.763535 -7.866381 0.594350 17.467359 1.835594 0.089705
Cyclist -1 -1 -10 309.000000 141.000000 343.000000 197.000000 1.748379 0.501979 1.405245 -6.536811 1.275052 16.074285 -1.976124 0.080187
Cyclist -1 -1 -10 1037.000000 152.000000 1224.000000 365.000000 1.671299 0.658496 1.722379 1.771950 1.368159 2.016595 1.124041 0.068000
Cyclist -1 -1 -10 799.000000 145.000000 905.000000 355.000000 1.672524 0.742775 1.718299 1.445606 1.408463 3.467648 1.054538 0.055558
Cyclist -1 -1 -10 254.000000 133.000000 285.000000 250.000000 1.697031 0.481972 1.444754 -5.565581 1.668715 11.809916 -2.046425 0.034625
Cyclist -1 -1 -10 536.000000 146.000000 557.000000 203.000000 1.742875 0.527817 1.743155 -1.878145 0.739655 20.613586 -2.258020 0.020915
Cyclist -1 -1 -10 244.000000 132.000000 272.000000 261.000000 1.649734 0.681256 1.708812 -5.721034 1.090271 11.511848 2.143115 0.019514
