Pedestrian -1 -1 -10 386.000000 175.000000 399.000000 203.000000 1.759593 0.642951 0.729264 -13.097124 1.309351 43.142112 -0.294834 0.388959
Pedestrian -1 -1 -10 1004.000000 152.000000 1027.000000 215.000000 1.815366 0.649199 0.876791 10.415901 0.924618 18.147338 3.014846 0.033063
Pedestrian -1 -1 -10 1011.000000 163.000000 1036.000000 212.000000 1.757838 0.672580 0.655153 13.328608 1.797684 22.275763 -1.595801 0.015188
Car -1 -1 -10 438.000000 174.000000 470.000000 202.000000 1.545799 1.658503 3.839617 -8.438236 1.152388 39.598180 1.406717 0.997149
Car -1 -1 -10 248.000000 176.000000 325.000000 221.000000 1.756618 1.676882 4.248698 -14.340675 1.803945 32.071833 1.513570 0.994315
Car -1 -1 -10 905.000000 160.000000 1062.000000 208.000000 1.460044 1.628587 3.879330 12.252259 0.884582 23.830167 0.087986 0.990979
Car -1 -1 -10 -1.000000 202.000000 293.000000 365.000000 1.547656 1.616826 3.859050 -3.127758 1.678352 3.385961 -1.582903 0.977838
Cyclist -1 -1 -10 386.000000 174.000000 398.000000 204.000000 1.659297 0.596868 1.669240 -12.959332 1.980030 42.864735 1.774781 0.054285
Cyclist -1 -1 -10 7.000000 201.000000 276.000000 360.000000 1.696607 0.712916 1.954753 -2.719493 1.692362 3.662509 1.605204 0.015994
Cyclist -1 -1 -10 909.000000 159.000000 1060.000000 206.000000 1.668185 0.490877 1.490172 7.390500 1.183665 14.005016 -1.116425 0.013990
