Pedestrian -1 -1 -10 309.000000 163.000000 342.000000 270.000000 1.776882 0.686136 0.712506 -4.706821 1.627193 11.730536 -1.513781 0.967536
Pedestrian -1 -1 -10 354.000000 170.000000 386.000000 282.000000 1.749999 0.565932 0.685512 -4.908670 1.496651 14.475013 1.825259 0.818938
Pedestrian -1 -1 -10 311.000000 168.000000 374.000000 276.000000 1.742416 0.576230 0.558864 -4.642661 1.494548 12.104123 -2.024580 0.404034
Pedestrian -1 -1 -10 348.000000 175.000000 422.000000 279.000000 1.735101 0.625463 0.645448 -4.680232 1.590043 14.060601 -1.486278 0.185796
Pedestrian -1 -1 -10 998.000000 93.000000 1098.000000 299.000000 1.651340 0.569241 0.575309 4.736817 0.579064 7.232343 3.018720 0.140930
Pedestrian -1 -1 -10 281.000000 173.000000 350.000000 277.000000 1.758970 0.685334 0.649816 -4.702660 1.615269 11.660360 -1.476540 0.072278
Pedestrian -1 -1 -10 307.000000 180.000000 477.000000 272.000000 1.733278 0.658647 0.741829 -2.894487 1.925421 11.656947 -2.412132 0.058475
Car -1 -1 -10 662.000000 180.000000 730.000000 232.000000 1.460593 1.602397 3.873459 2.475102 1.648333 21.915997 -1.591146 0.999000
Car -1 -1 -10 763.000000 183.000000 1195.000000 376.000000 1.473223 1.620926 3.797351 2.487181 1.603326 6.103837 -1.604086 0.998386
Car -1 -1 -10 532.000000 179.000000 569.000000 214.000000 1.555518 1.660970 4.072381 -2.885504 1.902996 35.727457 -1.645255 0.996201
Car -1 -1 -10 189.000000 192.000000 490.000000 361.000000 1.528714 1.664494 4.104240 -2.775567 1.766292 8.410531 -1.528783 0.992037
Car -1 -1 -10 -12.000000 199.000000 346.000000 375.000000 1.498439 1.624662 3.926284 -2.722571 1.636782 3.509049 -1.602720 0.956636
Car -1 -1 -10 639.000000 179.000000 689.000000 213.000000 1.523330 1.630732 3.988585 2.553137 1.819165 34.623839 -1.678340 0.954883
Car -1 -1 -10 338.000000 187.000000 488.000000 265.000000 1.523411 1.636207 4.022056 -3.631212 1.734071 13.217973 -1.698575 0.777710
Car -1 -1 -10 632.000000 179.000000 666.000000 206.000000 1.619447 1.636395 3.668283 2.278353 1.945307 50.805097 -1.539967 0.468876
Car -1 -1 -10 254.000000 186.000000 460.000000 293.000000 1.490525 1.600590 3.786899 -3.824946 1.541855 12.519129 1.742877 0.086593
Car -1 -1 -10 1119.000000 216.000000 1239.000000 368.000000 1.528690 1.552477 3.475459 2.584510 1.429540 3.179861 -0.909519 0.074294
Car -1 -1 -10 348.000000 175.000000 422.000000 279.000000 1.524453 1.585656 3.711986 -3.352530 1.330029 13.065017 1.764981 0.019958
Cyclist -1 -1 -10 348.000000 185.000000 485.000000 267.000000 1.679918 0.717545 1.792931 -2.979869 1.685521 12.540447 1.837259 0.160163
Cyclist -1 -1 -10 348.000000 174.000000 403.000000 280.000000 1.652665 0.500332 1.719012 -4.895458 1.346556 14.431878 -2.056580 0.073181
Cyclist -1 -1 -10 287.000000 172.000000 352.000000 278.000000 1.691443 0.663572 1.763457 -4.651152 1.337548 11.743167 0.649005 0.042091
Cyclist -1 -1 -10 180.000000 192.000000 494.000000 355.000000 1.738353 0.694860 1.843411 -2.295698 1.862841 6.930958 -1.405887 0.010785
