Car -1 -1 -10 574.000000 174.000000 611.000000 208.000000 1.553103 1.613036 3.740210 -0.795488 0.981528 36.758389 -1.582503 0.999556
Car -1 -1 -10 456.000000 180.000000 510.000000 219.000000 1.454915 1.575011 3.720745 -4.734851 1.261862 28.001351 -1.584614 0.998938
Car -1 -1 -10 88.000000 183.000000 368.000000 346.000000 1.458353 1.589546 3.719859 -4.295440 1.539197 8.905014 -1.530901 0.998397
Car -1 -1 -10 368.000000 180.000000 468.000000 245.000000 1.492355 1.635579 4.049145 -4.783290 1.367986 18.812945 -1.603611 0.998321
Car -1 -1 -10 322.000000 179.000000 397.000000 224.000000 1.482564 1.637186 3.876079 -8.916247 1.287853 25.665916 -1.579282 0.869422
Car -1 -1 -10 4.000000 164.000000 111.000000 264.000000 1.893935 1.721676 4.164205 -12.327744 1.492612 14.091524 -1.577596 0.611137
Car -1 -1 -10 159.000000 176.000000 324.000000 251.000000 1.492907 1.617721 3.729778 -8.589261 1.125555 16.661830 -1.550293 0.517326
Car -1 -1 -10 379.000000 178.000000 441.000000 207.000000 1.560464 1.617158 3.737256 -12.584209 1.217041 43.367414 -1.839964 0.257732
Car -1 -1 -10 252.000000 178.000000 311.000000 207.000000 1.538264 1.631070 3.877417 -12.288986 1.181239 26.176470 -1.539432 0.013379
Car -1 -1 -10 204.000000 179.000000 318.000000 224.000000 1.517019 1.642565 3.969775 -12.289944 1.251308 26.077411 -1.527107 0.010639
