Car -1 -1 -10 745.000000 190.000000 988.000000 348.000000 1.454005 1.582937 3.612616 2.852005 1.708549 8.689861 -1.572487 0.998288
Car -1 -1 -10 -3.000000 180.000000 277.000000 327.000000 1.563224 1.560163 3.879862 -6.244597 1.652914 8.873183 0.352846 0.997584
Car -1 -1 -10 636.000000 178.000000 669.000000 205.000000 1.429988 1.603920 3.847452 2.399720 1.834554 42.338088 -1.646558 0.994883
Car -1 -1 -10 801.000000 175.000000 1069.000000 271.000000 1.666669 1.658417 4.133405 5.964518 1.714029 13.687566 -0.037789 0.990803
Car -1 -1 -10 266.000000 180.000000 435.000000 247.000000 1.601946 1.621216 4.054961 -6.583688 1.722846 17.726644 -3.281236 0.990024
Car -1 -1 -10 324.000000 175.000000 458.000000 234.000000 1.614162 1.648506 3.930829 -6.483851 1.752746 23.645722 -1.851432 0.948307
Car -1 -1 -10 726.000000 180.000000 824.000000 226.000000 1.478250 1.546150 3.675347 6.589239 1.971587 26.113840 -0.088079 0.930260
Car -1 -1 -10 764.000000 180.000000 882.000000 238.000000 1.498174 1.595968 3.801958 5.902984 1.738534 19.543362 -0.165443 0.914420
Car -1 -1 -10 58.000000 182.000000 404.000000 263.000000 1.514593 1.593759 3.976592 -6.809333 1.575526 13.419458 -3.288229 0.794933
Car -1 -1 -10 429.000000 178.000000 525.000000 211.000000 1.558502 1.576333 3.669535 -6.025120 1.858784 36.999088 0.049043 0.637028
Cyclist -1 -1 -10 551.000000 176.000000 563.000000 207.000000 1.722084 0.603686 1.758979 -2.902507 1.937529 39.321807 1.617720 0.012467
