Pedestrian -1 -1 -10 672.000000 165.000000 743.000000 329.000000 1.714754 0.759877 0.805361 1.138460 1.524890 7.974600 -1.619386 0.994331
Pedestrian -1 -1 -10 621.000000 168.000000 684.000000 334.000000 1.671742 0.648157 0.828459 0.527706 1.497196 7.793497 -1.862836 0.992574
Pedestrian -1 -1 -10 190.000000 166.000000 263.000000 337.000000 1.729252 0.656004 0.942998 -4.005083 1.553833 7.559720 -2.010100 0.973411
Pedestrian -1 -1 -10 210.000000 169.000000 328.000000 360.000000 1.636572 0.586389 0.647698 -2.416994 1.532667 5.475213 1.588945 0.248700
Pedestrian -1 -1 -10 764.000000 165.000000 796.000000 246.000000 1.722719 0.631647 0.773551 3.792557 1.391421 15.350826 -1.403664 0.179539
Pedestrian -1 -1 -10 695.000000 169.000000 778.000000 304.000000 1.679575 0.467209 0.775701 1.634161 1.629603 8.748458 0.718200 0.156314
Pedestrian -1 -1 -10 733.000000 166.000000 766.000000 245.000000 1.780868 0.638937 0.766114 3.821040 1.369974 18.973395 1.728780 0.079144
Pedestrian -1 -1 -10 669.000000 169.000000 690.000000 258.000000 1.744714 0.628337 0.699120 2.050137 1.516588 19.115706 -1.562057 0.035434
Pedestrian -1 -1 -10 734.000000 164.000000 753.000000 222.000000 1.706197 0.603430 0.651129 3.840870 1.215863 18.904599 -0.792380 0.022049
Pedestrian -1 -1 -10 634.000000 175.000000 662.000000 217.000000 1.785492 0.655706 0.701425 2.299019 1.600925 35.882880 3.152151 0.015746
Pedestrian -1 -1 -10 655.000000 174.000000 671.000000 230.000000 1.681719 0.553718 0.696650 1.099853 1.676820 14.720362 0.225217 0.015679
Pedestrian -1 -1 -10 642.000000 168.000000 703.000000 276.000000 1.692843 0.623413 0.670714 1.473759 2.344858 12.647427 -0.930711 0.012734
Car -1 -1 -10 488.000000 172.000000 534.000000 212.000000 1.832900 1.734712 4.198856 -4.821793 1.475131 39.845521 1.554662 0.032822
Cyclist -1 -1 -10 383.000000 168.000000 455.000000 295.000000 1.777371 0.630250 1.748747 -2.790198 1.624353 10.782131 1.737896 0.999869
Cyclist -1 -1 -10 225.000000 170.000000 360.000000 377.000000 1.715111 0.523868 1.747802 -2.361415 1.612508 5.511205 1.532294 0.999377
Cyclist -1 -1 -10 716.000000 162.000000 791.000000 290.000000 1.630613 0.517217 1.640204 2.082161 1.644911 9.670012 -1.424005 0.626225
Cyclist -1 -1 -10 191.000000 167.000000 293.000000 356.000000 1.712709 0.686436 1.749422 -3.897564 1.563028 7.514347 -1.351677 0.546413
Cyclist -1 -1 -10 757.000000 166.000000 800.000000 249.000000 1.732327 0.542359 1.649405 3.915935 1.368758 15.771050 2.326466 0.129606
Cyclist -1 -1 -10 684.000000 165.000000 754.000000 319.000000 1.789181 0.636156 1.626654 1.142322 1.579989 8.070622 -1.500168 0.124023
Cyclist -1 -1 -10 728.000000 163.000000 770.000000 263.000000 1.774456 0.400349 1.645811 3.872567 1.409898 18.903333 1.751462 0.061580
Cyclist -1 -1 -10 391.000000 176.000000 412.000000 224.000000 1.638900 0.454402 1.483763 -3.747622 1.074831 13.137313 -1.878809 0.040019
Cyclist -1 -1 -10 771.000000 166.000000 924.000000 339.000000 1.721404 0.464998 1.791539 2.436176 1.767242 7.234947 -0.279403 0.029531
Cyclist -1 -1 -10 1143.000000 196.000000 1235.000000 268.000000 1.618007 0.342410 1.392674 7.392365 1.487725 8.846477 -0.919777 0.015244
Cyclist -1 -1 -10 220.000000 184.000000 323.000000 315.000000 1.630721 0.513028 1.573980 -2.407111 1.389010 5.493117 1.662031 0.010538
