Pedestrian -1 -1 -10 354.000000 146.000000 460.000000 368.000000 1.703476 0.733201 0.803375 -1.610812 1.447559 6.099259 1.916535 0.997915
Pedestrian -1 -1 -10 992.000000 124.000000 1195.000000 372.000000 1.727797 0.660395 0.890869 2.115744 1.346840 3.188091 -1.629862 0.940158
Pedestrian -1 -1 -10 751.000000 150.000000 766.000000 200.000000 1.770334 0.639461 0.649372 5.788771 0.439951 26.275341 -1.441161 0.362847
Pedestrian -1 -1 -10 985.000000 161.000000 1102.000000 367.000000 1.699792 0.654869 0.674038 2.032770 1.421118 3.170440 0.613896 0.296139
Pedestrian -1 -1 -10 561.000000 155.000000 569.000000 185.000000 1.775930 0.513217 0.679944 -2.475735 0.113480 48.532643 -3.150778 0.170123
Pedestrian -1 -1 -10 588.000000 158.000000 601.000000 185.000000 1.719120 0.699209 0.832130 -0.597496 0.419422 46.964936 -1.078081 0.070419
Pedestrian -1 -1 -10 548.000000 155.000000 561.000000 196.000000 1.700594 0.624853 0.824916 -1.788071 1.072994 26.399533 -1.583958 0.053846
Pedestrian -1 -1 -10 998.000000 178.000000 1032.000000 288.000000 1.797133 0.677458 0.639082 5.831491 1.337322 10.233568 -0.990774 0.034988
Pedestrian -1 -1 -10 578.000000 160.000000 592.000000 185.000000 1.751040 0.652741 0.798533 -1.094628 0.294759 47.009117 0.119050 0.030240
Pedestrian -1 -1 -10 558.000000 156.000000 566.000000 186.000000 1.839192 0.520536 0.862243 -2.561989 0.459592 47.997719 0.597401 0.016732
Pedestrian -1 -1 -10 1120.000000 168.000000 1238.000000 373.000000 1.735409 0.732015 0.559117 4.179502 1.926834 5.119913 -0.851617 0.012085
Car -1 -1 -10 178.000000 135.000000 500.000000 346.000000 1.936669 1.735247 4.238907 -2.737360 1.396755 8.485179 1.686673 0.683523
Car -1 -1 -10 420.000000 144.000000 558.000000 253.000000 1.770471 1.598575 3.890621 -2.183051 1.025759 15.034158 1.640012 0.577597
Car -1 -1 -10 330.000000 138.000000 478.000000 360.000000 1.730044 1.681203 3.987547 -1.201020 1.373971 7.410645 0.758544 0.494126
Car -1 -1 -10 335.000000 153.000000 526.000000 269.000000 1.571859 1.695564 4.089871 -2.554863 1.202620 10.515476 1.636408 0.027419
Cyclist -1 -1 -10 996.000000 113.000000 1214.000000 378.000000 1.735868 0.662699 1.774427 2.117971 1.247949 3.201121 1.047860 0.070786
Cyclist -1 -1 -10 1120.000000 168.000000 1238.000000 373.000000 1.638145 0.543349 1.534451 2.856419 1.298397 3.868819 3.692274 0.014453
