Pedestrian -1 -1 -10 0.000000 229.000000 32.000000 365.000000 1.600576 0.426532 0.630113 -4.500597 2.044545 5.267933 -0.106980 0.030285
Pedestrian -1 -1 -10 0.000000 231.000000 22.000000 301.000000 1.728080 0.545373 0.540078 -9.079892 1.803424 11.218098 2.317036 0.018645
Car -1 -1 -10 671.000000 174.000000 764.000000 248.000000 1.619740 1.666777 4.105751 2.647944 1.739575 18.819015 -1.598699 0.997403
Car -1 -1 -10 268.000000 183.000000 443.000000 249.000000 1.546241 1.524995 4.063572 -6.485514 1.826537 17.902414 -3.275171 0.993619
Car -1 -1 -10 333.000000 171.000000 466.000000 235.000000 1.569599 1.620826 3.982643 -6.686918 1.587954 22.798951 -3.248706 0.991405
Car -1 -1 -10 169.000000 181.000000 396.000000 269.000000 1.524264 1.618661 3.808083 -6.509931 1.748264 13.687910 -3.083133 0.967044
Car -1 -1 -10 652.000000 180.000000 713.000000 223.000000 1.547489 1.608824 3.925400 2.565993 1.846327 29.970649 -1.563870 0.882632
Car -1 -1 -10 635.000000 179.000000 670.000000 205.000000 1.548547 1.635179 3.837111 2.437850 1.825678 41.750418 -1.583133 0.676912
Car -1 -1 -10 375.000000 172.000000 503.000000 221.000000 1.748054 1.640118 4.061865 -6.572112 1.735416 25.594678 -0.160610 0.293651
Car -1 -1 -10 969.000000 215.000000 1229.000000 369.000000 1.517618 1.613253 3.882080 3.212810 1.542243 5.204280 1.001147 0.254100
Car -1 -1 -10 424.000000 174.000000 513.000000 212.000000 1.559079 1.639532 3.995948 -6.740775 1.661957 32.566608 -3.199933 0.169509
Car -1 -1 -10 452.000000 176.000000 531.000000 205.000000 1.588751 1.471365 2.840538 -5.486044 1.893364 42.856345 0.979985 0.149621
Car -1 -1 -10 79.000000 188.000000 348.000000 296.000000 1.567161 1.624977 4.030649 -6.801622 1.791559 12.963270 -3.143964 0.126184
Cyclist -1 -1 -10 968.000000 203.000000 1231.000000 371.000000 1.681822 0.768886 1.788278 2.512380 1.957929 3.949765 0.608773 0.111404
Cyclist -1 -1 -10 0.000000 223.000000 33.000000 373.000000 1.721834 0.654554 1.779767 -4.525229 1.932450 5.141699 1.950451 0.099612
Cyclist -1 -1 -10 0.000000 231.000000 29.000000 306.000000 1.771225 0.549770 1.298567 -9.453348 1.909395 11.272878 0.310441 0.022601
Cyclist -1 -1 -10 4.000000 210.000000 103.000000 337.000000 1.702326 0.724136 1.811969 -4.517541 1.856977 5.072659 1.479688 0.014325
Cyclist -1 -1 -10 96.000000 183.000000 363.000000 283.000000 1.697969 0.732885 1.732437 -4.487038 2.478116 10.130932 -0.366204 0.012811
