Pedestrian -1 -1 -10 679.000000 174.000000 756.000000 236.000000 1.730429 0.730610 1.048124 2.579744 1.686727 18.670292 0.002925 0.015245
Car -1 -1 -10 465.000000 170.000000 530.000000 217.000000 1.540812 1.670627 4.006596 -3.958837 1.465437 25.818437 1.563373 0.997848
Car -1 -1 -10 680.000000 175.000000 755.000000 236.000000 1.565880 1.586666 3.663519 2.918444 1.657310 20.332210 -1.630424 0.995485
Car -1 -1 -10 654.000000 172.000000 720.000000 222.000000 1.545210 1.628773 3.847740 2.436055 1.548405 24.921722 -1.612436 0.993931
Car -1 -1 -10 772.000000 187.000000 1068.000000 367.000000 1.452321 1.603205 3.913971 3.138142 1.739264 8.251037 -1.580720 0.993678
Car -1 -1 -10 717.000000 181.000000 872.000000 280.000000 1.549210 1.566646 3.412626 3.161215 1.746010 13.483351 -1.635171 0.992965
Car -1 -1 -10 225.000000 170.000000 454.000000 325.000000 1.558240 1.599415 3.889231 -3.384842 1.605684 9.550625 1.540154 0.991663
Car -1 -1 -10 636.000000 172.000000 686.000000 210.000000 1.488707 1.620695 4.037070 2.242384 1.509569 30.604788 -1.624705 0.892115
Car -1 -1 -10 1033.000000 221.000000 1245.000000 373.000000 1.486801 1.602442 3.845851 3.480329 1.819088 2.598281 1.541155 0.840975
Car -1 -1 -10 495.000000 170.000000 536.000000 207.000000 1.483471 1.559377 3.657983 -3.881258 1.435936 31.572347 1.601723 0.357108
Car -1 -1 -10 0.000000 128.000000 361.000000 377.000000 1.632225 1.652472 4.144473 -2.931376 1.381423 3.868959 1.515319 0.335759
