Car -1 -1 -10 277.000000 189.000000 409.000000 270.000000 1.544304 1.552288 3.641791 -5.738977 1.972896 15.968434 1.569366 0.999193
Car -1 -1 -10 744.000000 178.000000 964.000000 317.000000 1.477943 1.608031 3.832739 3.065256 1.563146 9.960837 -1.613988 0.997693
Car -1 -1 -10 373.000000 189.000000 455.000000 245.000000 1.467267 1.587662 3.873532 -5.740696 2.001842 21.193540 1.544009 0.997456
Car -1 -1 -10 708.000000 179.000000 818.000000 257.000000 1.486813 1.554633 3.431221 3.125744 1.655621 15.265408 -1.669849 0.986751
Car -1 -1 -10 692.000000 180.000000 767.000000 230.000000 1.483472 1.628809 3.799658 3.509285 1.628105 20.994907 -1.555770 0.895656
Car -1 -1 -10 842.000000 165.000000 924.000000 203.000000 1.489330 1.520140 3.584943 12.280735 1.158760 32.560670 0.336027 0.397818
Car -1 -1 -10 1111.000000 221.000000 1243.000000 374.000000 1.526791 1.578412 3.669492 3.183133 1.565479 1.799285 -1.570720 0.069904
Car -1 -1 -10 2.000000 186.000000 99.000000 260.000000 1.546933 1.570417 3.805474 -14.884293 1.936923 17.774321 -0.254022 0.061721
Car -1 -1 -10 836.000000 177.000000 929.000000 237.000000 1.510849 1.577565 3.694691 2.931234 1.393757 9.543425 2.508960 0.019654
Cyclist -1 -1 -10 835.000000 168.000000 928.000000 217.000000 1.726113 0.758399 1.806572 11.060397 1.692708 29.626832 2.392769 0.011243
