Pedestrian -1 -1 -10 1070.000000 157.000000 1245.000000 367.000000 1.822916 0.701030 0.815559 2.447080 2.067856 3.054062 3.295969 0.043612
Car -1 -1 -10 307.000000 188.000000 432.000000 260.000000 1.507096 1.603050 3.863123 -5.659010 1.926652 17.426692 1.598676 0.999699
Car -1 -1 -10 382.000000 186.000000 467.000000 237.000000 1.480522 1.589984 3.749116 -5.709431 1.934520 22.759313 1.583884 0.996482
Car -1 -1 -10 788.000000 154.000000 898.000000 193.000000 1.577953 1.588275 3.745101 9.341745 0.838550 29.580083 3.042723 0.982047
Car -1 -1 -10 1066.000000 172.000000 1234.000000 370.000000 1.513317 1.604944 3.947147 3.352454 1.760697 2.027422 1.592696 0.964442
Car -1 -1 -10 426.000000 184.000000 492.000000 227.000000 1.441822 1.540560 3.664302 -5.600781 1.940203 27.483574 1.593779 0.957640
Car -1 -1 -10 0.000000 206.000000 179.000000 373.000000 1.696700 1.648127 3.930967 -5.958987 2.008619 6.345620 -1.586513 0.754258
Car -1 -1 -10 665.000000 173.000000 705.000000 202.000000 1.544701 1.622387 3.880220 3.455879 1.386788 35.395834 -1.564691 0.706083
Car -1 -1 -10 464.000000 183.000000 513.000000 214.000000 1.449529 1.615921 3.902784 -5.553551 1.909286 33.587782 1.576065 0.693776
Car -1 -1 -10 1122.000000 132.000000 1240.000000 174.000000 1.596057 1.684737 4.128659 23.091143 0.126030 29.079092 -0.019139 0.581493
Car -1 -1 -10 739.000000 157.000000 850.000000 192.000000 1.623840 1.657705 4.001378 9.308189 1.053219 34.856929 2.575288 0.333195
Car -1 -1 -10 496.000000 179.000000 538.000000 207.000000 1.562103 1.625828 3.964248 -5.228374 2.016312 41.248876 1.647674 0.298770
Car -1 -1 -10 1070.000000 138.000000 1187.000000 173.000000 1.554849 1.669830 3.851755 23.071819 -0.006796 32.362653 2.001264 0.181258
Car -1 -1 -10 1029.000000 142.000000 1113.000000 172.000000 1.482822 1.645996 4.027954 23.467956 -0.005854 36.274768 3.220479 0.153221
Cyclist -1 -1 -10 1053.000000 144.000000 1245.000000 378.000000 1.710881 0.659101 1.760759 2.745095 1.791942 2.750900 -1.567545 0.024246
