Pedestrian -1 -1 -10 0.000000 199.000000 154.000000 377.000000 1.646557 0.628825 0.552643 -3.009245 1.651773 3.855109 1.376081 0.234133
Car -1 -1 -10 661.000000 180.000000 758.000000 250.000000 1.460450 1.619049 3.961634 2.244817 1.690726 17.391377 -1.617726 0.999369
Car -1 -1 -10 638.000000 174.000000 680.000000 211.000000 1.532510 1.600195 3.747331 2.104742 1.644919 32.650248 -1.639000 0.992542
Car -1 -1 -10 12.000000 192.000000 378.000000 289.000000 1.383549 1.587665 4.062134 -6.753358 1.693081 11.802568 -3.107598 0.978555
Car -1 -1 -10 183.000000 186.000000 410.000000 266.000000 1.444446 1.569395 3.942153 -6.318873 1.716977 14.616484 -3.029394 0.972948
Car -1 -1 -10 375.000000 181.000000 494.000000 220.000000 1.695079 1.700642 4.018904 -6.674819 1.887675 29.147560 0.100914 0.919277
Car -1 -1 -10 451.000000 178.000000 522.000000 205.000000 1.491438 1.572850 3.459304 -6.557523 1.829878 44.119663 1.491092 0.497050
Car -1 -1 -10 274.000000 185.000000 430.000000 240.000000 1.537377 1.494743 3.927810 -7.178755 1.791921 19.604194 0.087488 0.317647
Car -1 -1 -10 7.000000 203.000000 201.000000 347.000000 1.509657 1.595264 3.921684 -3.932615 1.177216 4.959529 0.927652 0.317499
Car -1 -1 -10 1176.000000 123.000000 1243.000000 368.000000 1.601986 1.637387 3.942673 5.121373 1.418256 3.820781 -0.266358 0.284882
Car -1 -1 -10 429.000000 179.000000 504.000000 214.000000 1.546160 1.584145 4.019959 -7.622607 1.865036 35.657937 -3.153867 0.218719
Car -1 -1 -10 1.000000 199.000000 178.000000 274.000000 1.433991 1.469729 3.305637 -8.866273 1.728718 12.506219 0.013104 0.020306
Car -1 -1 -10 202.000000 193.000000 359.000000 244.000000 1.552105 1.590783 3.704309 -7.776329 1.568204 19.339868 1.634940 0.010398
Cyclist -1 -1 -10 -3.000000 195.000000 181.000000 377.000000 1.664950 0.585110 1.654694 -3.056468 1.598607 3.660874 1.612992 0.860389
Cyclist -1 -1 -10 8.000000 197.000000 323.000000 329.000000 1.713044 0.694367 1.790899 -4.750291 2.186572 8.796978 1.588297 0.046227
