Car -1 -1 -10 649.000000 179.000000 738.000000 242.000000 1.516793 1.574911 3.475575 2.081365 1.684191 18.583623 -1.699657 0.999147
Car -1 -1 -10 732.000000 178.000000 954.000000 319.000000 1.502658 1.581346 3.798945 2.880283 1.639390 9.604981 1.515034 0.997896
Car -1 -1 -10 367.000000 187.000000 438.000000 241.000000 1.442253 1.592458 3.698418 -5.997972 1.894341 21.085811 -1.771494 0.996603
Car -1 -1 -10 560.000000 179.000000 600.000000 211.000000 1.510318 1.610574 3.763711 -1.648638 1.861028 37.605585 -1.775630 0.976017
Car -1 -1 -10 841.000000 130.000000 1244.000000 373.000000 1.803335 1.737025 4.173574 2.915436 1.629398 4.313598 -1.557351 0.646869
Car -1 -1 -10 614.000000 182.000000 681.000000 223.000000 1.551725 1.596430 3.705042 1.103771 1.647320 25.534845 -1.698743 0.030441
Car -1 -1 -10 426.000000 180.000000 456.000000 208.000000 1.547514 1.591481 3.636580 -10.065665 2.254727 42.304283 -1.795307 0.018542
Car -1 -1 -10 436.000000 179.000000 468.000000 216.000000 1.530499 1.578628 3.716841 -9.865484 2.206190 42.288608 -1.742274 0.011391
Cyclist -1 -1 -10 441.000000 175.000000 467.000000 233.000000 1.778828 0.568829 1.810778 -5.086809 1.886377 23.280581 1.397517 0.997010
Cyclist -1 -1 -10 466.000000 175.000000 493.000000 226.000000 1.730743 0.575142 1.761103 -4.587659 1.870163 25.305778 1.524941 0.989728
Cyclist -1 -1 -10 427.000000 178.000000 464.000000 215.000000 1.651482 0.531989 1.644501 -5.115886 1.710193 23.546932 0.693751 0.086251
