Pedestrian -1 -1 -10 527.000000 170.000000 539.000000 211.000000 1.731516 0.591355 0.690455 -3.576466 1.721478 33.180037 0.922019 0.731454
Pedestrian -1 -1 -10 704.000000 162.000000 719.000000 210.000000 1.771690 0.636028 0.903736 4.295492 1.445338 30.649893 -1.705740 0.106766
Car -1 -1 -10 21.000000 185.000000 332.000000 356.000000 1.589881 1.619475 3.858818 -4.950675 1.789200 8.938760 1.577920 0.999449
Car -1 -1 -10 774.000000 167.000000 1248.000000 376.000000 1.551622 1.610476 3.676780 2.611953 1.616633 5.433226 -1.577666 0.946034
Car -1 -1 -10 417.000000 182.000000 499.000000 232.000000 1.526340 1.617531 3.887743 -5.365715 1.883151 24.630337 1.686986 0.810492
Car -1 -1 -10 514.000000 176.000000 542.000000 205.000000 1.534151 1.637797 3.933894 -5.684630 2.044532 42.816639 -0.141917 0.352926
Car -1 -1 -10 840.000000 177.000000 1040.000000 288.000000 1.450877 1.556491 3.890804 5.935873 1.047082 13.617433 1.459756 0.067245
Cyclist -1 -1 -10 488.000000 169.000000 520.000000 241.000000 1.773146 0.681632 1.893769 -2.810353 1.764655 19.371875 1.628028 0.999385
Cyclist -1 -1 -10 460.000000 171.000000 492.000000 244.000000 1.777569 0.605115 1.784537 -3.546780 1.829763 18.867533 1.609110 0.998904
Cyclist -1 -1 -10 527.000000 171.000000 539.000000 210.000000 1.773224 0.632652 1.785394 -3.510967 1.732043 33.118512 1.492588 0.868944
Cyclist -1 -1 -10 430.000000 179.000000 493.000000 232.000000 1.725490 0.542388 1.679299 -5.007000 2.502648 22.971313 1.814397 0.743906
Cyclist -1 -1 -10 517.000000 174.000000 543.000000 206.000000 1.714020 0.608969 1.725556 -3.526946 1.640466 33.168626 1.470098 0.371114
Cyclist -1 -1 -10 494.000000 175.000000 516.000000 217.000000 1.704578 0.672003 1.744784 -2.789924 1.551497 19.505536 1.451232 0.037825
Cyclist -1 -1 -10 503.000000 173.000000 514.000000 207.000000 1.655862 0.268184 1.357339 -2.976288 1.396508 21.635291 -1.670940 0.021181
