Pedestrian -1 -1 -10 1083.000000 149.000000 1186.000000 369.000000 1.729470 0.554327 0.863478 3.868556 1.347879 5.387161 -1.989234 0.996654
Pedestrian -1 -1 -10 523.000000 164.000000 536.000000 202.000000 1.776454 0.690101 0.587476 -3.998085 1.190863 36.907823 -0.082488 0.757374
Pedestrian -1 -1 -10 605.000000 163.000000 616.000000 193.000000 1.745150 0.626253 0.754281 0.478311 0.696433 43.534356 1.593128 0.323118
Pedestrian -1 -1 -10 538.000000 163.000000 548.000000 201.000000 1.766689 0.656882 0.647733 -2.792184 0.809613 34.372950 -1.560190 0.307326
Pedestrian -1 -1 -10 611.000000 162.000000 619.000000 192.000000 1.774259 0.714514 0.566926 0.878228 0.654374 45.415193 -2.039451 0.254490
Pedestrian -1 -1 -10 622.000000 165.000000 631.000000 193.000000 1.736313 0.695850 0.640247 1.508562 0.520482 43.907022 -1.458433 0.157654
Pedestrian -1 -1 -10 528.000000 163.000000 545.000000 203.000000 1.774004 0.586936 0.495684 -3.149612 0.901036 31.352092 -1.275964 0.151651
Pedestrian -1 -1 -10 580.000000 162.000000 591.000000 195.000000 1.743908 0.666875 0.634866 -0.825410 0.449561 54.254841 -1.535967 0.062959
Pedestrian -1 -1 -10 563.000000 165.000000 585.000000 202.000000 1.790674 0.720100 0.690401 -1.669698 0.736951 44.211409 -1.513456 0.059070
Pedestrian -1 -1 -10 614.000000 163.000000 623.000000 192.000000 1.808090 0.685380 0.898595 0.984492 0.709369 45.459282 -2.032004 0.049047
Pedestrian -1 -1 -10 577.000000 161.000000 587.000000 197.000000 1.705730 0.637387 0.631259 -1.392822 0.399743 44.012135 -2.113621 0.047930
Pedestrian -1 -1 -10 585.000000 163.000000 593.000000 191.000000 1.786465 0.602495 0.794917 -0.822818 0.524643 54.255907 1.519822 0.037772
Pedestrian -1 -1 -10 1074.000000 156.000000 1176.000000 264.000000 1.793073 0.686076 0.901030 7.208841 1.161029 10.396658 1.214364 0.027513
Pedestrian -1 -1 -10 539.000000 167.000000 559.000000 200.000000 1.768692 0.659263 0.655636 -2.790482 0.807274 34.377696 -1.557945 0.026612
Pedestrian -1 -1 -10 532.000000 166.000000 540.000000 200.000000 1.756367 0.593705 0.719255 -4.299508 0.661367 45.066954 0.578051 0.018889
Pedestrian -1 -1 -10 543.000000 165.000000 551.000000 200.000000 1.753245 0.667516 0.514262 -2.737251 0.469952 34.633006 -1.634775 0.013418
Car -1 -1 -10 514.000000 175.000000 593.000000 240.000000 1.528060 1.662165 4.015519 -1.053373 1.336513 17.627247 1.618131 0.999510
Car -1 -1 -10 993.000000 157.000000 1145.000000 220.000000 1.513853 1.558305 3.428468 10.820421 1.188936 17.120882 2.157187 0.310968
Car -1 -1 -10 1037.000000 154.000000 1204.000000 241.000000 1.529180 1.611620 3.913399 7.704676 0.579686 12.067897 -1.668176 0.012178
Cyclist -1 -1 -10 522.000000 166.000000 541.000000 201.000000 1.703865 0.552140 1.578244 -3.808721 1.418604 36.073247 -1.680324 0.040927
Cyclist -1 -1 -10 561.000000 166.000000 585.000000 205.000000 1.682405 0.671310 1.668849 -1.689510 0.343797 44.533576 1.010123 0.029171
Cyclist -1 -1 -10 571.000000 163.000000 582.000000 200.000000 1.680379 0.676498 1.669819 -1.687472 0.350013 44.524785 1.011741 0.014935
Cyclist -1 -1 -10 1062.000000 153.000000 1165.000000 241.000000 1.760073 0.454474 1.708179 7.622643 0.903915 10.579451 -0.096696 0.013893
Cyclist -1 -1 -10 577.000000 161.000000 587.000000 197.000000 1.697031 0.481972 1.444753 -1.386799 0.295080 44.536209 -1.630489 0.012952
