Car -1 -1 -10 660.000000 176.000000 722.000000 223.000000 1.449367 1.648152 3.820847 2.686193 1.588472 24.120210 -1.518838 0.998931
Car -1 -1 -10 -1.000000 172.000000 299.000000 313.000000 1.557871 1.642903 3.992954 -6.024023 1.569849 8.954933 0.009611 0.985816
Car -1 -1 -10 229.000000 172.000000 448.000000 248.000000 1.520893 1.601028 3.903431 -5.966956 1.579666 16.470416 -0.025136 0.985751
Car -1 -1 -10 385.000000 172.000000 509.000000 216.000000 1.584897 1.614832 4.142221 -6.005786 1.443249 27.855454 -3.275629 0.808351
Car -1 -1 -10 730.000000 177.000000 853.000000 249.000000 1.508256 1.611647 3.797838 3.956020 1.642564 15.674537 1.345125 0.798439
Car -1 -1 -10 458.000000 169.000000 545.000000 201.000000 1.440575 1.547857 4.142257 -6.101255 1.449981 38.473058 -3.031315 0.560040
Car -1 -1 -10 91.000000 182.000000 357.000000 261.000000 1.599320 1.602553 4.027092 -6.685319 1.713311 12.751791 -1.449930 0.319013
Car -1 -1 -10 662.000000 170.000000 700.000000 205.000000 1.522256 1.546484 3.939155 5.344125 0.865670 52.369256 1.164273 0.128526
Car -1 -1 -10 349.000000 170.000000 460.000000 225.000000 1.693881 1.618914 3.921247 -6.761675 1.540381 23.311162 -3.218943 0.102394
Car -1 -1 -10 724.000000 173.000000 807.000000 220.000000 1.537954 1.602648 3.847933 6.118849 1.569979 29.853773 0.078133 0.077085
Car -1 -1 -10 443.000000 175.000000 511.000000 206.000000 1.541019 1.608960 3.842015 -5.526553 1.408131 28.358172 -3.179043 0.071313
Car -1 -1 -10 793.000000 131.000000 1254.000000 372.000000 1.845763 1.653733 3.950407 2.741281 1.444292 5.463948 -1.596037 0.039837
