Pedestrian -1 -1 -10 244.000000 181.000000 290.000000 293.000000 1.816954 0.679321 0.783163 -5.807639 1.912861 12.223756 1.544189 0.968212
Pedestrian -1 -1 -10 200.000000 192.000000 234.000000 292.000000 1.718741 0.562929 0.780294 -6.899243 1.867222 12.553066 1.986852 0.958597
Pedestrian -1 -1 -10 566.000000 177.000000 574.000000 203.000000 1.838022 0.619565 0.746931 -2.992629 2.302596 53.808801 -0.009740 0.270741
Pedestrian -1 -1 -10 0.000000 215.000000 77.000000 370.000000 1.614648 0.554246 0.580760 -4.648830 2.333154 6.061789 1.942507 0.087203
Pedestrian -1 -1 -10 206.000000 197.000000 278.000000 287.000000 1.831591 0.709890 0.878456 -6.221115 1.874748 12.057508 -1.840719 0.014961
Car -1 -1 -10 717.000000 182.000000 861.000000 290.000000 1.492156 1.562118 3.500197 2.725301 1.643644 11.612168 -1.554116 0.999738
Car -1 -1 -10 658.000000 177.000000 710.000000 219.000000 1.492910 1.565474 3.591276 2.839877 1.671965 27.271877 -1.600433 0.999182
Car -1 -1 -10 348.000000 182.000000 474.000000 267.000000 1.693702 1.670250 4.026091 -4.445195 1.950623 16.901660 -1.556554 0.998973
Car -1 -1 -10 468.000000 184.000000 521.000000 224.000000 1.528732 1.640066 3.857538 -4.844401 2.021179 30.735578 1.587507 0.998799
Car -1 -1 -10 19.000000 213.000000 343.000000 374.000000 1.516938 1.606215 3.718865 -4.244343 1.964954 7.761184 -1.607113 0.997650
Car -1 -1 -10 -1.000000 199.000000 94.000000 368.000000 1.474572 1.638064 3.940163 -4.744732 1.872803 7.903839 -2.197250 0.015308
Cyclist -1 -1 -10 183.000000 205.000000 242.000000 281.000000 1.692507 0.594796 1.683663 -6.663103 1.775500 12.320956 0.588465 0.029019
Cyclist -1 -1 -10 0.000000 179.000000 76.000000 368.000000 1.688970 0.534623 1.590030 -6.059785 2.814572 7.569335 -2.267203 0.019146
Cyclist -1 -1 -10 160.000000 199.000000 296.000000 292.000000 1.714824 0.518491 1.651478 -6.393389 1.759066 12.258187 1.421511 0.018792
Cyclist -1 -1 -10 236.000000 185.000000 293.000000 289.000000 1.694229 0.679067 1.739464 -5.896414 1.623282 12.303684 0.487135 0.017666
Cyclist -1 -1 -10 577.000000 174.000000 588.000000 202.000000 1.686999 0.593207 1.610127 -2.256030 1.778246 54.888935 1.046223 0.015849
