Car -1 -1 -10 575.000000 177.000000 610.000000 209.000000 1.552330 1.648384 3.933051 -0.770828 1.099230 37.934504 -1.585150 0.999482
Car -1 -1 -10 305.000000 186.000000 446.000000 275.000000 1.446009 1.562746 3.583413 -4.374974 1.501853 14.133061 -1.563482 0.999084
Car -1 -1 -10 281.000000 176.000000 370.000000 236.000000 1.558035 1.649766 3.817289 -8.504540 1.452148 22.342418 -1.598070 0.995603
Car -1 -1 -10 479.000000 182.000000 523.000000 213.000000 1.443927 1.572333 3.834077 -4.855493 1.290488 33.468218 -1.599934 0.995483
Car -1 -1 -10 424.000000 182.000000 495.000000 229.000000 1.450224 1.615571 4.102223 -4.865559 1.343520 24.164297 -1.583058 0.988197
Car -1 -1 -10 0.000000 198.000000 209.000000 296.000000 1.412117 1.610060 3.903301 -8.348307 1.614066 11.958936 -1.620639 0.963499
Car -1 -1 -10 2.000000 249.000000 138.000000 375.000000 1.507300 1.620397 3.888270 -3.982434 1.802677 3.071281 -1.611887 0.727063
Car -1 -1 -10 56.000000 163.000000 219.000000 246.000000 1.945927 1.717563 4.159494 -12.360000 1.461126 19.439090 -1.539992 0.098615
Car -1 -1 -10 888.000000 210.000000 1228.000000 370.000000 1.555059 1.558226 3.711404 3.142661 1.655319 5.087574 -1.533299 0.014722
Car -1 -1 -10 518.000000 167.000000 551.000000 201.000000 1.782775 1.700226 3.775256 -4.900932 0.669685 48.949798 -1.613036 0.013185
