Car -1 -1 -10 560.000000 179.000000 622.000000 235.000000 1.513819 1.661017 3.630906 -0.538471 1.391859 22.430611 -1.586969 0.999386
Car -1 -1 -10 376.000000 176.000000 502.000000 272.000000 1.574848 1.631175 3.975010 -3.329136 1.450179 14.437813 -1.598697 0.999012
Car -1 -1 -10 9.000000 197.000000 422.000000 373.000000 1.520148 1.668425 4.091521 -3.294739 1.691558 6.814724 -1.606026 0.998743
Car -1 -1 -10 488.000000 179.000000 546.000000 225.000000 1.569013 1.663557 3.959879 -3.336884 1.442039 26.843903 -1.606249 0.998454
Car -1 -1 -10 301.000000 184.000000 359.000000 217.000000 1.502070 1.628721 3.857758 -12.937643 1.439651 32.616293 -1.521959 0.640434
Car -1 -1 -10 187.000000 187.000000 281.000000 237.000000 1.481051 1.577526 4.032271 -16.282522 1.340912 30.045525 -1.452492 0.328129
Car -1 -1 -10 346.000000 179.000000 427.000000 225.000000 1.503646 1.653251 3.958649 -7.912444 1.369193 25.829584 -1.528863 0.089793
Car -1 -1 -10 104.000000 196.000000 218.000000 239.000000 1.523136 1.547716 3.433676 -12.600783 1.658842 21.849029 0.452461 0.059019
Car -1 -1 -10 54.000000 197.000000 277.000000 288.000000 1.441543 1.562362 3.744955 -7.554981 1.545117 13.473502 -1.547909 0.021167
Cyclist -1 -1 -10 187.000000 192.000000 299.000000 243.000000 1.882251 0.660551 1.671519 -7.552373 1.504078 14.483705 0.077774 0.020018
