Car -1 -1 -10 163.000000 188.000000 429.000000 345.000000 1.496281 1.620790 3.815975 -3.567632 1.526881 8.839345 -1.564374 0.999786
Car -1 -1 -10 582.000000 178.000000 622.000000 214.000000 1.582977 1.667444 4.032947 -0.273674 1.293422 34.356123 -1.580082 0.999738
Car -1 -1 -10 457.000000 185.000000 530.000000 238.000000 1.417424 1.613793 3.989692 -3.270568 1.440978 21.019825 -1.554594 0.999502
Car -1 -1 -10 127.000000 186.000000 309.000000 275.000000 1.464866 1.582167 3.671001 -7.639845 1.571161 14.358816 -1.546182 0.994022
Car -1 -1 -10 355.000000 184.000000 426.000000 228.000000 1.417489 1.604563 3.871500 -7.421735 1.427949 24.600280 -1.565701 0.946849
Car -1 -1 -10 5.000000 183.000000 203.000000 254.000000 1.458114 1.625925 3.949362 -11.494700 1.516879 16.513737 -1.600138 0.914927
Car -1 -1 -10 505.000000 183.000000 536.000000 211.000000 1.518620 1.620546 3.813223 -5.026886 1.271666 35.888908 0.995164 0.694411
Car -1 -1 -10 418.000000 180.000000 470.000000 213.000000 1.544069 1.651862 3.895559 -7.613740 1.243690 34.473942 -1.635303 0.587104
Car -1 -1 -10 0.000000 197.000000 92.000000 323.000000 1.522446 1.598689 3.735430 -7.713041 1.618086 7.931897 -1.578345 0.253514
Car -1 -1 -10 314.000000 183.000000 371.000000 215.000000 1.483735 1.629862 3.874973 -13.083648 1.314918 33.213069 -3.059333 0.243140
