Car -1 -1 -10 374.000000 190.000000 467.000000 242.000000 1.466899 1.656781 4.098548 -5.831689 2.060946 22.881515 1.613718 0.998476
Car -1 -1 -10 237.000000 196.000000 394.000000 280.000000 1.468890 1.646529 4.057928 -5.983381 2.016463 15.331305 1.545278 0.998344
Car -1 -1 -10 705.000000 176.000000 804.000000 245.000000 1.480278 1.644050 3.917165 3.215078 1.582036 17.170150 -1.574687 0.998220
Car -1 -1 -10 -4.000000 205.000000 273.000000 362.000000 1.437872 1.562039 3.716581 -5.923438 1.952405 9.353477 1.559756 0.996345
Car -1 -1 -10 682.000000 176.000000 757.000000 229.000000 1.543469 1.623210 3.883918 3.184885 1.607496 22.658651 -1.570179 0.986979
Car -1 -1 -10 1011.000000 134.000000 1239.000000 238.000000 1.560874 1.625012 4.037454 9.169292 0.980266 11.238967 3.174071 0.979024
Car -1 -1 -10 660.000000 178.000000 717.000000 213.000000 1.519690 1.619409 4.019073 3.269712 1.693676 32.702189 1.508359 0.959524
Car -1 -1 -10 917.000000 151.000000 1110.000000 222.000000 1.534279 1.581303 3.844243 8.948258 1.073803 16.209587 -0.060093 0.921574
Car -1 -1 -10 430.000000 187.000000 494.000000 228.000000 1.471735 1.585685 3.811303 -5.974686 2.122518 28.857785 1.589136 0.920688
Car -1 -1 -10 844.000000 154.000000 1027.000000 218.000000 1.494550 1.632575 4.160618 8.333406 1.152688 19.022052 3.036942 0.872591
Car -1 -1 -10 481.000000 184.000000 525.000000 214.000000 1.464898 1.573996 3.836526 -5.628129 2.186467 37.684531 1.656097 0.673895
Car -1 -1 -10 652.000000 179.000000 694.000000 206.000000 1.512728 1.515493 3.526292 3.419922 1.865686 36.029118 -0.797963 0.480489
