Car -1 -1 -10 450.000000 179.000000 512.000000 223.000000 1.488750 1.567437 3.616183 -4.705663 1.759097 26.633128 1.613313 0.999420
Car -1 -1 -10 760.000000 182.000000 968.000000 304.000000 1.496675 1.623115 3.862122 3.481587 1.671817 10.852744 -1.567903 0.997370
Car -1 -1 -10 145.000000 193.000000 383.000000 318.000000 1.441344 1.656791 4.121214 -4.931233 1.803028 10.736886 1.583165 0.997217
Car -1 -1 -10 698.000000 177.000000 775.000000 232.000000 1.513880 1.648296 4.041584 3.890808 1.728789 22.009378 -1.582985 0.996719
Car -1 -1 -10 726.000000 179.000000 841.000000 255.000000 1.509759 1.631475 3.854696 3.746501 1.688953 16.372105 -1.540853 0.991154
Car -1 -1 -10 484.000000 178.000000 534.000000 214.000000 1.470821 1.587440 3.805398 -4.503014 1.712516 31.313052 1.626763 0.985343
Car -1 -1 -10 847.000000 191.000000 1250.000000 377.000000 1.468041 1.634217 3.986795 3.451278 1.663748 5.833863 -1.589982 0.973441
Car -1 -1 -10 3.000000 196.000000 227.000000 375.000000 1.443309 1.610551 3.946285 -4.805678 1.876587 5.275565 1.547061 0.937605
Car -1 -1 -10 694.000000 177.000000 745.000000 219.000000 1.564718 1.580014 3.676025 4.077610 1.782283 27.470557 -1.565236 0.493656
Car -1 -1 -10 999.000000 176.000000 1096.000000 216.000000 1.559732 1.568437 3.839006 12.280343 1.281209 21.055222 -0.143472 0.359867
Car -1 -1 -10 1085.000000 172.000000 1240.000000 250.000000 1.652325 1.615034 3.893183 13.597600 1.434394 17.216511 1.337549 0.247555
