Pedestrian -1 -1 -10 799.000000 165.000000 809.000000 210.000000 1.646642 0.516309 0.587965 7.022683 1.721135 26.716760 0.791704 0.011440
Car -1 -1 -10 664.000000 176.000000 734.000000 226.000000 1.435602 1.624282 3.973347 2.636808 1.522204 22.394479 -1.559360 0.999601
Car -1 -1 -10 153.000000 175.000000 425.000000 262.000000 1.501640 1.605526 4.091705 -6.136162 1.541170 14.503654 0.033780 0.987448
Car -1 -1 -10 -1.000000 180.000000 289.000000 305.000000 1.520508 1.617015 3.768853 -6.216625 1.600500 9.227518 -3.137400 0.983176
Car -1 -1 -10 729.000000 170.000000 823.000000 217.000000 1.515907 1.615037 3.858584 6.219772 1.553307 27.588639 0.045070 0.895605
Car -1 -1 -10 346.000000 172.000000 505.000000 221.000000 1.565821 1.662737 4.193211 -5.842000 1.603635 23.934480 -0.082786 0.846631
Car -1 -1 -10 443.000000 169.000000 539.000000 202.000000 1.443263 1.565911 4.109029 -6.032887 1.387621 36.467480 -3.092531 0.689726
Car -1 -1 -10 751.000000 176.000000 886.000000 251.000000 1.528690 1.552477 3.475459 5.632742 2.323734 23.253999 -1.296727 0.283298
Car -1 -1 -10 315.000000 170.000000 438.000000 227.000000 1.617499 1.586941 3.877968 -7.054983 1.477295 21.234678 -3.188191 0.163608
Car -1 -1 -10 785.000000 84.000000 1240.000000 368.000000 1.755569 1.708716 4.211182 2.852722 1.254718 3.469099 1.521127 0.101569
Car -1 -1 -10 435.000000 176.000000 506.000000 207.000000 1.530435 1.560659 3.511184 -5.152530 1.280102 34.485360 1.374319 0.075296
Car -1 -1 -10 254.000000 174.000000 400.000000 233.000000 1.627493 1.652713 3.874061 -7.724300 1.427873 20.713205 -3.304761 0.065742
Car -1 -1 -10 689.000000 169.000000 744.000000 207.000000 1.542345 1.675806 4.009927 6.287105 1.335658 32.133684 -2.908221 0.064764
Car -1 -1 -10 491.000000 168.000000 552.000000 193.000000 1.496272 1.538939 3.341169 -4.864203 1.383724 44.197017 1.534469 0.051388
Car -1 -1 -10 777.000000 173.000000 835.000000 251.000000 1.537794 1.657117 3.760789 3.088201 1.858211 15.605844 -1.290023 0.047711
