Pedestrian -1 -1 -10 169.000000 152.000000 226.000000 328.000000 1.731725 0.759620 0.736045 -4.651683 1.521412 8.149054 -1.647892 0.953348
Pedestrian -1 -1 -10 244.000000 157.000000 292.000000 299.000000 1.753385 0.661820 0.622421 -5.497025 1.194315 11.055920 -0.006254 0.673076
Pedestrian -1 -1 -10 187.000000 163.000000 381.000000 299.000000 1.754863 0.601136 0.677119 -5.212062 1.341916 10.938193 2.159017 0.234849
Pedestrian -1 -1 -10 275.000000 159.000000 296.000000 278.000000 1.645650 0.512293 0.609847 -5.240560 1.103163 11.066621 0.180303 0.104699
Pedestrian -1 -1 -10 197.000000 161.000000 289.000000 315.000000 1.768904 0.838945 0.673526 -4.325449 1.465460 7.840934 -1.572938 0.076729
Pedestrian -1 -1 -10 258.000000 170.000000 357.000000 258.000000 1.770459 0.591625 0.764226 -5.395062 1.297111 12.192587 -0.261121 0.066211
Pedestrian -1 -1 -10 195.000000 167.000000 232.000000 320.000000 1.712630 0.690907 0.638425 -4.598874 1.435830 8.215984 -2.130710 0.053477
Pedestrian -1 -1 -10 0.000000 181.000000 421.000000 368.000000 1.770180 0.559650 1.128491 -2.222776 1.801934 4.286328 0.272595 0.036505
Car -1 -1 -10 664.000000 174.000000 756.000000 239.000000 1.486382 1.614312 3.882192 2.337471 1.501631 17.890944 -1.588204 0.998477
Car -1 -1 -10 515.000000 172.000000 557.000000 212.000000 1.575388 1.669006 3.787119 -3.171145 1.659220 31.405240 -1.639112 0.995767
Car -1 -1 -10 639.000000 172.000000 692.000000 212.000000 1.540810 1.648501 4.017729 2.281883 1.525991 30.431766 -1.678555 0.986423
Car -1 -1 -10 202.000000 179.000000 429.000000 311.000000 1.497243 1.668376 3.918196 -3.691243 1.644224 8.635956 1.540145 0.984351
Car -1 -1 -10 -5.000000 183.000000 410.000000 371.000000 1.582053 1.659095 4.038871 -2.750780 1.688084 4.359538 -1.527695 0.953971
Car -1 -1 -10 904.000000 198.000000 1246.000000 371.000000 1.488328 1.585515 3.767936 2.456371 1.505558 2.003622 -1.609873 0.677741
Car -1 -1 -10 630.000000 173.000000 670.000000 206.000000 1.475916 1.623259 3.805904 2.299842 1.332547 36.448700 1.610255 0.452837
Car -1 -1 -10 540.000000 175.000000 567.000000 201.000000 1.497977 1.606879 3.758941 -3.597617 1.573248 45.344432 -1.615936 0.291752
Car -1 -1 -10 625.000000 169.000000 658.000000 198.000000 1.619005 1.673040 4.049580 1.967154 1.475506 47.028879 -1.524211 0.054677
Car -1 -1 -10 148.000000 167.000000 306.000000 319.000000 1.531622 1.620153 4.053329 -5.162569 1.113621 9.331301 -1.969933 0.028844
Car -1 -1 -10 228.000000 167.000000 335.000000 308.000000 1.509238 1.534769 3.712537 -5.149744 1.205312 11.024601 1.627032 0.026671
Car -1 -1 -10 276.000000 178.000000 373.000000 234.000000 1.480282 1.598207 3.905860 -9.436742 1.503599 21.977079 -3.314899 0.023344
Cyclist -1 -1 -10 233.000000 167.000000 307.000000 302.000000 1.655068 0.647853 1.795555 -5.170077 1.169284 10.863216 2.207571 0.181326
Cyclist -1 -1 -10 221.000000 174.000000 413.000000 314.000000 1.669072 0.619277 1.730749 -2.929359 1.619190 7.611171 1.690419 0.119333
Cyclist -1 -1 -10 128.000000 160.000000 275.000000 311.000000 1.732541 0.654982 1.765746 -4.893513 1.279717 8.635070 0.396657 0.070571
Cyclist -1 -1 -10 895.000000 194.000000 1246.000000 373.000000 1.773503 0.748116 1.831885 1.937759 1.656868 2.306213 -1.649265 0.032138
Cyclist -1 -1 -10 163.000000 152.000000 232.000000 322.000000 1.738224 0.592515 1.698935 -4.948740 1.156188 8.703947 -2.619079 0.031557
Cyclist -1 -1 -10 0.000000 183.000000 417.000000 359.000000 1.744700 0.726908 2.013713 -2.351504 1.731445 4.272802 -1.518470 0.023179
