Car -1 -1 -10 422.000000 182.000000 508.000000 244.000000 1.555910 1.644608 3.764960 -4.222455 1.921187 21.474032 1.632283 0.999626
Car -1 -1 -10 771.000000 187.000000 958.000000 301.000000 1.477141 1.663051 4.076299 3.800275 1.717598 11.629657 -1.520147 0.999387
Car -1 -1 -10 884.000000 208.000000 1235.000000 374.000000 1.444451 1.616773 3.961913 3.614659 1.731462 5.812853 -1.523187 0.994203
Car -1 -1 -10 695.000000 173.000000 730.000000 208.000000 1.519747 1.641535 3.824163 5.608320 1.805380 39.743004 -1.475832 0.988188
Car -1 -1 -10 471.000000 181.000000 536.000000 229.000000 1.638683 1.635615 3.980205 -3.910664 1.944654 26.565518 1.631924 0.984999
Car -1 -1 -10 509.000000 184.000000 550.000000 220.000000 1.476597 1.597017 3.788805 -3.703741 2.116607 31.564024 -1.512282 0.962770
Car -1 -1 -10 527.000000 182.000000 567.000000 214.000000 1.515095 1.656917 4.040060 -3.253534 1.993776 36.148021 1.624969 0.871243
Car -1 -1 -10 121.000000 190.000000 269.000000 227.000000 1.498103 1.607987 3.873245 -14.412884 2.085156 26.172167 -0.089371 0.080964
Car -1 -1 -10 1183.000000 203.000000 1241.000000 268.000000 1.478967 1.544614 3.768817 10.389164 1.865721 11.779764 -0.953717 0.034814
Car -1 -1 -10 1115.000000 204.000000 1240.000000 368.000000 1.510561 1.603664 3.658189 4.485535 1.383184 5.948999 -0.907749 0.023378
Car -1 -1 -10 1180.000000 207.000000 1239.000000 353.000000 1.522907 1.515766 3.297232 9.063621 1.870360 10.344036 1.698445 0.017624
