Pedestrian -1 -1 -10 651.000000 170.000000 665.000000 215.000000 1.794158 0.640242 0.809968 1.667232 1.633000 26.548534 2.159389 0.274355
Pedestrian -1 -1 -10 651.000000 168.000000 682.000000 216.000000 1.787722 0.666479 0.955382 1.900890 1.473992 25.078726 -1.910123 0.039649
Pedestrian -1 -1 -10 657.000000 167.000000 668.000000 208.000000 1.764815 0.611663 0.734530 1.773821 1.369692 25.179313 3.065649 0.017390
Pedestrian -1 -1 -10 663.000000 168.000000 676.000000 216.000000 1.767352 0.600993 0.780114 1.967552 1.446049 25.155335 3.127481 0.016042
Car -1 -1 -10 435.000000 176.000000 531.000000 252.000000 1.605501 1.658864 3.958275 -2.972229 1.693036 17.510842 -1.589411 0.998730
Car -1 -1 -10 266.000000 185.000000 343.000000 226.000000 1.512838 1.617866 3.989589 -12.668815 2.077897 30.442781 1.548260 0.996222
Car -1 -1 -10 586.000000 174.000000 612.000000 200.000000 1.591320 1.615889 3.843219 -0.765610 1.844892 46.714369 -1.570404 0.994374
Car -1 -1 -10 1.000000 192.000000 120.000000 310.000000 1.469693 1.641792 3.952325 -9.706312 1.962720 11.287785 1.561811 0.385826
Car -1 -1 -10 434.000000 176.000000 496.000000 228.000000 1.538983 1.643065 3.533058 -5.290960 1.662487 26.198349 -1.108887 0.020829
Cyclist -1 -1 -10 659.000000 164.000000 713.000000 220.000000 1.741510 0.602219 1.742566 2.526197 1.459195 23.630858 -2.579272 0.999356
Cyclist -1 -1 -10 654.000000 168.000000 685.000000 217.000000 1.725345 0.547101 1.726655 1.920518 1.469050 24.923425 1.559863 0.900289
Cyclist -1 -1 -10 650.000000 169.000000 670.000000 216.000000 1.730803 0.513032 1.667952 1.881268 1.411992 25.564595 -1.500195 0.385127
Cyclist -1 -1 -10 660.000000 168.000000 672.000000 213.000000 1.728454 0.550316 1.749318 1.913229 1.386061 25.027489 1.591628 0.024625
Cyclist -1 -1 -10 673.000000 165.000000 701.000000 209.000000 1.714432 0.501958 1.720864 2.427039 1.387865 23.450210 -2.038755 0.019465
