Pedestrian -1 -1 -10 542.000000 171.000000 563.000000 227.000000 1.750055 0.575701 0.854222 -1.413319 1.459276 21.325831 2.566987 0.932250
Pedestrian -1 -1 -10 904.000000 205.000000 991.000000 334.000000 1.659406 0.623220 0.542880 3.282361 1.697983 6.809192 3.040286 0.802686
Pedestrian -1 -1 -10 842.000000 209.000000 914.000000 305.000000 1.787364 0.662011 0.692733 3.170509 1.846875 8.341620 -1.155659 0.274807
Pedestrian -1 -1 -10 866.000000 204.000000 910.000000 282.000000 1.727845 0.648462 0.651790 5.667618 1.639498 13.828248 -1.712705 0.129484
Pedestrian -1 -1 -10 1121.000000 198.000000 1235.000000 371.000000 1.732559 0.640681 0.791861 5.628226 1.852013 6.742006 0.918672 0.047038
Pedestrian -1 -1 -10 855.000000 195.000000 1175.000000 365.000000 1.798989 0.845165 0.776153 2.874875 2.152294 5.362667 3.075636 0.043499
Pedestrian -1 -1 -10 897.000000 206.000000 937.000000 304.000000 1.766409 0.656961 0.588274 3.110210 1.382543 7.131067 -1.753881 0.027995
Pedestrian -1 -1 -10 791.000000 209.000000 856.000000 314.000000 1.715854 0.661017 0.735283 2.504214 1.799524 7.921261 -0.767294 0.022122
Pedestrian -1 -1 -10 897.000000 207.000000 965.000000 269.000000 1.653943 0.562647 0.623045 5.647551 1.751198 11.784651 2.980199 0.017094
Car -1 -1 -10 988.000000 213.000000 1239.000000 371.000000 1.490146 1.567095 3.770289 3.422188 2.039267 3.821056 1.612628 0.208875
Car -1 -1 -10 1119.000000 199.000000 1234.000000 381.000000 1.485908 1.608762 3.888643 3.342340 1.882233 2.664153 1.629745 0.030974
Car -1 -1 -10 877.000000 199.000000 1137.000000 367.000000 1.476718 1.565844 3.766384 3.327155 2.023441 4.411099 1.503507 0.011510
Cyclist -1 -1 -10 897.000000 202.000000 1036.000000 363.000000 1.712966 0.625512 1.735927 3.073839 1.783233 5.371497 3.017950 0.098798
Cyclist -1 -1 -10 898.000000 210.000000 1201.000000 371.000000 1.680074 0.703800 1.795193 2.797064 2.054190 4.760728 1.521314 0.051220
Cyclist -1 -1 -10 1105.000000 202.000000 1236.000000 370.000000 1.722741 0.543121 1.453379 3.893313 1.785002 4.646894 1.245156 0.035156
Cyclist -1 -1 -10 902.000000 211.000000 992.000000 321.000000 1.690546 0.578852 1.676051 2.456609 1.796026 5.173083 0.560356 0.011825
Cyclist -1 -1 -10 895.000000 203.000000 937.000000 288.000000 1.679317 0.653256 1.689884 5.823869 1.651173 13.511439 1.983918 0.010759
