Pedestrian -1 -1 -10 621.000000 140.000000 662.000000 250.000000 1.811040 0.617419 0.911172 0.553991 1.097440 11.383966 1.386996 0.997191
Pedestrian -1 -1 -10 573.000000 140.000000 611.000000 256.000000 1.789254 0.650682 0.894363 -0.328839 1.133671 11.240431 0.998078 0.997141
Pedestrian -1 -1 -10 901.000000 163.000000 1005.000000 367.000000 1.676873 0.586549 0.578203 2.533463 1.506250 5.228280 1.055583 0.996161
Pedestrian -1 -1 -10 544.000000 137.000000 584.000000 262.000000 1.772906 0.703695 0.922482 -0.676135 1.113648 10.848788 0.832168 0.995950
Pedestrian -1 -1 -10 821.000000 174.000000 930.000000 371.000000 1.678695 0.565421 0.716127 1.930147 1.606139 4.970557 0.868064 0.994749
Pedestrian -1 -1 -10 512.000000 143.000000 538.000000 207.000000 1.745691 0.617683 0.766399 -2.290266 0.695363 19.352624 1.390679 0.935862
Pedestrian -1 -1 -10 539.000000 137.000000 560.000000 207.000000 1.796624 0.630756 0.728934 -1.737983 0.607687 19.712333 1.399095 0.847616
Pedestrian -1 -1 -10 614.000000 143.000000 649.000000 224.000000 1.767379 0.671222 0.687127 0.415205 0.977860 12.440400 -1.001179 0.745789
Pedestrian -1 -1 -10 479.000000 145.000000 499.000000 207.000000 1.801660 0.599798 0.784751 -3.218017 0.763991 19.474757 0.976279 0.679484
Pedestrian -1 -1 -10 607.000000 144.000000 635.000000 213.000000 1.806705 0.599442 0.713979 0.182918 0.809878 17.823019 -2.015357 0.590015
Pedestrian -1 -1 -10 500.000000 144.000000 520.000000 204.000000 1.790083 0.587356 0.650077 -2.864739 0.786731 20.507961 0.902306 0.578267
Pedestrian -1 -1 -10 649.000000 142.000000 668.000000 199.000000 1.664548 0.665095 0.787549 1.653103 0.461756 21.896691 -1.560747 0.563813
Pedestrian -1 -1 -10 272.000000 136.000000 324.000000 256.000000 1.804164 0.672015 1.028269 -5.086238 1.084814 11.632430 -1.529730 0.405609
Pedestrian -1 -1 -10 244.000000 134.000000 281.000000 250.000000 1.796610 0.606680 0.753454 -5.819805 1.103593 12.021684 2.129782 0.350595
Pedestrian -1 -1 -10 449.000000 143.000000 471.000000 203.000000 1.829686 0.707265 1.054919 -4.127828 0.765330 20.145877 1.052798 0.341944
Pedestrian -1 -1 -10 528.000000 139.000000 549.000000 199.000000 1.699804 0.545896 0.552947 -1.746331 0.458103 19.871188 -1.584766 0.225423
Pedestrian -1 -1 -10 496.000000 143.000000 511.000000 201.000000 1.811907 0.561087 0.768552 -3.440184 0.632110 22.795823 0.835366 0.163428
Pedestrian -1 -1 -10 640.000000 143.000000 663.000000 217.000000 1.736713 0.613867 0.535474 1.535609 0.787187 21.695713 -1.508622 0.161007
Pedestrian -1 -1 -10 472.000000 149.000000 490.000000 205.000000 1.740132 0.567790 0.770491 -3.677159 0.819790 20.351725 -1.259627 0.122490
Pedestrian -1 -1 -10 401.000000 144.000000 424.000000 202.000000 1.724298 0.598402 0.644500 -5.402724 0.622201 19.526293 1.302526 0.103206
Pedestrian -1 -1 -10 872.000000 179.000000 917.000000 288.000000 1.583674 0.461220 0.469454 1.988554 1.575475 5.034520 0.988058 0.080075
Pedestrian -1 -1 -10 590.000000 140.000000 638.000000 237.000000 1.757809 0.609332 0.654987 0.278377 1.059183 12.459723 -1.016325 0.061955
Cyclist -1 -1 -10 269.000000 138.000000 327.000000 260.000000 1.820307 0.528004 1.744554 -5.059462 1.130984 11.467362 -2.777450 0.813709
Cyclist -1 -1 -10 419.000000 149.000000 468.000000 209.000000 1.694906 0.554876 1.735820 -4.891422 0.626308 20.265169 1.738212 0.466195
Cyclist -1 -1 -10 301.000000 153.000000 368.000000 210.000000 1.697051 0.528421 1.549000 -6.597844 1.370509 16.473641 -1.975127 0.333461
Cyclist -1 -1 -10 444.000000 145.000000 473.000000 207.000000 1.778083 0.533264 1.704764 -4.076416 0.692366 20.378070 1.642451 0.325385
Cyclist -1 -1 -10 332.000000 151.000000 387.000000 201.000000 1.656278 0.459360 1.485495 -4.159355 0.887173 11.816512 -1.949099 0.242299
Cyclist -1 -1 -10 244.000000 135.000000 302.000000 262.000000 1.828585 0.454949 1.642791 -5.527453 1.098836 11.859819 -2.409427 0.210864
Cyclist -1 -1 -10 398.000000 145.000000 431.000000 207.000000 1.693339 0.580593 1.687517 -5.359575 0.581990 19.548568 1.412520 0.189652
Cyclist -1 -1 -10 426.000000 148.000000 450.000000 204.000000 1.649541 0.532935 1.695879 -4.852890 0.534788 20.171097 -1.669525 0.146692
Cyclist -1 -1 -10 365.000000 153.000000 420.000000 206.000000 1.714856 0.569576 1.639589 -5.920001 1.177222 19.163373 -1.862342 0.065341
Cyclist -1 -1 -10 418.000000 144.000000 438.000000 200.000000 1.684138 0.684267 1.781445 -6.128736 0.283209 24.170904 -1.963088 0.041359
Cyclist -1 -1 -10 647.000000 142.000000 669.000000 200.000000 1.809897 0.527520 1.730482 1.697917 0.685180 21.881479 -1.027230 0.032847
Cyclist -1 -1 -10 542.000000 137.000000 569.000000 208.000000 1.822617 0.678442 1.765902 -1.688091 0.561570 19.886181 1.513741 0.010548
Cyclist -1 -1 -10 634.000000 143.000000 665.000000 221.000000 1.687872 0.268341 1.345397 1.500342 1.544533 22.191020 -1.502472 0.010528
