Car -1 -1 -10 665.000000 182.000000 726.000000 229.000000 1.402781 1.606605 3.798643 2.844747 1.837249 24.798277 -1.579327 0.998753
Car -1 -1 -10 781.000000 205.000000 1108.000000 374.000000 1.471607 1.604521 3.651205 2.947202 1.832095 7.192878 -1.586688 0.996825
Car -1 -1 -10 715.000000 185.000000 864.000000 292.000000 1.480739 1.624522 3.763693 2.945044 1.774679 12.651610 -1.571366 0.996601
Car -1 -1 -10 352.000000 180.000000 478.000000 230.000000 1.564481 1.611164 3.902665 -6.482867 1.887547 23.318505 0.134211 0.989628
Car -1 -1 -10 15.000000 160.000000 310.000000 319.000000 1.659396 1.626139 3.955931 -6.125721 1.605060 8.603294 -0.120816 0.988449
Car -1 -1 -10 158.000000 173.000000 417.000000 272.000000 1.727246 1.645289 4.043280 -6.272261 1.778769 12.982017 0.071436 0.986625
Car -1 -1 -10 646.000000 178.000000 687.000000 213.000000 1.610477 1.639618 3.825100 2.768746 1.892764 35.576379 -1.579298 0.937446
Car -1 -1 -10 936.000000 185.000000 1246.000000 376.000000 1.536612 1.602991 3.804046 2.663794 1.570985 1.813359 1.602064 0.931242
Car -1 -1 -10 387.000000 177.000000 511.000000 220.000000 1.721786 1.691717 3.996799 -6.303910 1.833705 28.183141 -3.092420 0.631476
Car -1 -1 -10 1.000000 178.000000 176.000000 366.000000 1.631945 1.665182 4.031985 -6.509497 1.763330 6.693810 -3.224995 0.180066
Car -1 -1 -10 439.000000 181.000000 525.000000 214.000000 1.573387 1.646468 3.878858 -5.470246 1.965737 36.687830 -1.742234 0.159836
