Pedestrian -1 -1 -10 327.000000 164.000000 363.000000 266.000000 1.784814 0.655560 0.770596 -4.708337 1.492699 13.208904 -1.273425 0.981031
Pedestrian -1 -1 -10 465.000000 186.000000 497.000000 261.000000 1.757766 0.647098 0.864156 -2.218177 1.741226 13.090319 -3.279344 0.570570
Pedestrian -1 -1 -10 431.000000 189.000000 464.000000 263.000000 1.652882 0.731813 0.980467 -2.839586 1.701069 13.076205 -1.364846 0.324575
Pedestrian -1 -1 -10 1135.000000 124.000000 1177.000000 246.000000 1.706864 0.642860 0.705569 8.704236 0.842181 11.402428 2.646380 0.047620
Pedestrian -1 -1 -10 456.000000 188.000000 484.000000 252.000000 1.812994 0.554892 0.787433 -2.951740 1.473282 15.734818 0.409427 0.037723
Pedestrian -1 -1 -10 987.000000 67.000000 1016.000000 185.000000 1.639479 0.544371 0.629777 7.113788 0.388970 12.771951 3.087393 0.027505
Pedestrian -1 -1 -10 433.000000 190.000000 456.000000 237.000000 1.791076 0.652865 0.628904 -5.599153 1.737582 25.440672 -2.300906 0.015589
Pedestrian -1 -1 -10 451.000000 189.000000 472.000000 259.000000 1.749569 0.538174 0.784142 -2.739326 1.683074 14.198758 0.928570 0.011324
Car -1 -1 -10 737.000000 148.000000 959.000000 310.000000 1.817842 1.654115 3.839352 3.148460 1.454550 9.965500 -1.622344 0.994510
Cyclist -1 -1 -10 1136.000000 211.000000 1235.000000 373.000000 1.742053 0.586593 1.331659 5.185655 1.630845 6.486083 -0.926209 0.079247
