Car -1 -1 -10 357.000000 196.000000 466.000000 273.000000 1.455687 1.607826 3.951982 -4.253405 1.985805 15.612371 1.535009 0.998619
Car -1 -1 -10 743.000000 155.000000 1025.000000 330.000000 1.788216 1.684396 4.069496 3.133649 1.592966 9.389414 -1.672088 0.995233
Car -1 -1 -10 476.000000 181.000000 521.000000 222.000000 1.675496 1.698131 4.200001 -5.499183 2.296083 35.844854 1.514779 0.992042
Car -1 -1 -10 8.000000 191.000000 278.000000 374.000000 1.535025 1.595921 3.712810 -3.468830 1.683111 3.839490 1.569974 0.982589
Car -1 -1 -10 949.000000 194.000000 1234.000000 373.000000 1.466916 1.588354 3.946720 3.223281 1.677280 3.236437 -1.590566 0.975426
Car -1 -1 -10 159.000000 180.000000 404.000000 368.000000 1.658773 1.537631 3.640435 -3.558031 1.826318 8.588760 1.547078 0.921485
Car -1 -1 -10 509.000000 188.000000 534.000000 214.000000 1.517867 1.597516 3.841186 -5.443140 2.510627 43.178760 1.505700 0.186593
Car -1 -1 -10 492.000000 186.000000 527.000000 217.000000 1.532076 1.643244 4.078272 -5.433107 2.108346 35.916454 1.495344 0.042226
Car -1 -1 -10 3.000000 190.000000 222.000000 271.000000 1.528690 1.552477 3.475459 -7.463565 1.448903 11.177504 -2.181059 0.014277
Cyclist -1 -1 -10 69.000000 186.000000 199.000000 278.000000 1.681225 0.555974 1.692892 -6.683787 1.491073 10.134249 2.028818 0.035345
