Pedestrian -1 -1 -10 634.000000 135.000000 672.000000 244.000000 1.806787 0.659870 0.945388 0.760699 0.988292 12.292296 1.146248 0.998382
Pedestrian -1 -1 -10 591.000000 139.000000 631.000000 250.000000 1.771655 0.664335 0.981813 -0.016945 1.074408 12.161408 1.440261 0.998332
Pedestrian -1 -1 -10 1017.000000 131.000000 1125.000000 370.000000 1.720499 0.488229 0.747203 2.830378 1.332635 4.283883 1.068692 0.996442
Pedestrian -1 -1 -10 917.000000 142.000000 1039.000000 370.000000 1.738092 0.597015 0.617364 2.575369 1.431431 4.811136 0.879429 0.994026
Pedestrian -1 -1 -10 1067.000000 130.000000 1167.000000 369.000000 1.757941 0.555414 0.719252 3.545932 1.314426 4.812907 1.086156 0.989722
Pedestrian -1 -1 -10 540.000000 139.000000 575.000000 228.000000 1.828413 0.685794 1.011885 -0.980141 1.021952 14.480246 0.896884 0.984318
Pedestrian -1 -1 -10 499.000000 137.000000 527.000000 224.000000 1.786665 0.650480 0.849808 -2.048871 0.847294 15.384353 1.067616 0.975561
Pedestrian -1 -1 -10 569.000000 142.000000 601.000000 226.000000 1.712110 0.583872 0.654776 -0.480197 0.929434 14.858714 1.183904 0.943518
Pedestrian -1 -1 -10 693.000000 146.000000 711.000000 204.000000 1.801712 0.622066 0.723393 2.953062 0.722995 21.971125 -1.887582 0.877379
Pedestrian -1 -1 -10 478.000000 145.000000 501.000000 221.000000 1.797631 0.649240 0.940116 -2.630995 0.947255 16.057400 1.461701 0.743674
Pedestrian -1 -1 -10 442.000000 143.000000 471.000000 223.000000 1.745320 0.639942 0.764084 -2.943291 0.956004 14.003414 1.345489 0.717543
Pedestrian -1 -1 -10 535.000000 145.000000 556.000000 223.000000 1.784173 0.611698 0.701090 -1.418371 0.969017 15.757927 2.470221 0.716598
Pedestrian -1 -1 -10 526.000000 138.000000 547.000000 204.000000 1.809457 0.599770 0.757819 -2.230876 0.530040 21.113092 1.986195 0.448983
Pedestrian -1 -1 -10 581.000000 141.000000 615.000000 225.000000 1.732654 0.514236 0.754035 -0.348132 1.062417 14.890604 1.012488 0.398675
Pedestrian -1 -1 -10 278.000000 137.000000 308.000000 235.000000 1.801454 0.646772 0.529352 -5.446172 1.742099 12.128746 -2.501068 0.328816
Cyclist -1 -1 -10 435.000000 144.000000 474.000000 230.000000 1.797694 0.633868 1.761446 -3.017589 1.014952 14.002136 1.491644 0.542840
Cyclist -1 -1 -10 276.000000 139.000000 320.000000 227.000000 1.717275 0.404644 1.562842 -7.440280 0.587071 17.087596 -2.393460 0.378025
Cyclist -1 -1 -10 318.000000 149.000000 399.000000 202.000000 1.591039 0.415494 1.512513 -6.303013 1.277195 18.087873 -1.903524 0.176351
Cyclist -1 -1 -10 292.000000 152.000000 354.000000 206.000000 1.697031 0.481972 1.444754 -7.992525 1.109230 20.134822 -1.982976 0.158264
Cyclist -1 -1 -10 358.000000 147.000000 400.000000 198.000000 1.684647 0.401210 1.449244 -5.698671 1.159815 17.950035 -1.863335 0.133931
Cyclist -1 -1 -10 488.000000 139.000000 506.000000 201.000000 1.697031 0.481972 1.444754 -3.137837 0.781663 21.415689 -1.755267 0.057948
Cyclist -1 -1 -10 527.000000 139.000000 558.000000 214.000000 1.681427 0.414987 1.675817 -1.559640 0.764243 16.160747 1.046852 0.037346
Cyclist -1 -1 -10 589.000000 140.000000 630.000000 239.000000 1.830569 0.506480 1.757521 0.002959 1.158857 12.218003 1.473839 0.020538
Cyclist -1 -1 -10 476.000000 144.000000 503.000000 220.000000 1.830901 0.524623 1.778742 -2.600310 0.955108 16.387826 1.422394 0.018459
Cyclist -1 -1 -10 456.000000 144.000000 488.000000 224.000000 1.694119 0.469758 1.607479 -2.761056 0.965072 15.601910 -1.726577 0.015904
