Pedestrian -1 -1 -10 941.000000 158.000000 1064.000000 376.000000 1.689259 0.631883 0.774349 2.354885 1.513464 4.399088 -1.617750 0.997182
Pedestrian -1 -1 -10 716.000000 176.000000 775.000000 313.000000 1.784334 0.644463 0.732318 1.704566 1.594145 8.892949 1.733058 0.994485
Pedestrian -1 -1 -10 767.000000 166.000000 824.000000 339.000000 1.725410 0.629258 0.815944 1.901150 1.573485 7.363414 -1.877143 0.989155
Pedestrian -1 -1 -10 884.000000 167.000000 954.000000 366.000000 1.668428 0.512909 0.707019 2.517972 1.543621 5.879039 -1.614853 0.979834
Pedestrian -1 -1 -10 813.000000 178.000000 867.000000 318.000000 1.798411 0.636285 0.787822 3.073647 1.564093 9.766552 2.382660 0.936798
Pedestrian -1 -1 -10 862.000000 164.000000 901.000000 290.000000 1.763794 0.609522 0.746856 3.710115 1.494967 9.747143 3.149968 0.930436
Pedestrian -1 -1 -10 540.000000 161.000000 577.000000 261.000000 1.787367 0.736478 0.990017 -0.935933 1.390739 13.991445 -2.104290 0.929681
Pedestrian -1 -1 -10 665.000000 172.000000 684.000000 222.000000 1.766648 0.602755 0.773072 2.483731 1.430737 24.902995 -1.905891 0.863783
Pedestrian -1 -1 -10 879.000000 163.000000 916.000000 298.000000 1.744482 0.595937 0.669280 3.792400 1.401178 9.651093 -1.666797 0.435379
Pedestrian -1 -1 -10 765.000000 170.000000 798.000000 277.000000 1.647144 0.446360 0.505554 2.916243 1.239971 11.950768 2.347511 0.431752
Pedestrian -1 -1 -10 796.000000 173.000000 850.000000 297.000000 1.814328 0.622055 0.786022 2.945384 1.599657 9.892557 2.964422 0.308495
Pedestrian -1 -1 -10 679.000000 171.000000 698.000000 221.000000 1.709360 0.650606 0.756130 3.025921 1.319430 24.995175 -1.597953 0.261326
Car -1 -1 -10 536.000000 173.000000 591.000000 242.000000 1.590256 1.641784 3.884168 -1.230591 1.574669 23.525192 1.642957 0.403943
Cyclist -1 -1 -10 539.000000 166.000000 579.000000 255.000000 1.795383 0.581340 1.709686 -0.960979 1.461631 14.028083 -2.239046 0.924361
Cyclist -1 -1 -10 543.000000 174.000000 597.000000 229.000000 1.697354 0.739192 1.758138 -0.798144 1.953365 22.110883 2.349169 0.101744
Cyclist -1 -1 -10 918.000000 176.000000 937.000000 239.000000 1.779941 0.615295 1.846573 9.127019 1.401459 20.117402 1.950877 0.015203
Cyclist -1 -1 -10 764.000000 170.000000 798.000000 275.000000 1.658367 0.578777 1.607524 3.036317 1.160277 12.063014 2.838619 0.012871
Cyclist -1 -1 -10 889.000000 171.000000 930.000000 309.000000 1.676284 0.579614 1.641985 2.632300 1.386655 6.011552 3.039633 0.010289
