Pedestrian -1 -1 -10 1003.000000 159.000000 1038.000000 241.000000 1.758245 0.640273 0.924797 8.518388 1.478656 15.007705 -2.057404 0.815887
Pedestrian -1 -1 -10 957.000000 158.000000 1003.000000 245.000000 1.765476 0.555622 0.666231 7.583862 1.582583 14.584047 1.061017 0.066996
Pedestrian -1 -1 -10 964.000000 162.000000 988.000000 226.000000 1.718453 0.541927 0.572361 7.752155 1.326120 15.077996 -1.296455 0.021323
Car -1 -1 -10 1003.000000 162.000000 1038.000000 240.000000 1.512544 1.568440 3.460854 8.742186 1.304365 16.435678 2.082401 0.016173
Car -1 -1 -10 908.000000 172.000000 973.000000 206.000000 1.529093 1.622263 3.800174 19.501159 1.951513 45.466046 1.962264 0.013301
Cyclist -1 -1 -10 918.000000 159.000000 994.000000 262.000000 1.772654 0.551411 1.814009 5.883487 1.504772 12.522749 -1.584318 0.999681
Cyclist -1 -1 -10 954.000000 159.000000 1005.000000 254.000000 1.791885 0.420765 1.810153 6.135805 1.508327 12.589135 -1.890621 0.959929
Cyclist -1 -1 -10 997.000000 161.000000 1046.000000 240.000000 1.761804 0.551318 1.773929 8.496051 1.464487 15.105843 -1.558879 0.883015
Cyclist -1 -1 -10 778.000000 168.000000 797.000000 210.000000 1.696104 0.529720 1.687324 7.057403 1.523620 29.048542 -1.760085 0.877053
Cyclist -1 -1 -10 949.000000 162.000000 990.000000 212.000000 1.697564 0.763111 1.764130 7.733871 1.261062 15.577011 -1.111654 0.144478
Cyclist -1 -1 -10 908.000000 172.000000 970.000000 208.000000 1.676052 0.524879 1.618520 19.329192 2.103923 43.953805 -1.092115 0.138898
Cyclist -1 -1 -10 975.000000 167.000000 1023.000000 231.000000 1.777268 0.534221 1.775486 8.207393 1.340330 15.238230 -0.527050 0.066942
Cyclist -1 -1 -10 995.000000 168.000000 1031.000000 218.000000 1.602799 0.377818 1.478005 9.272226 1.283175 16.690886 -1.076027 0.015860
