Car -1 -1 -10 369.000000 188.000000 490.000000 265.000000 1.462482 1.670041 4.068768 -3.937481 1.875223 16.136262 1.539276 0.999286
Car -1 -1 -10 455.000000 186.000000 520.000000 232.000000 1.441245 1.564676 3.626032 -4.179420 1.939921 24.883776 1.570172 0.998075
Car -1 -1 -10 633.000000 177.000000 677.000000 208.000000 1.483023 1.618056 3.931211 2.110018 1.679007 36.587130 -1.590100 0.997051
Car -1 -1 -10 194.000000 201.000000 350.000000 282.000000 1.445229 1.641196 4.015270 -6.885851 2.063676 14.944179 1.557263 0.995664
Car -1 -1 -10 735.000000 162.000000 861.000000 204.000000 1.609955 1.544855 3.754734 7.979531 1.335439 30.292516 3.340132 0.978020
Car -1 -1 -10 814.000000 157.000000 869.000000 182.000000 1.509132 1.524747 3.407649 6.182953 1.324968 20.671797 2.456271 0.132847
Car -1 -1 -10 891.000000 152.000000 947.000000 177.000000 1.489026 1.615758 3.927639 20.480412 0.339820 49.568892 -1.250533 0.060366
Car -1 -1 -10 2.000000 221.000000 95.000000 369.000000 1.484257 1.525535 3.725596 -7.083506 2.571042 10.154456 1.421140 0.034078
Car -1 -1 -10 416.000000 189.000000 471.000000 224.000000 1.471386 1.575277 3.676158 -6.508795 1.780351 30.558504 1.389311 0.011216
Cyclist -1 -1 -10 2.000000 221.000000 95.000000 369.000000 1.628926 0.720420 1.744853 -7.281541 2.701909 9.544845 2.058249 0.022020
