Car -1 -1 -10 698.000000 192.000000 799.000000 264.000000 1.429619 1.565039 3.524344 2.981547 1.578449 15.781468 -1.588896 0.999620
Car -1 -1 -10 31.000000 196.000000 393.000000 375.000000 1.465238 1.603739 3.791158 -3.643228 1.557052 7.393538 -1.565945 0.999590
Car -1 -1 -10 405.000000 184.000000 504.000000 256.000000 1.555801 1.585541 3.577643 -3.716995 1.580158 17.643942 -1.562852 0.999326
Car -1 -1 -10 646.000000 184.000000 692.000000 218.000000 1.439635 1.620681 3.874993 2.880902 1.439646 33.860899 -1.609426 0.998953
Car -1 -1 -10 362.000000 186.000000 428.000000 225.000000 1.461592 1.626621 3.877830 -8.261510 1.512512 28.134291 -1.521681 0.986372
Car -1 -1 -10 229.000000 189.000000 348.000000 235.000000 1.498054 1.537670 3.856139 -11.540841 1.485804 24.317238 -1.380318 0.985797
Car -1 -1 -10 468.000000 185.000000 528.000000 232.000000 1.569403 1.637110 4.002119 -3.930876 1.556274 26.141446 -1.581949 0.937676
Car -1 -1 -10 495.000000 186.000000 539.000000 217.000000 1.521785 1.587066 3.620183 -4.557184 1.740891 36.576253 -1.554110 0.291041
Car -1 -1 -10 448.000000 179.000000 483.000000 206.000000 1.532932 1.647874 3.725413 -9.019904 0.834854 45.610821 -1.668067 0.034221
Car -1 -1 -10 445.000000 181.000000 494.000000 224.000000 1.499062 1.588687 3.741293 -4.022992 1.046479 25.930360 1.421169 0.019642
Cyclist -1 -1 -10 232.000000 187.000000 345.000000 234.000000 1.701082 0.516130 1.572393 -7.789944 1.467806 19.190231 -2.000963 0.022195
