Car -1 -1 -10 105.000000 186.000000 382.000000 279.000000 1.468018 1.633263 3.848851 -6.309362 1.769922 12.568985 -3.099725 0.995939
Car -1 -1 -10 655.000000 178.000000 692.000000 205.000000 1.463385 1.628516 3.851369 3.315639 1.707092 37.924532 -1.546039 0.993484
Car -1 -1 -10 322.000000 179.000000 505.000000 230.000000 1.577058 1.574960 4.081303 -5.882719 1.715421 22.207990 0.079403 0.972904
Car -1 -1 -10 806.000000 169.000000 1240.000000 373.000000 1.661495 1.633422 3.949031 2.592989 1.717046 4.044226 -1.585304 0.947405
Car -1 -1 -10 -5.000000 197.000000 239.000000 346.000000 1.470456 1.601950 3.965514 -6.598788 1.715689 7.733248 -3.213300 0.894472
Car -1 -1 -10 402.000000 177.000000 515.000000 219.000000 1.584693 1.553979 3.838860 -5.962380 1.674519 27.877762 -0.042777 0.474043
Car -1 -1 -10 213.000000 184.000000 387.000000 249.000000 1.531621 1.572229 3.677694 -6.432054 1.726340 16.120166 -2.686124 0.397152
Car -1 -1 -10 438.000000 170.000000 535.000000 212.000000 1.560436 1.680698 3.943870 -5.032300 1.620471 32.848167 -3.146479 0.260562
Car -1 -1 -10 463.000000 173.000000 564.000000 205.000000 1.576862 1.629212 4.027286 -5.179347 1.522074 34.819513 -0.051934 0.037553
Car -1 -1 -10 1.000000 196.000000 159.000000 296.000000 1.488309 1.631007 4.015711 -10.081352 1.745330 13.000609 1.567106 0.034127
Car -1 -1 -10 224.000000 191.000000 305.000000 227.000000 1.522992 1.619430 3.809556 -18.786498 1.969603 37.648186 -2.041926 0.020304
