Pedestrian -1 -1 -10 722.000000 142.000000 787.000000 327.000000 1.798669 0.667644 0.779183 1.418276 1.410470 7.226114 1.696184 0.999362
Pedestrian -1 -1 -10 1014.000000 143.000000 1090.000000 336.000000 1.737396 0.576731 0.822969 4.162323 1.362718 6.674710 1.178698 0.999098
Pedestrian -1 -1 -10 802.000000 144.000000 877.000000 325.000000 1.785586 0.656854 0.645377 2.276718 1.387139 7.112003 1.761812 0.998985
Pedestrian -1 -1 -10 922.000000 144.000000 1010.000000 339.000000 1.770552 0.627743 0.897919 3.353624 1.397249 6.667781 1.450023 0.998473
Pedestrian -1 -1 -10 504.000000 141.000000 559.000000 320.000000 1.765759 0.618257 0.912731 -0.860725 1.363825 7.594907 1.353354 0.995139
Pedestrian -1 -1 -10 583.000000 137.000000 637.000000 300.000000 1.821101 0.690582 0.965311 0.028860 1.348059 8.694809 1.033073 0.992538
Pedestrian -1 -1 -10 666.000000 139.000000 712.000000 281.000000 1.809685 0.660564 0.863782 1.047940 1.318302 9.343279 1.154404 0.989362
Pedestrian -1 -1 -10 639.000000 160.000000 690.000000 293.000000 1.718301 0.602530 0.861133 0.803878 1.358163 9.072565 -2.554133 0.987872
Pedestrian -1 -1 -10 556.000000 150.000000 604.000000 304.000000 1.797804 0.708559 0.854610 -0.349506 1.394964 8.396839 0.921627 0.949570
Pedestrian -1 -1 -10 495.000000 141.000000 530.000000 237.000000 1.798120 0.651052 0.893443 -1.856562 1.025733 13.218847 1.297728 0.931237
Pedestrian -1 -1 -10 253.000000 135.000000 290.000000 256.000000 1.857299 0.648848 0.946970 -5.460832 1.101304 11.548744 -2.543987 0.707468
Pedestrian -1 -1 -10 1127.000000 137.000000 1223.000000 367.000000 1.625924 0.506860 0.561994 2.247394 1.515466 2.640525 1.277246 0.693045
Pedestrian -1 -1 -10 660.000000 141.000000 692.000000 243.000000 1.751088 0.562196 0.768584 0.925890 1.131396 9.350160 2.708242 0.632901
Pedestrian -1 -1 -10 888.000000 163.000000 923.000000 238.000000 1.794321 0.585008 0.907224 7.381834 1.435684 17.734210 3.004369 0.623173
Pedestrian -1 -1 -10 613.000000 139.000000 639.000000 207.000000 1.763472 0.540897 0.640731 0.245970 1.420557 14.019786 -2.208333 0.413681
Pedestrian -1 -1 -10 490.000000 140.000000 503.000000 180.000000 1.717706 0.539788 0.543149 -5.795833 0.429417 37.436228 -1.763010 0.379676
Pedestrian -1 -1 -10 570.000000 147.000000 604.000000 240.000000 1.691072 0.515445 0.607037 -0.383091 0.876803 13.354214 2.546639 0.292937
Pedestrian -1 -1 -10 496.000000 141.000000 514.000000 203.000000 1.759984 0.657644 0.672383 -1.971364 1.031903 12.950540 0.824881 0.268748
Pedestrian -1 -1 -10 551.000000 146.000000 567.000000 197.000000 1.816383 0.568766 0.762001 -1.959496 0.409099 28.772811 -2.090385 0.122805
Cyclist -1 -1 -10 296.000000 144.000000 338.000000 218.000000 1.739641 0.514802 1.456977 -6.639493 1.245840 16.363297 -2.004017 0.750975
Cyclist -1 -1 -10 249.000000 136.000000 294.000000 256.000000 1.847264 0.693157 1.812818 -5.426603 1.080297 11.509611 0.606886 0.363139
Cyclist -1 -1 -10 493.000000 139.000000 530.000000 237.000000 1.781337 0.622773 1.701614 -1.816200 0.895456 13.319642 0.921594 0.303059
Cyclist -1 -1 -10 304.000000 152.000000 367.000000 210.000000 1.697031 0.481972 1.444753 -9.063448 0.891947 23.182034 -1.967651 0.270059
Cyclist -1 -1 -10 328.000000 153.000000 389.000000 202.000000 1.655680 0.468291 1.499362 -3.890246 0.896145 10.907404 -1.959828 0.212353
Cyclist -1 -1 -10 550.000000 146.000000 567.000000 198.000000 1.779798 0.618687 1.762565 -1.970462 0.375450 29.111398 -1.726771 0.156411
Cyclist -1 -1 -10 258.000000 144.000000 353.000000 228.000000 1.680753 0.611567 1.672762 -6.443936 1.329661 14.635687 1.271274 0.138232
Cyclist -1 -1 -10 570.000000 144.000000 600.000000 208.000000 1.674498 0.470127 1.683824 -0.852464 -0.221234 30.944235 -2.028236 0.099183
Cyclist -1 -1 -10 498.000000 145.000000 546.000000 277.000000 1.611196 0.307275 1.312131 -1.125792 1.558311 10.847104 -1.700816 0.074232
Cyclist -1 -1 -10 348.000000 150.000000 381.000000 193.000000 1.701542 0.611773 1.645985 -11.828844 0.611277 34.646702 -1.907494 0.059284
Cyclist -1 -1 -10 569.000000 146.000000 605.000000 261.000000 1.674026 0.677553 1.685631 -0.048435 1.482262 8.863620 2.670559 0.057976
Cyclist -1 -1 -10 512.000000 143.000000 544.000000 206.000000 1.697314 0.517426 1.540303 -1.997720 1.155578 16.536968 -1.722416 0.050588
Cyclist -1 -1 -10 604.000000 139.000000 637.000000 208.000000 1.727508 0.648545 1.791017 0.184173 0.712428 13.571951 -2.107433 0.020329
Cyclist -1 -1 -10 553.000000 148.000000 612.000000 301.000000 1.782588 0.623933 1.696742 -0.240759 1.388398 8.592545 0.804760 0.019002
Cyclist -1 -1 -10 492.000000 139.000000 509.000000 188.000000 1.695772 0.475786 1.533212 -1.683988 0.539616 10.281066 -1.772675 0.015487
Cyclist -1 -1 -10 662.000000 144.000000 705.000000 248.000000 1.677326 0.637803 1.673423 1.413139 0.667450 13.790599 2.184347 0.014445
Cyclist -1 -1 -10 496.000000 141.000000 514.000000 203.000000 1.793306 0.509846 1.554102 -2.184038 0.935379 14.524361 -1.697760 0.013301
Cyclist -1 -1 -10 1135.000000 136.000000 1222.000000 372.000000 1.699583 0.702650 1.720334 2.310259 1.359466 2.686473 3.310886 0.010880
