Pedestrian -1 -1 -10 712.000000 156.000000 790.000000 346.000000 1.739564 0.729199 1.005617 1.438248 1.491799 7.122114 -1.455781 0.997879
Pedestrian -1 -1 -10 658.000000 164.000000 729.000000 347.000000 1.708195 0.640597 0.878015 0.846410 1.489378 7.055186 1.256772 0.995329
Pedestrian -1 -1 -10 199.000000 157.000000 273.000000 341.000000 1.740225 0.662913 0.822148 -3.716615 1.510815 7.225105 -1.992566 0.920103
Pedestrian -1 -1 -10 777.000000 159.000000 800.000000 236.000000 1.808025 0.666568 0.788320 4.636829 1.402518 17.678081 1.785678 0.822399
Pedestrian -1 -1 -10 227.000000 157.000000 360.000000 368.000000 1.709179 0.698482 0.778564 -2.493562 1.561792 6.148007 1.649703 0.163247
Pedestrian -1 -1 -10 873.000000 162.000000 899.000000 243.000000 1.730319 0.595570 0.890533 5.947068 1.311455 15.295178 -0.196649 0.076835
Pedestrian -1 -1 -10 711.000000 168.000000 732.000000 250.000000 1.762423 0.645392 0.756210 3.046373 1.451253 18.145701 2.197174 0.057066
Pedestrian -1 -1 -10 692.000000 172.000000 708.000000 221.000000 1.705730 0.637387 0.631260 4.194848 1.328678 30.421723 -1.950181 0.047811
Pedestrian -1 -1 -10 283.000000 173.000000 301.000000 223.000000 1.817404 0.500557 0.689713 -14.594526 1.886804 33.134434 -1.482940 0.033977
Pedestrian -1 -1 -10 823.000000 161.000000 878.000000 277.000000 1.688314 0.611892 0.826803 4.455166 1.287950 12.899591 -0.776117 0.022305
Pedestrian -1 -1 -10 794.000000 154.000000 904.000000 342.000000 1.745264 0.649786 0.879023 2.485291 2.027947 7.359261 2.353274 0.021915
Pedestrian -1 -1 -10 699.000000 165.000000 737.000000 284.000000 1.695036 0.639144 0.562114 1.551583 1.513980 8.837198 -2.105577 0.019023
Pedestrian -1 -1 -10 446.000000 172.000000 463.000000 216.000000 1.825549 0.642793 0.873624 -6.564072 1.375152 31.310343 -0.799215 0.016518
Car -1 -1 -10 515.000000 168.000000 565.000000 209.000000 1.737857 1.697593 3.999110 -3.117933 1.221173 37.771656 -1.575464 0.036275
Cyclist -1 -1 -10 218.000000 148.000000 370.000000 373.000000 1.761093 0.630651 1.817519 -2.519050 1.594973 5.928053 1.512536 0.997158
Cyclist -1 -1 -10 397.000000 170.000000 453.000000 237.000000 1.663306 0.532785 1.785800 -4.677220 1.432931 19.507941 1.268167 0.995643
Cyclist -1 -1 -10 794.000000 153.000000 905.000000 347.000000 1.712576 0.542279 1.810769 2.146197 1.969700 6.987444 2.486164 0.989376
Cyclist -1 -1 -10 190.000000 156.000000 287.000000 355.000000 1.831698 0.533270 1.765135 -3.875322 1.655816 7.400237 -2.167125 0.670014
Cyclist -1 -1 -10 893.000000 187.000000 1128.000000 369.000000 1.692656 0.498800 1.684588 2.639209 1.688713 4.812255 -0.122782 0.330963
Cyclist -1 -1 -10 767.000000 159.000000 798.000000 248.000000 1.670048 0.534965 1.730559 3.778816 1.521366 15.816267 -1.490284 0.124320
Cyclist -1 -1 -10 282.000000 172.000000 302.000000 231.000000 1.677041 0.414578 1.558611 -5.698417 1.325357 13.173030 -0.296196 0.048616
Cyclist -1 -1 -10 822.000000 161.000000 879.000000 292.000000 1.754861 0.524646 1.725290 4.456587 1.368992 13.022494 1.918135 0.043349
Cyclist -1 -1 -10 753.000000 167.000000 797.000000 285.000000 1.688108 0.536114 1.722337 2.369526 1.289639 10.487953 -1.365600 0.030651
Cyclist -1 -1 -10 225.000000 183.000000 320.000000 298.000000 1.699437 0.548040 1.698322 -5.041850 1.778440 11.557779 -1.542784 0.027022
Cyclist -1 -1 -10 708.000000 156.000000 796.000000 343.000000 1.854930 0.677054 1.710653 1.388184 1.580557 7.102682 -1.379862 0.017886
Cyclist -1 -1 -10 692.000000 172.000000 708.000000 221.000000 1.683190 0.607833 1.656742 4.194127 1.413180 30.541028 -1.410222 0.012797
