Car -1 -1 -10 656.000000 179.000000 712.000000 222.000000 1.428942 1.624025 3.946582 2.658547 1.687843 26.111644 -1.543274 0.998908
Car -1 -1 -10 -10.000000 177.000000 365.000000 296.000000 1.556846 1.624052 4.051127 -6.462437 1.639612 10.301417 -0.020474 0.995280
Car -1 -1 -10 279.000000 179.000000 462.000000 243.000000 1.553220 1.600104 3.887678 -5.914867 1.726330 18.511618 -0.002233 0.972842
Car -1 -1 -10 393.000000 176.000000 517.000000 217.000000 1.583128 1.587967 4.115784 -6.324315 1.704265 29.449375 -3.222464 0.687500
Car -1 -1 -10 -4.000000 168.000000 192.000000 335.000000 1.582687 1.627932 3.673251 -6.902189 1.670545 7.744034 -3.213923 0.640957
Car -1 -1 -10 150.000000 184.000000 395.000000 259.000000 1.496157 1.598237 3.868470 -5.963479 1.600314 13.597232 0.582160 0.535974
Car -1 -1 -10 467.000000 173.000000 544.000000 202.000000 1.508457 1.581015 3.902610 -5.728565 1.604391 40.735195 -3.085598 0.410205
Car -1 -1 -10 720.000000 176.000000 820.000000 238.000000 1.527306 1.500743 3.334711 4.213179 2.194431 24.281118 1.768153 0.175443
Car -1 -1 -10 452.000000 178.000000 518.000000 206.000000 1.499804 1.606737 4.030961 -5.768557 1.384427 30.135028 -3.200360 0.099596
Car -1 -1 -10 354.000000 174.000000 470.000000 224.000000 1.531969 1.610055 3.911213 -6.866826 1.479714 25.750979 -3.220800 0.066755
Car -1 -1 -10 712.000000 175.000000 779.000000 222.000000 1.543648 1.582109 3.646660 5.114493 1.556806 32.320667 1.270850 0.054231
Car -1 -1 -10 703.000000 176.000000 756.000000 210.000000 1.512210 1.621687 3.765136 6.329491 1.599946 36.174909 -1.417645 0.028874
