Pedestrian -1 -1 -10 940.000000 153.000000 989.000000 285.000000 1.700817 0.592405 0.661220 4.454933 1.279312 8.947136 -1.555236 0.991345
Pedestrian -1 -1 -10 595.000000 158.000000 605.000000 193.000000 1.794936 0.654533 0.564784 -0.066714 0.565631 39.091340 1.574964 0.484746
Pedestrian -1 -1 -10 65.000000 162.000000 326.000000 383.000000 1.729499 0.821971 0.716205 -2.149338 1.526401 3.854901 1.606738 0.394930
Pedestrian -1 -1 -10 580.000000 158.000000 593.000000 194.000000 1.720924 0.632968 0.677136 -0.833683 0.477233 38.903155 -1.049007 0.291855
Pedestrian -1 -1 -10 658.000000 158.000000 668.000000 185.000000 1.772200 0.612086 0.839324 4.079795 0.286980 47.185032 -1.927540 0.218511
Pedestrian -1 -1 -10 1085.000000 152.000000 1147.000000 281.000000 1.705730 0.637387 0.631260 5.580631 1.569630 8.153168 -1.464415 0.097897
Pedestrian -1 -1 -10 643.000000 157.000000 651.000000 184.000000 1.735682 0.573575 0.743674 0.246223 1.058124 6.777076 3.049886 0.089063
Pedestrian -1 -1 -10 779.000000 152.000000 806.000000 234.000000 1.815194 0.720352 0.871466 4.444372 1.026637 17.078458 -1.203525 0.085378
Pedestrian -1 -1 -10 587.000000 158.000000 602.000000 192.000000 1.762425 0.555873 0.633385 -0.530673 0.720566 40.760320 -1.144755 0.060012
Pedestrian -1 -1 -10 662.000000 157.000000 672.000000 185.000000 1.821894 0.568695 0.948512 4.468243 0.395551 47.336889 1.240523 0.036863
Pedestrian -1 -1 -10 1064.000000 141.000000 1123.000000 276.000000 1.774746 0.566671 0.722097 6.099864 1.029325 8.843085 3.200933 0.033147
Pedestrian -1 -1 -10 670.000000 158.000000 677.000000 186.000000 1.859843 0.701069 0.815345 4.799249 0.396125 47.854610 1.583894 0.022762
Pedestrian -1 -1 -10 1110.000000 142.000000 1219.000000 280.000000 1.719681 0.537048 0.811963 5.145032 1.148123 6.564420 3.769588 0.014209
Car -1 -1 -10 612.000000 165.000000 651.000000 197.000000 1.542752 1.657982 3.977393 1.310671 0.887051 34.739700 -1.481600 0.998640
Cyclist -1 -1 -10 40.000000 171.000000 356.000000 372.000000 1.703743 0.553856 1.732552 -2.098584 1.492050 3.650131 1.660493 0.998652
