Pedestrian -1 -1 -10 633.000000 178.000000 654.000000 214.000000 1.783953 0.578807 0.811858 1.922409 1.848387 34.971027 2.561666 0.058156
Pedestrian -1 -1 -10 475.000000 187.000000 482.000000 217.000000 1.739903 0.628737 0.770370 -6.464252 2.249168 35.408556 -1.332855 0.018701
Car -1 -1 -10 498.000000 185.000000 550.000000 229.000000 1.553088 1.657190 3.963853 -3.412974 2.060876 28.468251 -1.595273 0.999066
Car -1 -1 -10 579.000000 183.000000 606.000000 209.000000 1.551142 1.676133 4.015269 -1.329974 2.323279 46.637970 -1.580547 0.997546
Car -1 -1 -10 337.000000 193.000000 405.000000 231.000000 1.535207 1.673348 4.201139 -10.416494 2.427306 32.005708 1.540920 0.989570
Car -1 -1 -10 402.000000 189.000000 438.000000 214.000000 1.530374 1.658538 3.729803 -13.822635 3.268423 51.506262 -1.826639 0.087163
Cyclist -1 -1 -10 637.000000 177.000000 669.000000 214.000000 1.732814 0.622556 1.771991 1.948740 1.904598 34.526209 -2.534460 0.962308
Cyclist -1 -1 -10 631.000000 179.000000 654.000000 213.000000 1.766805 0.548233 1.691818 1.880684 1.945363 35.139684 -2.139716 0.710571
Cyclist -1 -1 -10 629.000000 181.000000 644.000000 210.000000 1.738039 0.636678 1.756449 1.322654 1.893843 36.112334 1.585300 0.021357
Cyclist -1 -1 -10 644.000000 177.000000 659.000000 213.000000 1.757907 0.581153 1.793840 1.972670 1.883454 34.546044 1.113416 0.015844
