Pedestrian -1 -1 -10 766.000000 170.000000 842.000000 371.000000 1.651063 0.602138 0.790106 1.650652 1.546884 6.081418 -1.421740 0.998786
Pedestrian -1 -1 -10 853.000000 158.000000 949.000000 373.000000 1.780925 0.706040 1.080791 2.495419 1.540305 6.045038 -1.571931 0.997551
Pedestrian -1 -1 -10 640.000000 165.000000 666.000000 255.000000 1.772490 0.643292 0.770058 0.998951 1.491349 14.629135 3.144864 0.994726
Pedestrian -1 -1 -10 193.000000 164.000000 271.000000 357.000000 1.731842 0.726551 0.837791 -3.584080 1.585837 6.908228 -1.986126 0.986898
Pedestrian -1 -1 -10 1105.000000 153.000000 1170.000000 263.000000 1.747339 0.568010 0.919779 8.336715 1.243899 11.259888 3.769789 0.960916
Pedestrian -1 -1 -10 725.000000 169.000000 754.000000 243.000000 1.721106 0.655801 1.009895 3.133171 1.383841 16.439113 -1.797455 0.930138
Pedestrian -1 -1 -10 906.000000 157.000000 941.000000 244.000000 1.654452 0.662078 0.592385 6.793842 1.193669 15.145925 3.054998 0.864403
Pedestrian -1 -1 -10 215.000000 178.000000 283.000000 300.000000 1.795706 0.578232 0.828700 -4.994891 1.538916 10.464788 2.242623 0.503334
Pedestrian -1 -1 -10 1126.000000 154.000000 1170.000000 227.000000 1.774780 0.637164 0.486152 10.465429 1.171519 13.540238 -0.501899 0.386212
Pedestrian -1 -1 -10 881.000000 163.000000 942.000000 271.000000 1.753062 0.663787 0.647634 6.267467 1.509538 14.701133 0.332574 0.199520
Pedestrian -1 -1 -10 439.000000 177.000000 459.000000 227.000000 1.744063 0.695115 0.949290 -5.558409 1.641290 26.027419 -1.756317 0.157027
Pedestrian -1 -1 -10 1179.000000 148.000000 1214.000000 209.000000 1.698983 0.528629 0.663634 12.887920 0.868874 15.566518 1.149072 0.073081
Pedestrian -1 -1 -10 431.000000 174.000000 448.000000 225.000000 1.784996 0.622310 0.898071 -6.085655 1.627153 26.860857 1.870146 0.041329
Car -1 -1 -10 471.000000 169.000000 534.000000 221.000000 1.937991 1.776454 4.162623 -3.917108 1.472210 28.906539 1.561797 0.611751
Car -1 -1 -10 498.000000 171.000000 555.000000 218.000000 1.649380 1.580847 3.726589 -3.682114 1.219308 29.174195 1.609286 0.064117
Car -1 -1 -10 525.000000 171.000000 560.000000 208.000000 1.547734 1.633941 3.691739 -3.677440 1.089998 29.634715 1.967689 0.010127
Cyclist -1 -1 -10 178.000000 172.000000 302.000000 320.000000 1.697031 0.481972 1.444754 -5.242638 2.023077 9.603242 -2.069278 0.977878
Cyclist -1 -1 -10 217.000000 174.000000 273.000000 319.000000 1.673011 0.677027 1.762085 -5.507474 1.195469 10.664090 -2.146749 0.085317
Cyclist -1 -1 -10 898.000000 160.000000 947.000000 252.000000 1.682008 0.460774 1.727485 6.653473 1.173582 14.945234 2.923344 0.057025
Cyclist -1 -1 -10 862.000000 161.000000 941.000000 340.000000 1.719302 0.569909 1.647188 2.535677 1.443687 6.348692 -1.219968 0.019467
Cyclist -1 -1 -10 1111.000000 153.000000 1169.000000 239.000000 1.744836 0.544103 1.644380 9.532551 1.082661 12.434194 -1.886308 0.015007
Cyclist -1 -1 -10 1131.000000 148.000000 1170.000000 214.000000 1.732145 0.575318 1.607394 12.333820 0.646156 16.064740 -1.019563 0.013613
Cyclist -1 -1 -10 190.000000 191.000000 278.000000 267.000000 1.754684 0.546237 1.718454 -5.875298 1.503227 11.841923 -0.415269 0.010163
