Pedestrian -1 -1 -10 863.000000 181.000000 905.000000 343.000000 1.689215 0.516368 0.504232 2.750737 1.778476 7.310667 2.461684 0.992102
Pedestrian -1 -1 -10 847.000000 182.000000 952.000000 331.000000 1.771081 0.604696 0.838746 2.840549 1.784553 7.236232 2.917781 0.080821
Pedestrian -1 -1 -10 759.000000 184.000000 892.000000 282.000000 1.766560 0.592473 0.804659 3.381223 1.930733 13.129640 -0.876984 0.020162
Car -1 -1 -10 721.000000 183.000000 802.000000 242.000000 1.420318 1.583031 3.864938 3.981885 1.689143 19.828699 -1.500747 0.994607
Car -1 -1 -10 555.000000 174.000000 595.000000 205.000000 1.545774 1.625880 3.937108 -1.904615 1.655635 37.699650 1.553994 0.991342
Car -1 -1 -10 759.000000 183.000000 892.000000 278.000000 1.490362 1.639586 3.998362 4.051905 1.745546 13.788261 1.614259 0.988631
Car -1 -1 -10 -1.000000 199.000000 376.000000 375.000000 1.582441 1.580513 3.736992 -2.940102 1.809897 4.832219 1.574132 0.985763
Car -1 -1 -10 877.000000 176.000000 1195.000000 376.000000 1.653773 1.638320 3.927467 3.578965 1.737398 7.352913 -1.561388 0.980068
Car -1 -1 -10 713.000000 179.000000 767.000000 233.000000 1.519196 1.539999 3.387192 4.301490 1.819107 24.990477 -1.575258 0.970170
Car -1 -1 -10 439.000000 160.000000 557.000000 261.000000 1.836623 1.695053 4.135248 -2.501104 1.687565 16.202892 1.568826 0.957584
Car -1 -1 -10 696.000000 177.000000 739.000000 216.000000 1.583066 1.614482 3.655019 4.630814 1.830501 31.911863 -1.550671 0.692842
Car -1 -1 -10 682.000000 177.000000 723.000000 210.000000 1.536661 1.597742 3.813863 4.503347 1.709358 36.421929 -1.550054 0.231054
Car -1 -1 -10 841.000000 184.000000 989.000000 338.000000 1.702184 1.704890 4.142660 4.262256 1.772880 7.558649 -0.519105 0.101496
Car -1 -1 -10 573.000000 174.000000 602.000000 199.000000 1.512771 1.608072 3.911003 -1.683673 1.586360 37.744603 1.626515 0.084420
Car -1 -1 -10 674.000000 175.000000 709.000000 203.000000 1.514402 1.597155 3.781875 4.715984 1.927014 41.758785 -1.570877 0.024423
