Pedestrian -1 -1 -10 65.000000 156.000000 247.000000 376.000000 1.680732 0.658637 0.898459 -3.041747 1.636744 5.121987 1.532853 0.020760
Car -1 -1 -10 737.000000 165.000000 1005.000000 334.000000 1.564829 1.606228 3.552091 2.736706 1.479740 8.620833 -1.719776 0.999179
Car -1 -1 -10 599.000000 165.000000 672.000000 216.000000 1.501189 1.585715 3.509120 0.768443 1.311565 23.333064 -1.758266 0.999178
Car -1 -1 -10 543.000000 159.000000 615.000000 190.000000 1.500116 1.596150 3.897561 -1.651585 0.886144 38.726532 2.479958 0.985623
Car -1 -1 -10 659.000000 158.000000 750.000000 191.000000 1.646451 1.678599 4.110185 4.563854 0.892652 35.194535 -0.755912 0.971992
Car -1 -1 -10 719.000000 158.000000 801.000000 188.000000 1.592747 1.671696 3.970622 7.933594 0.717731 37.966560 -0.737042 0.907400
Car -1 -1 -10 784.000000 156.000000 856.000000 195.000000 1.644949 1.663299 4.139948 11.920803 0.745621 41.790812 2.435652 0.264829
Car -1 -1 -10 643.000000 160.000000 708.000000 188.000000 1.482942 1.591039 3.679601 3.621147 1.085600 34.588832 1.042643 0.042328
Car -1 -1 -10 894.000000 157.000000 953.000000 184.000000 1.499959 1.601964 3.772906 22.260596 0.756116 50.251460 -0.573589 0.026954
Car -1 -1 -10 882.000000 155.000000 930.000000 189.000000 1.479013 1.566507 3.572315 8.174229 1.312282 20.552440 2.831971 0.021080
Car -1 -1 -10 805.000000 159.000000 933.000000 203.000000 1.597502 1.668584 4.090403 14.948476 0.676402 42.365017 -2.791384 0.013849
Cyclist -1 -1 -10 49.000000 157.000000 271.000000 376.000000 1.681387 0.518136 1.751489 -2.994404 1.610976 4.916230 1.559937 0.999687
Cyclist -1 -1 -10 783.000000 156.000000 855.000000 197.000000 1.726314 0.599864 1.819314 11.342299 0.945483 40.194668 -0.415546 0.216106
Cyclist -1 -1 -10 840.000000 162.000000 950.000000 206.000000 1.629698 0.447615 1.477586 5.413438 1.185068 14.036495 -1.221097 0.063947
Cyclist -1 -1 -10 796.000000 159.000000 888.000000 208.000000 1.680906 0.514451 1.754651 11.967453 1.096905 40.655278 -0.384099 0.040573
Cyclist -1 -1 -10 882.000000 155.000000 940.000000 195.000000 1.620434 0.445909 1.489750 4.970254 1.241848 12.283983 -1.215004 0.023684
Cyclist -1 -1 -10 895.000000 152.000000 917.000000 197.000000 1.633829 0.465807 1.533663 3.840095 1.251333 9.699778 -1.239664 0.012426
