Car -1 -1 -10 578.000000 172.000000 652.000000 240.000000 1.548527 1.666815 3.687671 0.108376 1.305417 18.929149 -1.578475 0.999471
Car -1 -1 -10 378.000000 179.000000 484.000000 249.000000 1.546364 1.622685 3.715533 -4.292566 1.444992 18.051791 -1.574790 0.999423
Car -1 -1 -10 -10.000000 172.000000 372.000000 376.000000 1.560168 1.633948 3.900018 -3.749566 1.493240 6.834427 -1.572579 0.995126
Car -1 -1 -10 461.000000 181.000000 516.000000 218.000000 1.437253 1.569398 3.719067 -4.900821 1.276944 29.810254 -1.569987 0.994791
Car -1 -1 -10 497.000000 178.000000 538.000000 209.000000 1.572210 1.610248 3.796010 -4.671735 1.220306 37.757453 -1.597123 0.941133
Car -1 -1 -10 253.000000 188.000000 333.000000 234.000000 1.491555 1.598239 3.698533 -8.633885 1.523634 19.544323 1.468976 0.181528
Car -1 -1 -10 192.000000 182.000000 346.000000 245.000000 1.501734 1.433271 2.878468 -11.879294 1.242251 24.750735 -2.029933 0.056555
Car -1 -1 -10 286.000000 184.000000 352.000000 215.000000 1.554273 1.612550 3.697704 -13.095031 1.369351 33.028758 1.536934 0.055965
Car -1 -1 -10 135.000000 180.000000 362.000000 275.000000 1.513652 1.646869 3.966766 -8.516315 1.532879 18.214358 1.647557 0.039175
Car -1 -1 -10 418.000000 173.000000 455.000000 198.000000 1.587687 1.633622 4.143463 -12.595134 0.553054 51.554491 -3.331059 0.033143
