Car -1 -1 -10 751.000000 175.000000 1227.000000 375.000000 1.626780 1.649887 4.019195 2.537488 1.690928 6.119901 -1.588534 0.990212
Car -1 -1 -10 172.000000 185.000000 396.000000 270.000000 1.471208 1.637405 3.912938 -6.451637 1.831698 14.403870 -3.115370 0.987154
Car -1 -1 -10 351.000000 181.000000 508.000000 227.000000 1.565577 1.543503 3.879049 -5.801414 1.862460 24.294326 0.089729 0.982691
Car -1 -1 -10 -10.000000 193.000000 298.000000 328.000000 1.468371 1.566349 3.789969 -6.146012 1.818781 9.595091 0.018062 0.978353
Car -1 -1 -10 647.000000 179.000000 683.000000 206.000000 1.484747 1.654047 4.064606 3.225591 1.722860 39.999829 -1.507449 0.975330
Car -1 -1 -10 434.000000 176.000000 532.000000 213.000000 1.624456 1.660926 3.699517 -5.084717 1.855948 35.200340 -3.203293 0.346256
Car -1 -1 -10 248.000000 184.000000 409.000000 239.000000 1.506501 1.645960 3.800474 -6.649344 1.669616 17.737709 -2.472374 0.283443
Car -1 -1 -10 101.000000 191.000000 320.000000 279.000000 1.572607 1.631857 3.889529 -6.758349 1.808287 14.299287 -3.170799 0.125907
Car -1 -1 -10 80.000000 223.000000 342.000000 375.000000 1.518594 1.587872 3.721782 -2.881874 1.756123 2.729555 1.676389 0.047547
Car -1 -1 -10 268.000000 187.000000 357.000000 228.000000 1.528690 1.552477 3.475459 -10.362653 1.437263 24.063511 -1.968933 0.023070
