Pedestrian -1 -1 -10 749.000000 154.000000 765.000000 216.000000 1.740723 0.662785 0.797935 5.696614 1.010093 28.182601 -1.758681 0.255266
Pedestrian -1 -1 -10 730.000000 153.000000 748.000000 219.000000 1.824430 0.743956 0.817629 5.067206 1.256836 28.562415 -1.406532 0.196709
Pedestrian -1 -1 -10 728.000000 159.000000 769.000000 214.000000 1.755927 0.669498 0.962761 5.365204 0.937180 28.255529 -0.963608 0.014862
Pedestrian -1 -1 -10 721.000000 166.000000 753.000000 210.000000 1.811486 0.619162 0.848567 5.152022 1.320799 28.329928 -1.226260 0.014677
Car -1 -1 -10 813.000000 180.000000 1250.000000 374.000000 1.462676 1.631087 3.924407 3.251883 1.571915 6.378656 -1.605699 0.999133
Car -1 -1 -10 366.000000 180.000000 456.000000 238.000000 1.542899 1.546018 3.586918 -5.718472 1.773077 21.066025 1.602573 0.998680
Car -1 -1 -10 708.000000 172.000000 825.000000 253.000000 1.506809 1.587617 3.728606 3.109356 1.552988 14.991919 -1.598339 0.998631
Car -1 -1 -10 416.000000 179.000000 484.000000 224.000000 1.460504 1.534932 3.534833 -5.668226 1.764743 26.044649 1.552111 0.986608
Car -1 -1 -10 1.000000 205.000000 208.000000 376.000000 1.477353 1.593774 3.778351 -5.552294 1.910243 6.294979 1.638116 0.940353
Car -1 -1 -10 685.000000 173.000000 757.000000 224.000000 1.484111 1.560252 3.432741 3.168370 1.470958 20.296788 -1.652061 0.919636
Car -1 -1 -10 95.000000 205.000000 158.000000 231.000000 1.422710 1.517923 3.638466 -13.962729 2.164954 20.919237 0.425423 0.044899
Cyclist -1 -1 -10 746.000000 160.000000 769.000000 212.000000 1.719877 0.528262 1.712019 5.715121 0.836911 28.576005 -0.834951 0.040559
Cyclist -1 -1 -10 732.000000 155.000000 760.000000 218.000000 1.759887 0.596810 1.724063 5.350879 0.816183 28.411102 -2.485718 0.015256
Cyclist -1 -1 -10 754.000000 169.000000 780.000000 208.000000 1.661263 0.612884 1.661162 5.972602 1.031803 28.261492 1.179151 0.014098
Cyclist -1 -1 -10 98.000000 206.000000 156.000000 235.000000 1.692547 0.448369 1.657890 -13.178692 2.239718 20.184200 -1.700064 0.011942
