Car -1 -1 -10 242.000000 176.000000 397.000000 270.000000 1.625234 1.643960 3.993433 -6.099161 1.847036 15.637375 1.557528 0.999454
Car -1 -1 -10 527.000000 179.000000 565.000000 204.000000 1.480985 1.647399 3.908587 -3.652804 1.851300 41.586446 1.609094 0.999100
Car -1 -1 -10 813.000000 175.000000 1250.000000 374.000000 1.537820 1.629974 3.918566 2.906576 1.611531 5.462659 -1.606208 0.995953
Car -1 -1 -10 351.000000 179.000000 446.000000 238.000000 1.665657 1.624848 3.901932 -6.308147 1.884424 22.277712 1.590747 0.995164
Car -1 -1 -10 1.000000 211.000000 217.000000 371.000000 1.463451 1.601281 3.857269 -6.047625 1.907747 7.593848 1.575705 0.964491
Car -1 -1 -10 442.000000 183.000000 493.000000 215.000000 1.445369 1.610188 4.028292 -6.582406 1.980527 32.930391 1.604801 0.938290
Car -1 -1 -10 693.000000 166.000000 770.000000 192.000000 1.483190 1.592076 3.894859 8.195777 1.510767 48.610054 0.212617 0.926997
Car -1 -1 -10 996.000000 153.000000 1200.000000 225.000000 1.538850 1.619386 3.807867 15.236280 0.892753 22.557965 3.643452 0.334371
Car -1 -1 -10 939.000000 159.000000 1233.000000 303.000000 1.455149 1.635155 3.958758 7.678070 1.443868 10.750570 2.670936 0.031891
Cyclist -1 -1 -10 993.000000 151.000000 1195.000000 227.000000 1.838941 0.571554 1.520135 9.519604 1.353964 14.285460 -1.603560 0.015276
Cyclist -1 -1 -10 1.000000 211.000000 217.000000 367.000000 1.711453 0.596965 1.897265 -5.579250 1.998302 7.581186 1.610773 0.010860
