Car -1 -1 -10 666.000000 180.000000 734.000000 231.000000 1.469950 1.615741 3.875276 2.753430 1.760424 22.707759 -1.557305 0.999171
Car -1 -1 -10 875.000000 164.000000 1118.000000 237.000000 1.492086 1.654291 4.208998 8.142687 1.346797 15.537577 3.123326 0.997268
Car -1 -1 -10 12.000000 206.000000 354.000000 374.000000 1.427556 1.593086 3.766574 -3.809568 1.850115 6.860530 1.583008 0.988626
Car -1 -1 -10 265.000000 196.000000 387.000000 270.000000 1.475219 1.594680 3.816788 -6.296161 2.042720 16.012950 1.534990 0.986757
Car -1 -1 -10 470.000000 184.000000 512.000000 213.000000 1.562579 1.655162 3.974238 -6.551013 2.100985 38.494536 1.576189 0.985461
Car -1 -1 -10 385.000000 184.000000 475.000000 236.000000 1.556185 1.612557 3.867515 -6.474721 2.137837 25.887000 1.792868 0.972549
Car -1 -1 -10 776.000000 163.000000 913.000000 211.000000 1.566688 1.644214 4.126879 8.141154 1.293593 25.060763 3.037640 0.623418
Car -1 -1 -10 1010.000000 151.000000 1112.000000 198.000000 1.600394 1.630850 3.756349 21.997306 0.699019 34.487843 0.044615 0.503404
Car -1 -1 -10 842.000000 160.000000 1011.000000 229.000000 1.632446 1.630160 4.025312 7.945283 1.313282 18.811685 3.122254 0.480221
Car -1 -1 -10 491.000000 184.000000 521.000000 209.000000 1.504244 1.620060 3.720592 -6.523628 2.096260 43.159038 1.585758 0.092051
Car -1 -1 -10 1169.000000 134.000000 1239.000000 187.000000 1.745514 1.654714 3.764792 21.407388 0.428985 25.052148 -1.533305 0.030760
Car -1 -1 -10 1040.000000 149.000000 1152.000000 189.000000 1.583058 1.634020 3.914569 22.224843 0.717093 31.537716 -0.092199 0.023119
