Car -1 -1 -10 387.000000 194.000000 462.000000 243.000000 1.504864 1.569038 3.590247 -6.262768 2.225617 24.477696 1.599672 0.998657
Car -1 -1 -10 433.000000 192.000000 490.000000 229.000000 1.427111 1.585034 3.871012 -6.197096 2.250381 29.918716 1.587104 0.989113
Car -1 -1 -10 660.000000 177.000000 716.000000 219.000000 1.518732 1.605036 3.750837 2.829309 1.759393 28.013394 -1.625499 0.987889
Car -1 -1 -10 79.000000 205.000000 174.000000 243.000000 1.545453 1.621597 3.844119 -20.811788 3.037994 31.376135 -1.547652 0.941419
Car -1 -1 -10 1028.000000 136.000000 1137.000000 182.000000 1.938494 1.689862 4.232271 24.748327 0.230942 38.016787 -1.675843 0.913304
Car -1 -1 -10 27.000000 210.000000 119.000000 247.000000 1.486285 1.616090 3.907259 -23.258046 3.130693 31.941959 -1.544123 0.603619
Car -1 -1 -10 0.000000 211.000000 67.000000 250.000000 1.609090 1.626610 3.883051 -26.066486 3.369390 31.843137 -1.577859 0.320951
Car -1 -1 -10 142.000000 206.000000 233.000000 241.000000 1.550050 1.658681 4.024615 -18.364928 2.793320 31.360298 -1.430025 0.169954
Car -1 -1 -10 473.000000 183.000000 515.000000 216.000000 1.620216 1.678010 4.073375 -6.183090 2.203701 38.418229 1.547623 0.165537
Car -1 -1 -10 492.000000 185.000000 526.000000 211.000000 1.528692 1.552473 3.475463 -5.522155 2.857545 41.387467 -1.717249 0.072467
