Pedestrian -1 -1 -10 906.000000 146.000000 1017.000000 375.000000 1.780721 0.638202 0.984840 2.677873 1.541738 5.481969 -1.613938 0.997651
Pedestrian -1 -1 -10 563.000000 160.000000 600.000000 257.000000 1.794472 0.687665 0.807682 -0.436734 1.452995 13.255893 1.652932 0.994169
Pedestrian -1 -1 -10 600.000000 164.000000 630.000000 240.000000 1.798869 0.568563 0.790581 0.204691 1.314248 16.642020 -2.632065 0.946234
Pedestrian -1 -1 -10 1040.000000 192.000000 1101.000000 305.000000 1.670808 0.738783 0.447619 6.184588 1.467736 9.252188 3.108127 0.845536
Pedestrian -1 -1 -10 879.000000 182.000000 910.000000 262.000000 1.727406 0.621411 0.745385 6.441640 1.398490 15.515708 2.846846 0.483104
Pedestrian -1 -1 -10 762.000000 161.000000 775.000000 207.000000 1.721585 0.668560 0.567066 6.583160 0.833766 28.398449 -1.687743 0.229584
Pedestrian -1 -1 -10 1033.000000 192.000000 1080.000000 273.000000 1.752280 0.729556 0.760610 6.680183 1.577371 10.954692 0.567184 0.022964
Pedestrian -1 -1 -10 910.000000 157.000000 982.000000 310.000000 1.766938 0.518058 0.543003 3.173918 1.298835 7.118809 -1.226685 0.022925
Pedestrian -1 -1 -10 413.000000 143.000000 430.000000 190.000000 1.675520 0.581252 0.587825 -4.500574 0.436832 18.600501 2.357596 0.022342
Pedestrian -1 -1 -10 520.000000 160.000000 593.000000 228.000000 1.850033 0.702423 0.879792 -1.182454 1.160618 18.523077 2.926266 0.018823
Pedestrian -1 -1 -10 924.000000 157.000000 961.000000 253.000000 1.531547 0.494598 0.587810 6.438206 1.113096 13.008982 2.950704 0.012321
Pedestrian -1 -1 -10 1005.000000 188.000000 1111.000000 334.000000 1.767228 0.681693 0.686688 4.809321 1.805229 7.644746 3.265994 0.010562
Car -1 -1 -10 380.000000 146.000000 559.000000 272.000000 1.912081 1.748233 4.166104 -2.165025 1.364142 12.942925 1.718913 0.954218
Car -1 -1 -10 520.000000 160.000000 593.000000 228.000000 1.792585 1.599509 3.872101 -1.152616 1.151808 19.553193 1.667671 0.059302
Car -1 -1 -10 557.000000 159.000000 599.000000 248.000000 1.664073 1.595352 3.607523 0.612328 1.242218 13.886576 -1.091584 0.033795
Cyclist -1 -1 -10 1028.000000 192.000000 1108.000000 299.000000 1.693039 0.534162 1.667147 6.437783 1.375157 9.179517 -1.394764 0.011231
