Car -1 -1 -10 407.000000 185.000000 488.000000 236.000000 1.434099 1.591329 3.870736 -4.728505 1.428602 21.398842 -1.586991 0.999414
Car -1 -1 -10 575.000000 172.000000 656.000000 249.000000 1.554028 1.678183 3.725164 0.118289 1.346023 17.192120 -1.569404 0.999363
Car -1 -1 -10 468.000000 180.000000 525.000000 219.000000 1.462934 1.650295 4.197839 -4.453713 1.292704 29.427325 -1.580739 0.998198
Car -1 -1 -10 98.000000 182.000000 386.000000 349.000000 1.529543 1.607711 3.737729 -4.183991 1.533802 8.972804 -1.566426 0.997914
Car -1 -1 -10 323.000000 181.000000 408.000000 226.000000 1.450419 1.616972 3.927040 -8.351073 1.280423 24.970985 -1.568423 0.984636
Car -1 -1 -10 0.000000 191.000000 196.000000 302.000000 1.501266 1.625280 3.849384 -8.487416 1.638360 11.103380 -1.613317 0.958740
Car -1 -1 -10 57.000000 197.000000 307.000000 306.000000 1.503472 1.653213 3.920378 -8.423694 1.642567 11.020830 1.549872 0.167872
Car -1 -1 -10 606.000000 170.000000 643.000000 208.000000 1.521163 1.565344 3.590823 1.490775 1.300461 29.816604 -2.210992 0.114566
Car -1 -1 -10 27.000000 189.000000 154.000000 249.000000 1.522023 1.577855 3.692078 -15.654027 1.481126 22.492853 1.415502 0.060169
Car -1 -1 -10 66.000000 190.000000 170.000000 231.000000 1.573769 1.616746 3.973353 -14.013325 0.929394 21.014517 0.574522 0.028616
Car -1 -1 -10 285.000000 185.000000 383.000000 229.000000 1.507335 1.574366 3.626884 -8.648015 1.300565 24.526251 -1.843989 0.014036
