Pedestrian -1 -1 -10 386.000000 166.000000 416.000000 242.000000 1.746979 0.562832 0.723827 -4.833373 1.364705 16.193029 -1.466019 0.684595
Pedestrian -1 -1 -10 357.000000 162.000000 384.000000 252.000000 1.749327 0.662998 0.667113 -4.525680 1.513893 13.404006 -1.396769 0.676159
Pedestrian -1 -1 -10 345.000000 166.000000 407.000000 254.000000 1.768823 0.800674 0.651448 -4.973059 1.487239 15.009653 -1.990325 0.208815
Pedestrian -1 -1 -10 383.000000 163.000000 403.000000 254.000000 1.697636 0.534073 0.601172 -4.947368 1.170623 16.318054 -1.751894 0.191599
Pedestrian -1 -1 -10 371.000000 170.000000 434.000000 245.000000 1.747416 0.621160 0.717213 -4.865066 1.427541 16.146407 -1.425280 0.134769
Pedestrian -1 -1 -10 936.000000 110.000000 996.000000 279.000000 1.759478 0.683773 0.584471 3.066596 1.670892 6.664708 -0.655726 0.088379
Pedestrian -1 -1 -10 370.000000 164.000000 389.000000 252.000000 1.703784 0.593215 0.565599 -4.429853 1.326528 13.360926 2.247610 0.046698
Pedestrian -1 -1 -10 333.000000 179.000000 496.000000 277.000000 1.719155 0.664113 0.807984 -2.240553 1.776632 9.802232 0.251758 0.012762
Car -1 -1 -10 661.000000 174.000000 721.000000 221.000000 1.473141 1.596620 3.820614 2.576194 1.490809 23.932002 -1.602376 0.999299
Car -1 -1 -10 739.000000 179.000000 997.000000 349.000000 1.546666 1.694431 3.866239 2.564830 1.605576 8.243612 -1.598922 0.998277
Car -1 -1 -10 312.000000 182.000000 511.000000 308.000000 1.490677 1.630554 3.999587 -2.720034 1.601497 10.447663 -1.521751 0.991705
Car -1 -1 -10 540.000000 173.000000 575.000000 205.000000 1.534103 1.606437 3.534439 -2.721752 1.600925 37.423809 -1.669252 0.988333
Car -1 -1 -10 -13.000000 180.000000 424.000000 374.000000 1.499587 1.599121 3.761397 -2.670329 1.564096 5.122166 -1.636999 0.978602
Car -1 -1 -10 855.000000 150.000000 1246.000000 375.000000 1.498948 1.617969 3.630776 2.403378 1.474138 2.850742 -1.554618 0.898847
Car -1 -1 -10 641.000000 173.000000 686.000000 205.000000 1.500800 1.622183 3.968010 2.754186 1.492200 36.463525 -1.606277 0.867427
Car -1 -1 -10 402.000000 181.000000 506.000000 229.000000 1.563767 1.562623 3.888432 -4.127325 1.585893 17.235858 -0.141712 0.284297
Car -1 -1 -10 634.000000 172.000000 666.000000 200.000000 1.574339 1.658516 3.935851 3.394886 1.608233 52.646618 -0.851149 0.170836
Car -1 -1 -10 178.000000 184.000000 419.000000 341.000000 1.589924 1.639217 4.032900 -2.658907 1.626291 4.574805 -1.535691 0.043929
Car -1 -1 -10 363.000000 170.000000 484.000000 252.000000 1.493012 1.614419 3.965177 -3.571735 1.112624 15.575080 0.779173 0.024957
Car -1 -1 -10 225.000000 187.000000 382.000000 291.000000 1.571794 1.595054 3.896429 -4.800096 1.415063 11.125464 1.684691 0.019404
Car -1 -1 -10 9.000000 188.000000 203.000000 345.000000 1.498096 1.592747 3.882966 -6.295679 1.145849 6.986048 1.605598 0.013798
Cyclist -1 -1 -10 333.000000 180.000000 492.000000 263.000000 1.684943 0.857168 1.855469 -3.218236 1.616055 13.834473 0.170078 0.049422
Cyclist -1 -1 -10 385.000000 178.000000 489.000000 236.000000 1.677872 0.447147 1.507381 -4.771896 1.463973 20.214011 -1.752952 0.026962
Cyclist -1 -1 -10 383.000000 167.000000 426.000000 242.000000 1.663634 0.520374 1.676503 -4.882870 1.181826 16.288325 0.771717 0.013291
