Car -1 -1 -10 688.000000 183.000000 797.000000 258.000000 1.426517 1.614477 3.864365 2.780988 1.671983 15.803805 -1.584019 0.999096
Car -1 -1 -10 113.000000 174.000000 401.000000 261.000000 1.514379 1.639130 4.059146 -6.562650 1.595734 14.216159 0.057118 0.986241
Car -1 -1 -10 -8.000000 171.000000 234.000000 319.000000 1.484652 1.616127 3.754856 -7.014310 1.574865 9.329695 -3.126448 0.977486
Car -1 -1 -10 656.000000 172.000000 714.000000 221.000000 1.599815 1.635450 3.927653 2.648415 1.667694 26.529376 -1.574030 0.954347
Car -1 -1 -10 365.000000 174.000000 496.000000 222.000000 1.580174 1.601881 3.859155 -6.268702 1.650918 26.664665 -3.160654 0.948522
Car -1 -1 -10 898.000000 190.000000 1230.000000 376.000000 1.525220 1.610080 3.747929 2.885077 1.727258 3.709812 -1.568521 0.941316
Car -1 -1 -10 248.000000 166.000000 455.000000 237.000000 1.701381 1.690493 3.942225 -6.442955 1.629568 19.041665 -3.148126 0.667456
Car -1 -1 -10 428.000000 174.000000 530.000000 208.000000 1.753541 1.713908 4.310306 -6.294706 1.688655 36.156802 -3.014044 0.103719
Car -1 -1 -10 646.000000 176.000000 693.000000 213.000000 1.510981 1.631065 4.000051 2.690875 1.774199 32.616014 -1.589796 0.035238
Car -1 -1 -10 637.000000 172.000000 677.000000 203.000000 1.604589 1.604914 3.678317 2.720606 1.610365 41.998468 -1.573630 0.020008
