Pedestrian -1 -1 -10 900.000000 169.000000 968.000000 301.000000 1.690669 0.699039 0.986305 4.143995 1.588761 9.079151 -1.364281 0.980866
Pedestrian -1 -1 -10 448.000000 176.000000 473.000000 257.000000 1.801594 0.639636 0.739246 -2.933888 1.623244 15.209836 1.855537 0.867352
Pedestrian -1 -1 -10 147.000000 178.000000 204.000000 335.000000 1.702416 0.556506 0.771606 -4.887575 1.684254 8.345313 2.005401 0.854707
Pedestrian -1 -1 -10 524.000000 179.000000 539.000000 233.000000 1.693274 0.564992 0.666217 -2.178215 1.735585 22.438689 2.010095 0.681704
Pedestrian -1 -1 -10 131.000000 181.000000 170.000000 314.000000 1.635002 0.511370 0.646305 -5.020000 1.511803 8.382042 1.586858 0.314611
Pedestrian -1 -1 -10 167.000000 189.000000 208.000000 280.000000 1.823470 0.664038 0.752368 -5.880062 1.425870 9.689652 -2.079560 0.217458
Pedestrian -1 -1 -10 626.000000 176.000000 643.000000 219.000000 1.750136 0.631833 0.968569 1.341774 1.560864 30.740753 -1.440090 0.161786
Pedestrian -1 -1 -10 187.000000 192.000000 210.000000 264.000000 1.692304 0.583518 0.718128 -6.562175 1.536756 11.654433 1.970771 0.088055
Pedestrian -1 -1 -10 445.000000 172.000000 461.000000 230.000000 1.736361 0.626983 0.753784 -4.407809 1.306871 20.558181 -2.198943 0.065536
Pedestrian -1 -1 -10 582.000000 178.000000 598.000000 220.000000 1.697960 0.627201 0.753406 -0.445517 1.690664 30.388906 3.094336 0.058526
Pedestrian -1 -1 -10 114.000000 173.000000 254.000000 361.000000 1.763843 0.769215 0.738704 -3.965498 2.034327 7.065257 -2.594332 0.020328
Pedestrian -1 -1 -10 399.000000 166.000000 419.000000 236.000000 1.781667 0.569336 0.875880 -4.587273 2.041513 16.651616 -1.636094 0.010155
Cyclist -1 -1 -10 137.000000 178.000000 219.000000 348.000000 1.663197 0.692806 1.753768 -4.739377 1.454907 8.065283 2.045787 0.085016
Cyclist -1 -1 -10 97.000000 180.000000 263.000000 366.000000 1.659775 0.493358 1.675405 -4.363238 1.676258 7.733607 2.487995 0.039557
Cyclist -1 -1 -10 -1.000000 208.000000 215.000000 375.000000 1.619673 0.629720 1.775604 -3.257551 1.983635 4.375684 -0.015020 0.019187
