Pedestrian -1 -1 -10 680.000000 168.000000 740.000000 322.000000 1.743040 0.702015 0.857367 1.177134 1.605582 8.095590 -1.912050 0.998666
Pedestrian -1 -1 -10 756.000000 163.000000 795.000000 283.000000 1.748885 0.587823 0.915048 2.606763 1.512787 10.970434 -1.809019 0.996181
Pedestrian -1 -1 -10 1024.000000 146.000000 1185.000000 374.000000 1.702157 0.571188 0.720629 2.376432 1.458768 3.524604 -1.563913 0.995713
Pedestrian -1 -1 -10 797.000000 163.000000 868.000000 365.000000 1.732091 0.591251 0.566375 1.976175 1.564402 6.331606 -1.836641 0.991471
Pedestrian -1 -1 -10 879.000000 162.000000 931.000000 306.000000 1.741631 0.604670 0.810552 3.617848 1.430440 8.740156 -2.679176 0.989301
Pedestrian -1 -1 -10 493.000000 157.000000 534.000000 267.000000 1.845430 0.655750 1.033034 -1.612605 1.436058 12.989702 -2.112553 0.988948
Pedestrian -1 -1 -10 969.000000 163.000000 1055.000000 371.000000 1.684929 0.534130 0.775671 2.771734 1.563435 5.031397 -1.981730 0.987555
Pedestrian -1 -1 -10 840.000000 170.000000 897.000000 338.000000 1.710303 0.577656 0.587774 2.703085 1.579552 7.417904 -2.186000 0.959098
Pedestrian -1 -1 -10 674.000000 170.000000 704.000000 262.000000 1.819567 0.676443 0.799149 1.492061 1.552895 13.608214 2.766118 0.843392
Pedestrian -1 -1 -10 617.000000 164.000000 627.000000 193.000000 1.765869 0.709164 0.695826 1.497150 0.599288 52.822884 1.640176 0.588075
Pedestrian -1 -1 -10 862.000000 165.000000 909.000000 312.000000 1.766008 0.540533 0.752158 3.556639 1.412853 8.641296 0.289155 0.507667
Pedestrian -1 -1 -10 668.000000 167.000000 686.000000 216.000000 1.752811 0.644355 0.668178 2.455995 1.217664 24.240612 0.628593 0.224295
Car -1 -1 -10 526.000000 174.000000 601.000000 230.000000 1.538277 1.647430 3.941248 -1.044724 1.326871 21.640046 1.673038 0.999135
Car -1 -1 -10 490.000000 161.000000 544.000000 268.000000 1.662868 1.601775 3.387558 -1.928548 1.308736 13.321823 -2.872148 0.018471
Cyclist -1 -1 -10 491.000000 159.000000 537.000000 267.000000 1.865266 0.430699 1.738063 -1.612613 1.484830 13.178749 -2.224776 0.796217
Cyclist -1 -1 -10 526.000000 172.000000 600.000000 233.000000 1.681729 0.605269 1.748744 -0.898562 1.435305 20.365825 2.551478 0.072003
Cyclist -1 -1 -10 679.000000 167.000000 715.000000 257.000000 1.681167 0.525080 1.618061 1.695132 1.319966 13.950479 2.756144 0.037535
Cyclist -1 -1 -10 617.000000 163.000000 627.000000 193.000000 1.710430 0.606470 1.773962 1.552655 0.523769 52.827583 1.560672 0.027603
Cyclist -1 -1 -10 690.000000 168.000000 714.000000 222.000000 1.647520 0.605544 1.613269 4.453064 1.177445 30.679241 -1.952883 0.025766
Cyclist -1 -1 -10 676.000000 168.000000 738.000000 318.000000 1.779881 0.532443 1.731180 1.084370 1.651588 8.280175 -1.547993 0.021653
Cyclist -1 -1 -10 798.000000 162.000000 864.000000 358.000000 1.797938 0.513448 1.735801 2.020809 1.609755 6.364400 -1.293046 0.011521
