Pedestrian -1 -1 -10 1099.000000 141.000000 1175.000000 314.000000 1.611700 0.484147 0.548334 5.353289 1.518548 7.283647 1.783659 0.996199
Pedestrian -1 -1 -10 686.000000 168.000000 703.000000 203.000000 1.842948 0.651868 1.028023 4.365058 1.563334 37.924137 -1.525580 0.037213
Pedestrian -1 -1 -10 717.000000 159.000000 743.000000 220.000000 1.806576 0.652831 0.973302 3.827185 1.433966 23.134058 -1.409026 0.026736
Pedestrian -1 -1 -10 1060.000000 170.000000 1201.000000 291.000000 1.619241 0.575245 0.691236 5.430004 1.463942 7.382327 2.174363 0.026124
Pedestrian -1 -1 -10 710.000000 169.000000 720.000000 199.000000 1.738280 0.679197 0.793698 6.842946 1.700608 46.780025 -1.544705 0.015398
Car -1 -1 -10 1025.000000 210.000000 1144.000000 272.000000 1.436573 1.624848 3.642790 9.214066 1.778995 13.578065 1.188441 0.022780
Car -1 -1 -10 1151.000000 209.000000 1234.000000 242.000000 1.476925 1.586290 3.577332 12.914873 2.681821 15.839662 3.104085 0.011751
Cyclist -1 -1 -10 716.000000 159.000000 747.000000 221.000000 1.823677 0.551561 1.785187 3.877450 1.484808 23.366836 -1.847064 0.997781
Cyclist -1 -1 -10 687.000000 168.000000 702.000000 203.000000 1.770278 0.533388 1.732632 4.375013 1.485679 38.127370 -1.583607 0.866654
Cyclist -1 -1 -10 683.000000 169.000000 696.000000 197.000000 1.620244 0.435416 1.479198 1.574627 1.367834 16.000027 -1.487653 0.061685
