Car -1 -1 -10 540.000000 188.000000 681.000000 270.000000 1.431565 1.580759 3.811237 -0.232804 1.757240 14.137985 -1.925903 0.999718
Car -1 -1 -10 442.000000 181.000000 496.000000 221.000000 1.385722 1.605758 3.730390 -5.818206 1.766258 28.387674 -1.881755 0.999345
Car -1 -1 -10 255.000000 183.000000 300.000000 214.000000 1.593921 1.619213 3.883659 -18.735940 2.172662 40.340192 1.245081 0.997832
Car -1 -1 -10 7.000000 203.000000 182.000000 312.000000 1.496175 1.588733 3.707582 -8.445402 2.016037 12.062609 1.181708 0.993058
Car -1 -1 -10 426.000000 180.000000 474.000000 212.000000 1.495110 1.598769 3.972223 -7.839536 1.743443 34.034544 -1.909273 0.985795
Car -1 -1 -10 610.000000 165.000000 716.000000 206.000000 1.568466 1.648037 3.959847 2.176889 1.328460 30.410839 -2.742389 0.933046
Car -1 -1 -10 685.000000 129.000000 1242.000000 374.000000 1.912639 1.744006 4.222494 2.585642 1.617555 6.907228 -1.917009 0.478774
Car -1 -1 -10 271.000000 183.000000 309.000000 208.000000 1.479097 1.572725 3.617727 -19.570463 2.147466 45.294410 -1.915020 0.389492
Car -1 -1 -10 1.000000 205.000000 116.000000 368.000000 1.442638 1.604847 3.844746 -6.465771 1.925137 7.254411 1.124239 0.379359
Car -1 -1 -10 566.000000 172.000000 652.000000 204.000000 1.500345 1.621526 4.065399 -0.105843 1.387363 35.908742 -2.761990 0.298977
Car -1 -1 -10 26.000000 190.000000 116.000000 218.000000 1.535414 1.568034 3.725200 -23.656935 2.092316 32.910449 0.302816 0.294670
Car -1 -1 -10 1185.000000 148.000000 1239.000000 247.000000 1.502468 1.575256 3.944095 9.742907 1.298604 12.072880 2.324291 0.073284
Car -1 -1 -10 1102.000000 144.000000 1237.000000 241.000000 1.473075 1.585315 3.919359 9.830715 1.184011 13.603747 1.547569 0.057452
