Pedestrian -1 -1 -10 919.000000 159.000000 977.000000 282.000000 1.843218 0.767843 0.911300 5.218261 1.674870 11.237423 1.032174 0.995367
Pedestrian -1 -1 -10 917.000000 170.000000 958.000000 252.000000 1.837913 0.690995 0.853783 4.653869 1.714499 10.524228 1.024715 0.022724
Pedestrian -1 -1 -10 919.000000 165.000000 965.000000 213.000000 1.810181 0.521272 0.697985 5.442251 1.381783 12.212148 0.600055 0.011694
Car -1 -1 -10 177.000000 192.000000 385.000000 327.000000 1.475146 1.630475 3.942754 -4.284014 1.759577 9.896518 1.433029 0.999435
Car -1 -1 -10 474.000000 176.000000 575.000000 213.000000 1.631843 1.701921 4.294208 -3.635227 1.783922 31.396411 2.570982 0.991141
Car -1 -1 -10 626.000000 173.000000 728.000000 205.000000 1.562327 1.624093 4.210322 3.163969 1.642166 34.601307 2.707300 0.989448
Car -1 -1 -10 261.000000 177.000000 403.000000 229.000000 1.619551 1.670315 4.208355 -9.233943 1.797622 24.677816 -0.002176 0.981451
Car -1 -1 -10 382.000000 182.000000 402.000000 212.000000 1.528690 1.552478 3.475459 -14.592748 1.593807 48.185173 -1.871423 0.017144
Car -1 -1 -10 233.000000 190.000000 381.000000 274.000000 1.531106 1.564787 3.746882 -4.977044 1.916053 10.251350 1.841117 0.012370
Cyclist -1 -1 -10 917.000000 158.000000 974.000000 278.000000 1.799762 0.533868 1.600612 5.288344 1.488391 11.240861 2.439468 0.029559
Cyclist -1 -1 -10 383.000000 181.000000 402.000000 211.000000 1.648185 0.574258 1.709319 -11.513219 1.977990 37.859421 -1.701647 0.026871
