Car -1 -1 -10 393.000000 189.000000 468.000000 235.000000 1.446760 1.618320 4.005183 -6.088067 2.047910 24.434252 1.558435 0.997660
Car -1 -1 -10 668.000000 175.000000 731.000000 216.000000 1.490103 1.617431 3.961397 3.122213 1.490301 26.302935 -1.604009 0.996651
Car -1 -1 -10 452.000000 186.000000 502.000000 221.000000 1.445569 1.628270 4.037239 -5.941030 2.166257 31.896247 1.593976 0.995280
Car -1 -1 -10 842.000000 149.000000 1010.000000 207.000000 1.531190 1.663993 4.092438 9.100497 0.909475 20.420101 3.157390 0.994840
Car -1 -1 -10 313.000000 193.000000 426.000000 260.000000 1.506314 1.561870 3.727569 -6.057715 2.021972 18.405611 1.561883 0.993427
Car -1 -1 -10 206.000000 198.000000 364.000000 294.000000 1.463197 1.588113 3.905336 -6.013735 2.006205 13.668879 1.559958 0.992097
Car -1 -1 -10 2.000000 205.000000 255.000000 371.000000 1.498010 1.604518 3.801339 -5.892164 2.018997 8.296494 1.595906 0.990230
Car -1 -1 -10 765.000000 158.000000 918.000000 201.000000 1.526876 1.576718 3.880204 8.361769 1.114755 25.762356 2.623829 0.467716
Car -1 -1 -10 647.000000 176.000000 683.000000 203.000000 1.497574 1.598578 3.937770 3.158751 1.732362 41.795214 1.491658 0.420571
Car -1 -1 -10 655.000000 175.000000 706.000000 209.000000 1.467847 1.596920 3.880984 3.044155 1.561426 31.949424 -1.579176 0.378504
Car -1 -1 -10 1146.000000 133.000000 1238.000000 178.000000 1.529176 1.659737 3.952348 23.144693 0.267136 27.835943 0.013772 0.369224
Car -1 -1 -10 476.000000 184.000000 517.000000 214.000000 1.564543 1.604735 3.929010 -6.072876 2.231189 38.059727 1.586522 0.099115
