Car -1 -1 -10 198.000000 183.000000 440.000000 321.000000 1.501097 1.663539 4.110892 -3.766956 1.482601 10.068497 -1.546983 0.999672
Car -1 -1 -10 679.000000 184.000000 760.000000 244.000000 1.443495 1.563762 3.632855 2.850994 1.397622 18.921786 -1.594713 0.999524
Car -1 -1 -10 428.000000 179.000000 501.000000 233.000000 1.478394 1.594844 3.812678 -4.463799 1.378441 22.444865 -1.586312 0.998919
Car -1 -1 -10 583.000000 177.000000 615.000000 205.000000 1.559497 1.650396 4.116809 -0.522582 1.097223 42.553874 -1.574234 0.998068
Car -1 -1 -10 45.000000 185.000000 271.000000 276.000000 1.455620 1.621822 3.963997 -8.119220 1.489594 13.527297 -1.563842 0.997980
Car -1 -1 -10 492.000000 181.000000 532.000000 210.000000 1.440081 1.590854 3.659945 -4.566179 1.145404 35.037279 -1.601951 0.994025
Car -1 -1 -10 380.000000 170.000000 436.000000 221.000000 1.718892 1.686346 3.939140 -8.821781 1.161761 32.252675 -1.544544 0.355739
Car -1 -1 -10 4.000000 208.000000 126.000000 375.000000 1.524752 1.594213 3.782704 -3.468964 1.655551 1.928476 -1.526173 0.292357
Car -1 -1 -10 429.000000 173.000000 472.000000 215.000000 1.498106 1.668629 3.670532 -9.205658 0.744653 41.722420 -1.790317 0.038298
Car -1 -1 -10 231.000000 186.000000 343.000000 222.000000 1.468308 1.602327 3.824084 -12.827399 1.237480 25.919738 1.661200 0.018179
Car -1 -1 -10 300.000000 187.000000 354.000000 215.000000 1.497773 1.587334 3.791281 -12.663500 1.359728 29.245433 1.797038 0.014073
