Car -1 -1 -10 916.000000 188.000000 1237.000000 316.000000 1.510858 1.648361 4.087118 6.365586 1.785201 9.678657 3.193119 0.997675
Car -1 -1 -10 372.000000 174.000000 482.000000 218.000000 1.500966 1.643382 3.834149 -6.267736 1.536785 26.079046 -3.039693 0.993048
Car -1 -1 -10 412.000000 171.000000 516.000000 212.000000 1.672017 1.702855 4.085435 -6.113987 1.558908 31.301647 -3.263666 0.977930
Car -1 -1 -10 863.000000 178.000000 1126.000000 291.000000 1.499003 1.615828 3.993636 6.475057 1.658195 12.245566 0.056677 0.952709
Car -1 -1 -10 2.000000 172.000000 203.000000 359.000000 1.602656 1.682897 3.987294 -6.691696 1.644126 7.073762 -3.232809 0.951119
Car -1 -1 -10 218.000000 171.000000 413.000000 244.000000 1.599647 1.602619 4.026020 -6.624381 1.562726 16.294869 -0.017944 0.650855
Car -1 -1 -10 995.000000 246.000000 1241.000000 372.000000 1.504194 1.608962 3.767616 3.072391 1.754441 2.275320 -1.603119 0.575097
Car -1 -1 -10 756.000000 170.000000 946.000000 238.000000 1.715013 1.677042 4.162301 6.254275 1.678349 20.097385 3.093282 0.562645
Car -1 -1 -10 489.000000 171.000000 542.000000 196.000000 1.515574 1.590708 3.834685 -6.353265 1.564071 49.183115 -2.737964 0.082911
Car -1 -1 -10 632.000000 172.000000 665.000000 197.000000 1.576826 1.635356 3.688932 2.910125 1.396689 45.439567 0.053810 0.048969
Car -1 -1 -10 644.000000 173.000000 686.000000 207.000000 1.524105 1.548348 3.364641 2.287573 1.419307 30.927316 -1.651491 0.017669
Car -1 -1 -10 649.000000 163.000000 708.000000 210.000000 1.796217 1.716469 4.061349 2.608490 1.334961 29.101092 -1.583785 0.010405
