Car -1 -1 -10 282.000000 200.000000 407.000000 264.000000 1.385943 1.595396 3.890744 -6.677420 2.031819 17.441754 -2.299291 0.999503
Car -1 -1 -10 746.000000 180.000000 843.000000 236.000000 1.467634 1.658430 3.970009 4.841593 1.630306 19.113118 1.630869 0.998557
Car -1 -1 -10 153.000000 193.000000 220.000000 232.000000 1.455264 1.630772 3.990529 -17.018972 2.236500 28.730767 -2.254622 0.998398
Car -1 -1 -10 666.000000 179.000000 734.000000 231.000000 1.440895 1.554386 3.688885 2.406176 1.693843 20.232947 1.697800 0.979015
Car -1 -1 -10 131.000000 190.000000 191.000000 226.000000 1.498734 1.572804 3.769552 -20.675770 2.302421 32.776984 -2.233295 0.953469
Car -1 -1 -10 344.000000 180.000000 441.000000 216.000000 1.513598 1.613581 3.791901 -10.106926 1.868553 33.293412 -3.137555 0.889573
Car -1 -1 -10 417.000000 167.000000 676.000000 307.000000 1.989128 1.736858 4.294851 -1.369771 1.945491 11.734683 -2.309432 0.862513
Car -1 -1 -10 815.000000 173.000000 969.000000 229.000000 1.428621 1.629758 4.043681 7.643600 1.827997 20.328709 1.492878 0.408536
Car -1 -1 -10 711.000000 178.000000 777.000000 221.000000 1.525119 1.627022 3.845187 5.994774 1.642043 31.174690 1.248434 0.031573
Car -1 -1 -10 531.000000 177.000000 673.000000 258.000000 1.530127 1.622281 3.818656 0.164198 1.970619 17.470313 -1.607637 0.021319
Car -1 -1 -10 332.000000 185.000000 399.000000 212.000000 1.506734 1.621574 3.821012 -11.275930 1.965718 34.457180 1.818593 0.012106
