Pedestrian -1 -1 -10 404.000000 166.000000 448.000000 271.000000 1.723238 0.621297 1.013238 -3.080030 1.467836 12.403842 -1.451214 0.997450
Pedestrian -1 -1 -10 674.000000 168.000000 709.000000 268.000000 1.684277 0.601706 0.765789 1.511505 1.497969 12.550348 -1.870306 0.996579
Pedestrian -1 -1 -10 716.000000 165.000000 758.000000 267.000000 1.718518 0.679599 1.022771 2.360467 1.411022 12.720750 1.821735 0.993498
Pedestrian -1 -1 -10 507.000000 170.000000 535.000000 216.000000 1.722972 0.637265 0.787005 -3.056251 1.235298 27.987404 -1.156653 0.051382
Pedestrian -1 -1 -10 608.000000 170.000000 628.000000 217.000000 1.743435 0.624141 0.707488 0.530022 1.376078 26.066504 1.646743 0.033650
Pedestrian -1 -1 -10 608.000000 170.000000 617.000000 205.000000 1.740027 0.551555 0.729809 0.009412 1.287858 12.573539 0.142135 0.018796
Pedestrian -1 -1 -10 750.000000 163.000000 769.000000 214.000000 1.769603 0.672399 0.853959 5.619338 1.095831 26.015987 1.314644 0.018360
Pedestrian -1 -1 -10 742.000000 165.000000 761.000000 215.000000 1.810779 0.623825 0.815305 5.538595 1.147585 26.124924 -0.335351 0.011763
Pedestrian -1 -1 -10 684.000000 171.000000 707.000000 233.000000 1.754069 0.663969 0.654296 3.031875 1.658613 21.629421 -1.976813 0.010890
Car -1 -1 -10 567.000000 169.000000 596.000000 199.000000 1.528474 1.604348 3.736431 -1.079006 1.262160 49.105365 -1.559582 0.094553
Cyclist -1 -1 -10 556.000000 166.000000 586.000000 234.000000 1.762202 0.638974 1.806261 -0.838732 1.411266 19.542425 1.761382 0.997309
Cyclist -1 -1 -10 608.000000 169.000000 629.000000 217.000000 1.717158 0.586892 1.743734 0.529735 1.312837 26.059895 1.618443 0.986959
Cyclist -1 -1 -10 505.000000 170.000000 536.000000 216.000000 1.745540 0.514863 1.708716 -3.094978 1.283269 28.420016 -2.148667 0.929136
Cyclist -1 -1 -10 714.000000 162.000000 763.000000 259.000000 1.806665 0.604781 1.653280 2.287463 1.517819 12.869436 -1.482818 0.763790
Cyclist -1 -1 -10 922.000000 203.000000 1106.000000 370.000000 1.655393 0.611707 1.706827 2.553617 1.643375 3.755282 1.447252 0.634323
Cyclist -1 -1 -10 725.000000 171.000000 781.000000 237.000000 1.700175 0.555825 1.672560 5.614484 1.171556 24.490894 1.820766 0.112033
Cyclist -1 -1 -10 565.000000 169.000000 596.000000 200.000000 1.704562 0.654199 1.677121 -1.192635 1.415652 47.763835 1.016630 0.086064
Cyclist -1 -1 -10 739.000000 166.000000 761.000000 222.000000 1.820338 0.548579 1.772524 5.421671 1.193951 26.255316 -1.843801 0.017167
Cyclist -1 -1 -10 678.000000 169.000000 712.000000 259.000000 1.741291 0.623467 1.709192 1.551462 1.485744 12.630456 1.687677 0.016813
Cyclist -1 -1 -10 993.000000 199.000000 1218.000000 372.000000 1.671826 0.641954 1.813930 2.664577 1.472562 3.772691 2.839173 0.014164
