Pedestrian -1 -1 -10 429.000000 179.000000 456.000000 238.000000 1.659930 0.560217 0.658952 -4.882765 1.807328 20.798025 1.401882 0.018207
Car -1 -1 -10 654.000000 181.000000 756.000000 252.000000 1.529934 1.585973 3.579698 2.129705 1.729866 16.856723 -1.683290 0.999363
Car -1 -1 -10 344.000000 191.000000 421.000000 249.000000 1.449235 1.585430 3.601089 -5.989025 1.961955 19.223484 -1.772088 0.996318
Car -1 -1 -10 759.000000 181.000000 1050.000000 369.000000 1.479787 1.587204 3.782868 2.873648 1.639349 7.792096 1.509864 0.989256
Car -1 -1 -10 559.000000 180.000000 602.000000 215.000000 1.466593 1.572282 3.589619 -1.502190 1.914116 35.677804 -1.741779 0.952193
Car -1 -1 -10 915.000000 171.000000 1240.000000 376.000000 1.474165 1.639106 3.988253 2.771851 1.548108 3.306926 -1.499281 0.464669
Car -1 -1 -10 372.000000 186.000000 429.000000 239.000000 1.534704 1.640785 4.054067 -7.304822 2.050528 24.640663 1.387833 0.321291
Car -1 -1 -10 609.000000 184.000000 689.000000 229.000000 1.471256 1.574254 3.736061 1.031117 1.631975 23.762466 -1.825267 0.102985
Car -1 -1 -10 907.000000 190.000000 1076.000000 373.000000 1.539286 1.621758 3.843425 2.872751 1.524821 3.296307 -1.575040 0.053517
Car -1 -1 -10 423.000000 181.000000 458.000000 207.000000 1.508221 1.607584 3.731614 -10.244376 2.294474 40.027865 -1.798618 0.014732
Car -1 -1 -10 425.000000 180.000000 460.000000 234.000000 1.579183 1.619658 3.778897 -5.123230 1.715200 22.509703 -1.803232 0.010315
Cyclist -1 -1 -10 457.000000 177.000000 486.000000 234.000000 1.746725 0.560749 1.792630 -4.461565 1.893117 22.939118 1.433743 0.997936
Cyclist -1 -1 -10 427.000000 177.000000 459.000000 241.000000 1.716984 0.557950 1.730157 -4.844585 1.883042 20.802178 1.390306 0.997171
Cyclist -1 -1 -10 424.000000 181.000000 451.000000 218.000000 1.690669 0.483792 1.580097 -9.555126 2.634596 38.915540 -1.882664 0.024971
