Pedestrian -1 -1 -10 447.000000 176.000000 475.000000 258.000000 1.732511 0.530373 0.641899 -2.829847 1.603373 14.307152 0.371591 0.994828
Pedestrian -1 -1 -10 190.000000 158.000000 245.000000 301.000000 1.772462 0.688400 0.855624 -5.141904 1.448622 9.518158 -2.482559 0.994340
Pedestrian -1 -1 -10 546.000000 180.000000 582.000000 258.000000 1.672650 0.590693 0.704926 -0.766164 1.634421 14.150643 2.085715 0.984940
Pedestrian -1 -1 -10 526.000000 172.000000 555.000000 237.000000 1.694101 0.718984 0.604835 -1.523952 1.461657 18.114682 1.727068 0.744824
Pedestrian -1 -1 -10 607.000000 169.000000 625.000000 223.000000 1.690347 0.589827 0.814164 0.450550 1.349526 22.865728 -1.574549 0.636315
Pedestrian -1 -1 -10 593.000000 170.000000 610.000000 216.000000 1.716933 0.547546 0.645843 -0.015618 1.240550 28.888946 1.960105 0.046704
Pedestrian -1 -1 -10 542.000000 179.000000 568.000000 243.000000 1.714544 0.599511 0.664752 -1.356495 1.482289 17.960693 0.992438 0.029284
Pedestrian -1 -1 -10 203.000000 173.000000 240.000000 255.000000 1.698364 0.633837 0.655039 -5.040583 1.446387 9.562295 -2.602374 0.018993
Pedestrian -1 -1 -10 631.000000 170.000000 645.000000 209.000000 1.781083 0.648339 0.796210 1.830420 1.257207 34.840763 0.615399 0.017283
Pedestrian -1 -1 -10 617.000000 170.000000 634.000000 216.000000 1.757818 0.660959 0.764165 1.257311 1.217081 33.810403 -1.618044 0.011604
Cyclist -1 -1 -10 691.000000 165.000000 725.000000 221.000000 1.680278 0.443663 1.735422 3.345586 1.224868 22.872975 1.267350 0.045493
Cyclist -1 -1 -10 542.000000 176.000000 583.000000 256.000000 1.710756 0.557740 1.664252 -0.806667 1.632770 14.082915 2.168302 0.027859
Cyclist -1 -1 -10 522.000000 172.000000 556.000000 236.000000 1.713961 0.532849 1.729000 -1.650913 1.474737 18.174492 1.641286 0.023937
Cyclist -1 -1 -10 443.000000 177.000000 478.000000 256.000000 1.718666 0.596469 1.692775 -2.945503 1.597828 14.447051 0.355454 0.021372
