Pedestrian -1 -1 -10 397.000000 174.000000 407.000000 209.000000 1.744364 0.650722 0.783911 -11.068534 1.788841 38.282098 -0.342073 0.267096
Pedestrian -1 -1 -10 407.000000 171.000000 418.000000 205.000000 1.817237 0.613858 0.751749 -10.627552 1.667607 38.459678 1.215133 0.139112
Pedestrian -1 -1 -10 137.000000 167.000000 266.000000 368.000000 1.664701 0.753530 0.704478 -3.532769 1.666957 6.527741 1.571883 0.097076
Pedestrian -1 -1 -10 344.000000 177.000000 366.000000 225.000000 1.780659 0.506306 0.803360 -10.943495 1.604822 29.907091 0.309968 0.016142
Pedestrian -1 -1 -10 319.000000 181.000000 369.000000 228.000000 1.775924 0.664515 0.599523 -10.369485 1.645284 27.681420 -1.965573 0.010257
Car -1 -1 -10 591.000000 174.000000 651.000000 222.000000 1.524419 1.559097 3.528385 0.288988 1.590594 25.130203 -1.708948 0.998285
Car -1 -1 -10 405.000000 182.000000 449.000000 217.000000 1.448621 1.599042 3.761416 -7.684324 1.817180 30.481723 -1.725571 0.997832
Car -1 -1 -10 777.000000 180.000000 1204.000000 375.000000 1.492455 1.605834 3.597724 2.844118 1.564822 6.181208 -1.628519 0.997190
Car -1 -1 -10 234.000000 183.000000 390.000000 286.000000 1.546392 1.621358 3.959962 -5.931306 1.845986 14.383987 1.486559 0.893239
Car -1 -1 -10 49.000000 189.000000 318.000000 350.000000 1.488237 1.625544 3.884991 -5.270452 1.834122 8.927757 -3.047535 0.845404
Car -1 -1 -10 565.000000 174.000000 603.000000 206.000000 1.516330 1.571102 3.560889 -1.345452 1.573662 35.385010 -1.682043 0.772700
Car -1 -1 -10 419.000000 178.000000 455.000000 211.000000 1.533743 1.641334 3.637845 -8.560858 1.626881 38.823985 -1.667970 0.169230
Car -1 -1 -10 668.000000 180.000000 813.000000 266.000000 1.529758 1.659084 4.020844 2.064053 1.502875 13.402104 -1.729285 0.021615
Cyclist -1 -1 -10 293.000000 170.000000 389.000000 330.000000 1.755514 0.564027 1.772590 -3.201912 1.793978 8.640155 1.553160 0.999430
Cyclist -1 -1 -10 125.000000 176.000000 272.000000 371.000000 1.758896 0.545780 1.739337 -3.517810 1.774643 6.537818 1.522288 0.992156
Cyclist -1 -1 -10 229.000000 183.000000 385.000000 289.000000 1.717586 0.644802 1.755367 -5.402057 1.945444 12.996560 1.653401 0.579489
Cyclist -1 -1 -10 60.000000 200.000000 306.000000 325.000000 1.706911 0.548481 1.683098 -3.622679 1.765902 6.609643 1.531008 0.060608
Cyclist -1 -1 -10 319.000000 181.000000 370.000000 232.000000 1.686119 0.562001 1.658392 -10.517346 1.355254 28.125528 -1.862739 0.027165
Cyclist -1 -1 -10 344.000000 177.000000 366.000000 225.000000 1.685594 0.670345 1.789965 -10.985361 1.369345 29.998896 0.186633 0.024480
Cyclist -1 -1 -10 286.000000 185.000000 379.000000 264.000000 1.675332 0.549540 1.816713 -5.630572 1.816075 13.824836 1.285456 0.018518
