Pedestrian -1 -1 -10 627.000000 164.000000 658.000000 257.000000 1.813544 0.653753 0.942660 0.707418 1.413977 13.999643 -1.603716 0.991203
Pedestrian -1 -1 -10 440.000000 170.000000 464.000000 234.000000 1.780926 0.660821 0.728240 -4.193689 1.514819 20.213277 2.825146 0.990870
Pedestrian -1 -1 -10 17.000000 150.000000 176.000000 371.000000 1.748288 0.729901 0.745531 -2.101288 1.631355 3.045765 1.098631 0.989862
Pedestrian -1 -1 -10 421.000000 172.000000 441.000000 232.000000 1.761537 0.588451 0.834717 -4.961672 1.533727 20.981349 -1.842543 0.987907
Pedestrian -1 -1 -10 672.000000 169.000000 702.000000 254.000000 1.769448 0.640064 0.840988 1.572736 1.424302 13.914463 -1.529912 0.906550
Pedestrian -1 -1 -10 609.000000 165.000000 632.000000 229.000000 1.864473 0.674320 0.947928 0.518378 1.337379 22.303646 1.572399 0.896084
Pedestrian -1 -1 -10 694.000000 177.000000 718.000000 242.000000 1.765894 0.629467 0.893839 2.517531 1.519545 17.407451 1.319515 0.809746
Pedestrian -1 -1 -10 652.000000 171.000000 678.000000 244.000000 1.741101 0.673222 0.596650 1.460198 1.455193 16.886269 1.727334 0.744018
Pedestrian -1 -1 -10 185.000000 214.000000 285.000000 358.000000 1.702175 0.633597 0.627293 -3.474488 1.948403 6.712487 -2.000632 0.662936
Pedestrian -1 -1 -10 706.000000 165.000000 731.000000 232.000000 1.736370 0.676430 0.804256 2.916265 1.247017 18.105915 -1.466777 0.580711
Pedestrian -1 -1 -10 0.000000 188.000000 91.000000 370.000000 1.816884 0.484729 0.618641 -4.077467 1.779975 4.980002 -1.859828 0.495354
Pedestrian -1 -1 -10 746.000000 161.000000 765.000000 221.000000 1.775662 0.552012 0.936108 4.481224 1.193598 21.152613 -1.809132 0.425596
Pedestrian -1 -1 -10 88.000000 205.000000 199.000000 367.000000 1.797440 0.594036 0.776665 -2.161712 1.795455 3.008265 -2.252390 0.388921
Pedestrian -1 -1 -10 178.000000 218.000000 222.000000 355.000000 1.724796 0.602241 0.541018 -3.890508 1.767849 6.819027 -2.558624 0.380549
Pedestrian -1 -1 -10 210.000000 172.000000 248.000000 267.000000 1.770424 0.727781 0.831468 -6.927817 1.443918 13.180769 -2.500401 0.262097
Pedestrian -1 -1 -10 641.000000 168.000000 668.000000 249.000000 1.778106 0.572655 0.628239 0.798265 1.363201 14.028378 -2.500225 0.236713
Pedestrian -1 -1 -10 725.000000 165.000000 745.000000 224.000000 1.743348 0.579942 0.767759 3.982327 1.293253 21.110674 1.394126 0.192579
Pedestrian -1 -1 -10 1.000000 203.000000 53.000000 342.000000 1.642645 0.590891 0.589500 -1.920556 1.389341 2.136889 -1.756247 0.186326
Pedestrian -1 -1 -10 133.000000 217.000000 180.000000 364.000000 1.705104 0.632473 0.659358 -5.115792 1.391167 8.369504 -2.643881 0.167544
Car -1 -1 -10 538.000000 177.000000 575.000000 206.000000 1.488977 1.651344 3.896765 -2.527268 1.282146 39.739772 1.559959 0.998498
Cyclist -1 -1 -10 946.000000 188.000000 1231.000000 366.000000 1.616786 0.490218 1.840938 2.437675 1.768672 3.472031 1.630513 0.233852
Cyclist -1 -1 -10 179.000000 216.000000 280.000000 365.000000 1.706952 0.580301 1.575255 -2.533330 1.567189 4.698409 0.366559 0.214960
Cyclist -1 -1 -10 831.000000 160.000000 1041.000000 366.000000 1.684612 0.529884 1.731361 2.402700 1.926961 5.504689 2.871980 0.159847
Cyclist -1 -1 -10 203.000000 173.000000 255.000000 274.000000 1.715758 0.573603 1.634108 -7.027190 1.369722 13.350101 2.237613 0.092479
Cyclist -1 -1 -10 101.000000 205.000000 190.000000 368.000000 1.676447 0.767008 1.825390 -2.239705 1.434109 3.099688 2.550789 0.052126
Cyclist -1 -1 -10 239.000000 203.000000 289.000000 264.000000 1.704627 0.557761 1.685337 -7.779676 1.866381 16.253655 -2.543916 0.047287
Cyclist -1 -1 -10 11.000000 173.000000 209.000000 370.000000 1.659881 0.605828 1.725765 -2.171818 1.496718 2.730756 1.504980 0.026901
Cyclist -1 -1 -10 211.000000 206.000000 286.000000 311.000000 1.708017 0.668663 1.739405 -4.359885 1.707866 8.994991 0.434829 0.021834
Cyclist -1 -1 -10 -1.000000 202.000000 48.000000 364.000000 1.727353 0.585843 1.674178 -1.789805 1.358963 1.951569 -1.652793 0.019260
Cyclist -1 -1 -10 145.000000 219.000000 190.000000 361.000000 1.765984 0.480920 1.492995 -3.410810 1.099407 5.629741 -2.108188 0.013010
Cyclist -1 -1 -10 163.000000 217.000000 230.000000 354.000000 1.778749 0.601155 1.572712 -4.379860 1.700915 7.804955 -2.156187 0.011253
