Pedestrian -1 -1 -10 695.000000 160.000000 708.000000 200.000000 1.777016 0.552172 0.700615 4.352946 1.243848 34.470358 -1.619320 0.390428
Pedestrian -1 -1 -10 528.000000 168.000000 544.000000 218.000000 1.742291 0.612308 0.861153 -2.853914 1.665431 27.126156 1.500261 0.166038
Pedestrian -1 -1 -10 542.000000 170.000000 552.000000 200.000000 1.825408 0.749436 0.897997 -3.670895 1.729157 41.068313 1.912858 0.097840
Pedestrian -1 -1 -10 507.000000 172.000000 525.000000 217.000000 1.690527 0.673946 0.609270 -3.465426 1.707927 26.568941 2.510327 0.039676
Pedestrian -1 -1 -10 537.000000 171.000000 547.000000 203.000000 1.749396 0.591534 0.835508 -3.725163 1.668510 41.002319 2.366798 0.030474
Pedestrian -1 -1 -10 452.000000 180.000000 505.000000 219.000000 1.755666 0.684953 0.793352 -5.259541 2.207785 27.787229 2.428486 0.013509
Car -1 -1 -10 718.000000 166.000000 903.000000 307.000000 1.537693 1.606185 3.665073 2.603655 1.531692 10.222338 -1.590955 0.999606
Car -1 -1 -10 255.000000 182.000000 416.000000 281.000000 1.555603 1.621725 3.875849 -4.991601 1.779934 13.664039 1.565261 0.999419
Car -1 -1 -10 450.000000 180.000000 506.000000 219.000000 1.524637 1.644109 4.064483 -5.390420 1.801293 29.792782 1.560772 0.997789
Car -1 -1 -10 442.000000 180.000000 483.000000 207.000000 1.466161 1.460708 3.219399 -8.906080 1.704028 39.175060 1.484822 0.050830
Car -1 -1 -10 470.000000 174.000000 510.000000 210.000000 1.520673 1.617335 3.747613 -5.348057 1.560799 31.251597 -2.739657 0.024292
Cyclist -1 -1 -10 526.000000 167.000000 546.000000 221.000000 1.757827 0.635351 1.800206 -2.830764 1.707214 27.024823 1.530616 0.991561
Cyclist -1 -1 -10 505.000000 170.000000 528.000000 222.000000 1.732726 0.613578 1.803942 -3.497002 1.756702 26.420204 1.695209 0.989041
Cyclist -1 -1 -10 511.000000 172.000000 540.000000 210.000000 1.744260 0.637769 1.813246 -3.128718 1.468275 26.875250 -1.114649 0.516770
Cyclist -1 -1 -10 542.000000 170.000000 552.000000 200.000000 1.878366 0.785948 1.939286 -3.631079 1.678175 41.170830 1.565867 0.108227
Cyclist -1 -1 -10 490.000000 174.000000 522.000000 217.000000 1.757190 0.654027 1.770961 -3.538676 1.723126 26.512982 1.839531 0.049808
Cyclist -1 -1 -10 451.000000 179.000000 506.000000 219.000000 1.681904 0.615960 1.766242 -5.091634 1.986694 28.270811 2.427089 0.042277
Cyclist -1 -1 -10 507.000000 173.000000 520.000000 211.000000 1.733536 0.541789 1.734589 -3.466433 1.652782 26.517881 1.809629 0.036154
