Pedestrian -1 -1 -10 1057.000000 157.000000 1093.000000 248.000000 1.730507 0.571399 0.900679 8.486439 1.458852 13.190383 -2.013901 0.712363
Pedestrian -1 -1 -10 1009.000000 158.000000 1054.000000 246.000000 1.669141 0.612308 0.723693 7.862085 1.405363 13.420446 -1.538160 0.083332
Car -1 -1 -10 933.000000 181.000000 990.000000 206.000000 1.522848 1.598866 3.872591 24.689889 2.377838 50.258104 1.577067 0.738168
Car -1 -1 -10 945.000000 173.000000 1024.000000 211.000000 1.528428 1.441666 3.089496 22.738274 2.052616 46.832152 2.068409 0.010152
Cyclist -1 -1 -10 958.000000 154.000000 1049.000000 273.000000 1.759887 0.483958 1.818114 5.936131 1.478779 11.104234 -1.560430 0.999661
Cyclist -1 -1 -10 1000.000000 159.000000 1058.000000 257.000000 1.733672 0.516851 1.655092 7.976999 1.355736 13.501920 -0.565042 0.940993
Cyclist -1 -1 -10 1055.000000 160.000000 1097.000000 248.000000 1.726752 0.586375 1.771320 8.505125 1.475423 13.314981 -1.507251 0.830070
Cyclist -1 -1 -10 789.000000 169.000000 808.000000 210.000000 1.730514 0.523491 1.712681 7.240530 1.490835 27.895555 -1.782429 0.705843
Cyclist -1 -1 -10 984.000000 160.000000 1108.000000 248.000000 1.757380 0.574132 1.787909 8.405381 1.388729 13.444117 3.582841 0.424437
Cyclist -1 -1 -10 996.000000 164.000000 1043.000000 218.000000 1.777993 0.527299 1.574128 7.935656 1.141746 14.358930 -1.098041 0.095882
Cyclist -1 -1 -10 1024.000000 162.000000 1071.000000 237.000000 1.711710 0.471790 1.702598 8.089543 1.431288 13.542288 -0.474871 0.085517
Cyclist -1 -1 -10 945.000000 173.000000 1024.000000 211.000000 1.732677 0.644229 1.802211 20.440052 2.285708 42.076210 -0.101362 0.084077
Cyclist -1 -1 -10 970.000000 173.000000 1006.000000 206.000000 1.726195 0.555009 1.571863 21.405013 2.314954 42.685741 -1.106401 0.022746
Cyclist -1 -1 -10 1015.000000 158.000000 1040.000000 242.000000 1.732958 0.537913 1.789144 7.825531 1.366362 13.615581 -1.138098 0.016625
Cyclist -1 -1 -10 935.000000 178.000000 991.000000 208.000000 1.766733 0.595678 1.822002 20.383726 2.152867 42.438235 -0.047686 0.011474
Cyclist -1 -1 -10 1023.000000 167.000000 1059.000000 208.000000 1.726246 0.539684 1.460327 8.577221 1.365792 14.742109 -1.043853 0.010870
