Pedestrian -1 -1 -10 1001.000000 147.000000 1023.000000 214.000000 1.795247 0.585307 0.863103 10.374757 0.924382 18.096687 3.015952 0.169993
Pedestrian -1 -1 -10 881.000000 153.000000 902.000000 195.000000 1.857851 0.645005 0.993155 13.514374 0.667994 33.407893 1.416001 0.022583
Pedestrian -1 -1 -10 519.000000 172.000000 529.000000 198.000000 1.763941 0.576810 0.676921 -4.571792 1.288715 38.974165 1.328706 0.016250
Pedestrian -1 -1 -10 143.000000 175.000000 168.000000 234.000000 1.559839 0.442990 0.517087 -9.950981 1.390152 15.428953 0.392309 0.014239
Car -1 -1 -10 527.000000 171.000000 618.000000 210.000000 1.483759 1.587267 3.886547 -1.408822 1.121280 28.164916 0.688695 0.995632
Car -1 -1 -10 0.000000 196.000000 293.000000 368.000000 1.510663 1.610940 3.851685 -3.213535 1.657108 3.257348 -1.548592 0.982789
Car -1 -1 -10 113.000000 195.000000 200.000000 238.000000 1.548438 1.591672 3.965743 -20.527901 2.090860 31.482094 -1.517155 0.411690
Car -1 -1 -10 0.000000 185.000000 55.000000 267.000000 1.612456 1.680069 4.129770 -12.400903 1.803027 12.961731 1.490793 0.075690
Car -1 -1 -10 0.000000 187.000000 106.000000 319.000000 1.632811 1.646638 3.764123 -21.146739 1.772229 27.525706 1.553010 0.012838
Cyclist -1 -1 -10 114.000000 196.000000 199.000000 240.000000 1.685008 0.615230 1.750395 -9.568308 1.727195 15.115073 1.476587 0.222975
Cyclist -1 -1 -10 12.000000 198.000000 291.000000 367.000000 1.700564 0.677146 1.962103 -2.750670 1.752077 3.603918 1.655143 0.123145
Cyclist -1 -1 -10 67.000000 206.000000 252.000000 284.000000 1.717010 0.521281 1.735234 -9.421122 1.934221 14.786834 1.563743 0.054205
Cyclist -1 -1 -10 107.000000 192.000000 205.000000 276.000000 1.724321 0.631665 1.746948 -9.480699 1.799811 14.785113 -1.672406 0.028687
