Pedestrian -1 -1 -10 386.000000 159.000000 401.000000 213.000000 1.565409 0.500361 0.549397 -8.438616 1.147347 28.592382 2.277063 0.435980
Pedestrian -1 -1 -10 396.000000 171.000000 406.000000 214.000000 1.744823 0.574089 0.454054 -8.430038 1.471079 28.735033 1.199945 0.107462
Pedestrian -1 -1 -10 416.000000 168.000000 423.000000 220.000000 1.715864 0.550190 0.637848 -7.742283 1.309598 28.909053 0.328323 0.048995
Pedestrian -1 -1 -10 393.000000 175.000000 416.000000 215.000000 1.778263 0.690756 0.654481 -8.165200 1.588763 28.435603 -1.294254 0.022896
Pedestrian -1 -1 -10 402.000000 172.000000 426.000000 217.000000 1.805525 0.722144 0.601194 -7.840945 1.567217 28.476881 -1.765358 0.013216
Pedestrian -1 -1 -10 252.000000 177.000000 269.000000 218.000000 1.748956 0.520442 0.761865 -6.682303 1.351033 13.264608 -0.292741 0.011517
Car -1 -1 -10 638.000000 178.000000 681.000000 212.000000 1.511625 1.644910 3.973383 2.173540 1.762332 33.330077 1.565771 0.999405
Car -1 -1 -10 552.000000 170.000000 583.000000 196.000000 1.713603 1.612143 3.894145 -2.968252 1.673095 51.818998 1.619602 0.998915
Car -1 -1 -10 424.000000 182.000000 532.000000 257.000000 1.483230 1.576731 3.717799 -2.893525 1.726970 16.366429 -1.560380 0.998605
Car -1 -1 -10 179.000000 172.000000 459.000000 357.000000 1.655870 1.686004 4.121365 -2.999752 1.674150 8.567835 1.583684 0.998274
Car -1 -1 -10 635.000000 171.000000 659.000000 197.000000 1.597992 1.651691 3.823744 2.703520 1.221671 51.344528 -1.549485 0.065814
Cyclist -1 -1 -10 251.000000 177.000000 271.000000 223.000000 1.658313 0.354673 1.415011 -8.844236 1.621160 18.313505 -1.984735 0.088897
