Pedestrian -1 -1 -10 597.000000 160.000000 608.000000 196.000000 1.814703 0.619965 0.847484 0.062292 0.745877 37.151500 -1.572091 0.668109
Pedestrian -1 -1 -10 663.000000 161.000000 671.000000 188.000000 1.797498 0.700075 0.865890 4.234688 0.351058 46.377108 -1.484498 0.450502
Pedestrian -1 -1 -10 587.000000 161.000000 600.000000 196.000000 1.811457 0.582551 0.967529 -0.462076 0.710735 38.132239 -0.045404 0.235116
Pedestrian -1 -1 -10 676.000000 159.000000 685.000000 188.000000 1.826794 0.653360 0.845105 5.148446 0.424505 47.503711 1.703568 0.232424
Pedestrian -1 -1 -10 668.000000 159.000000 677.000000 187.000000 1.791059 0.603446 0.848862 4.630707 0.334210 46.875203 0.704238 0.174309
Pedestrian -1 -1 -10 989.000000 143.000000 1038.000000 283.000000 1.723215 0.643285 0.618056 4.647211 1.188938 8.298092 2.074484 0.133192
Pedestrian -1 -1 -10 1151.000000 150.000000 1214.000000 286.000000 1.656883 0.524096 0.496236 5.909584 1.138181 7.709717 1.243850 0.031069
Pedestrian -1 -1 -10 636.000000 160.000000 652.000000 186.000000 1.763702 0.639117 0.671208 1.506097 0.595493 30.800207 -0.942455 0.025485
Pedestrian -1 -1 -10 604.000000 165.000000 627.000000 196.000000 1.713477 0.566460 0.718374 0.021150 1.313572 11.848902 0.156204 0.025170
Pedestrian -1 -1 -10 933.000000 148.000000 964.000000 222.000000 1.736148 0.666996 0.778303 7.017284 0.838480 14.660796 1.580205 0.011511
Car -1 -1 -10 611.000000 168.000000 656.000000 203.000000 1.517682 1.626045 3.729065 1.415987 0.984064 30.599377 1.727455 0.998654
