Pedestrian -1 -1 -10 512.000000 174.000000 529.000000 217.000000 1.692105 0.577476 0.707653 -3.625142 1.886016 28.700659 1.494290 0.246484
Pedestrian -1 -1 -10 706.000000 162.000000 722.000000 213.000000 1.824271 0.696371 0.930666 4.068384 1.467362 28.331243 -1.799384 0.238665
Pedestrian -1 -1 -10 466.000000 169.000000 478.000000 214.000000 1.745327 0.563406 0.711397 -8.644555 1.149554 44.426344 0.418535 0.152878
Pedestrian -1 -1 -10 416.000000 177.000000 442.000000 258.000000 1.678272 0.603730 0.695232 -3.669304 1.793157 14.353383 1.768453 0.104855
Pedestrian -1 -1 -10 522.000000 174.000000 532.000000 209.000000 1.661157 0.550519 0.703767 -1.878974 1.777701 14.637349 2.858428 0.037978
Pedestrian -1 -1 -10 458.000000 172.000000 481.000000 231.000000 1.762116 0.637024 0.602886 -3.356762 1.667482 17.248376 2.792730 0.027542
Pedestrian -1 -1 -10 634.000000 172.000000 641.000000 197.000000 1.766060 0.670261 0.895813 1.974815 1.795967 53.083955 -1.194038 0.019635
Car -1 -1 -10 0.000000 199.000000 227.000000 374.000000 1.534093 1.627105 3.897656 -4.992439 1.797547 6.058029 1.569006 0.954379
Car -1 -1 -10 914.000000 169.000000 1232.000000 375.000000 1.508050 1.615834 3.833203 2.588902 1.635455 2.293792 -1.576113 0.923182
Car -1 -1 -10 387.000000 184.000000 472.000000 246.000000 1.460220 1.629060 3.974827 -5.443704 1.960245 21.748748 1.500368 0.882903
Car -1 -1 -10 501.000000 176.000000 535.000000 210.000000 1.542144 1.633721 4.062584 -4.938509 2.004083 40.876672 1.828102 0.089044
Car -1 -1 -10 1065.000000 176.000000 1241.000000 351.000000 1.532917 1.592688 3.563998 2.163025 1.556223 1.793558 1.632941 0.051126
Car -1 -1 -10 46.000000 207.000000 218.000000 297.000000 1.558376 1.562019 3.842520 -7.172180 1.664696 9.862955 0.947523 0.011037
Cyclist -1 -1 -10 448.000000 171.000000 489.000000 268.000000 1.709588 0.637697 1.820319 -2.938046 1.780769 14.734044 1.560364 0.999648
Cyclist -1 -1 -10 405.000000 175.000000 453.000000 273.000000 1.725231 0.576658 1.746027 -3.600915 1.848235 14.316394 1.579841 0.998808
Cyclist -1 -1 -10 511.000000 174.000000 530.000000 215.000000 1.679819 0.606762 1.708587 -3.614228 1.763063 28.659861 1.532474 0.995932
Cyclist -1 -1 -10 388.000000 183.000000 474.000000 248.000000 1.718125 0.642670 1.734432 -3.344914 1.830111 14.676107 2.814559 0.845200
Cyclist -1 -1 -10 416.000000 177.000000 442.000000 258.000000 1.753284 0.580296 1.763853 -3.591362 1.752903 14.429480 1.478157 0.058564
Cyclist -1 -1 -10 871.000000 157.000000 1275.000000 377.000000 1.737389 0.739449 1.816697 1.931712 1.636658 2.768817 0.566966 0.032645
Cyclist -1 -1 -10 521.000000 174.000000 531.000000 209.000000 1.678078 0.463939 1.593757 -3.373852 1.794472 28.949188 -1.840831 0.025702
Cyclist -1 -1 -10 800.000000 156.000000 1034.000000 368.000000 1.723729 0.754853 1.684619 2.474733 1.802916 5.997467 0.502908 0.024449
Cyclist -1 -1 -10 458.000000 172.000000 481.000000 231.000000 1.742697 0.552821 1.622327 -4.267889 1.780220 21.357596 -1.817051 0.010527
