Car -1 -1 -10 698.000000 176.000000 805.000000 255.000000 1.458789 1.606928 3.886037 2.930040 1.580885 15.732236 -1.553914 0.999059
Car -1 -1 -10 -5.000000 206.000000 259.000000 357.000000 1.485504 1.585922 3.707579 -6.101057 1.929144 9.268653 1.566698 0.998600
Car -1 -1 -10 444.000000 181.000000 499.000000 217.000000 1.536697 1.604247 3.841598 -6.030459 1.994994 31.448562 1.603540 0.996196
Car -1 -1 -10 843.000000 152.000000 1069.000000 222.000000 1.533560 1.657343 4.242829 8.322647 1.123169 17.802411 3.123975 0.947357
Car -1 -1 -10 718.000000 161.000000 798.000000 207.000000 1.571645 1.585653 3.704872 7.953002 1.091954 37.784678 0.090006 0.923773
Car -1 -1 -10 963.000000 130.000000 1241.000000 260.000000 1.794206 1.623028 3.934028 8.207746 1.190373 11.777988 3.162586 0.697638
Car -1 -1 -10 330.000000 182.000000 441.000000 250.000000 1.710548 1.664815 4.047997 -6.175797 1.973029 20.029325 -1.544505 0.566809
Car -1 -1 -10 470.000000 181.000000 513.000000 211.000000 1.540437 1.593862 3.844361 -6.056200 1.863897 36.951795 1.586133 0.457509
Car -1 -1 -10 285.000000 195.000000 397.000000 260.000000 1.446599 1.615009 4.180704 -6.334958 1.979021 17.297371 1.587845 0.040087
Car -1 -1 -10 486.000000 181.000000 526.000000 206.000000 1.511244 1.597752 3.838403 -6.064847 1.967350 41.573605 1.593617 0.033554
