Pedestrian -1 -1 -10 730.000000 167.000000 754.000000 227.000000 1.772620 0.666970 0.873289 3.729992 1.595027 20.713260 1.355353 0.471600
Car -1 -1 -10 367.000000 185.000000 460.000000 253.000000 1.462811 1.571735 3.696277 -4.468043 1.725042 16.645495 1.466319 0.999406
Car -1 -1 -10 500.000000 175.000000 578.000000 203.000000 1.593696 1.651347 4.127270 -4.279559 1.684280 40.425738 -0.944766 0.976842
Car -1 -1 -10 345.000000 184.000000 418.000000 221.000000 1.513988 1.609506 3.735869 -8.374214 1.889525 26.982173 0.832168 0.809613
Car -1 -1 -10 621.000000 173.000000 701.000000 198.000000 1.534504 1.608507 4.228506 2.940201 1.605065 44.082838 2.746641 0.729322
Car -1 -1 -10 91.000000 175.000000 202.000000 222.000000 1.406189 1.522219 3.361545 -12.232415 1.323155 18.663553 1.823569 0.028744
Car -1 -1 -10 124.000000 186.000000 206.000000 217.000000 1.497852 1.641936 3.978092 -20.319569 1.987041 33.269036 -2.884962 0.012671
Cyclist -1 -1 -10 729.000000 168.000000 755.000000 227.000000 1.842786 0.657681 1.746147 3.697740 1.650688 20.766814 1.196308 0.951845
Cyclist -1 -1 -10 727.000000 170.000000 744.000000 216.000000 1.732760 0.583959 1.723260 3.733972 1.471476 20.918207 2.332469 0.017422
Cyclist -1 -1 -10 778.000000 178.000000 819.000000 204.000000 1.689016 0.298262 1.390480 5.469973 1.346494 20.662482 -1.301657 0.011716
