Pedestrian -1 -1 -10 137.000000 182.000000 157.000000 224.000000 1.713332 0.568750 0.720840 -6.352544 1.318152 9.506446 2.400705 0.880801
Pedestrian -1 -1 -10 104.000000 180.000000 126.000000 232.000000 1.821638 0.668566 0.810290 -19.879578 2.226293 29.124345 1.479940 0.664902
Pedestrian -1 -1 -10 122.000000 182.000000 161.000000 229.000000 1.751682 0.699716 0.641500 -15.882491 2.256712 24.098972 -1.591712 0.069463
Pedestrian -1 -1 -10 79.000000 195.000000 174.000000 240.000000 1.779334 0.534890 0.848719 -15.644478 2.625512 23.114901 1.990819 0.014845
Car -1 -1 -10 598.000000 173.000000 631.000000 203.000000 1.555032 1.695016 4.327794 0.400589 1.613198 44.340479 -1.546299 0.999088
Car -1 -1 -10 69.000000 196.000000 185.000000 246.000000 1.566130 1.628700 3.820524 -16.214524 2.430666 24.376011 1.562640 0.997944
Cyclist -1 -1 -10 115.000000 185.000000 161.000000 230.000000 1.672604 0.456209 1.643904 -16.045097 2.127368 24.336580 -3.291453 0.025791
Cyclist -1 -1 -10 72.000000 195.000000 186.000000 245.000000 1.706668 0.886189 1.849308 -15.755492 2.563370 23.343238 2.080913 0.025102
Cyclist -1 -1 -10 135.000000 183.000000 157.000000 227.000000 1.618736 0.450213 1.484297 -7.860576 1.244848 11.945434 -2.178784 0.015634
Cyclist -1 -1 -10 100.000000 183.000000 126.000000 228.000000 1.666691 0.680809 1.695326 -20.004449 1.887960 29.301471 2.129002 0.013029
