Car -1 -1 -10 302.000000 193.000000 445.000000 300.000000 1.547395 1.547190 3.624849 -3.908402 1.937439 12.363372 1.540008 0.998672
Car -1 -1 -10 753.000000 189.000000 974.000000 322.000000 1.465630 1.596616 3.732256 3.234390 1.687243 10.013834 -1.577069 0.998148
Car -1 -1 -10 681.000000 172.000000 799.000000 266.000000 1.604351 1.618258 3.742409 2.431298 1.657910 15.413500 -1.617859 0.997658
Car -1 -1 -10 853.000000 202.000000 1247.000000 375.000000 1.502771 1.639909 4.044207 3.314922 1.756981 5.410270 -1.594373 0.996999
Car -1 -1 -10 440.000000 172.000000 516.000000 233.000000 1.826784 1.686424 4.172278 -4.391459 1.931739 23.993546 -1.644724 0.991184
Car -1 -1 -10 0.000000 203.000000 347.000000 376.000000 1.565910 1.645850 4.006468 -3.555070 1.914919 5.714897 1.483332 0.991014
Car -1 -1 -10 630.000000 179.000000 686.000000 222.000000 1.509731 1.628966 3.966471 1.774835 1.748434 28.135997 -1.587040 0.987973
Car -1 -1 -10 508.000000 179.000000 538.000000 204.000000 1.501626 1.654328 4.001661 -5.550996 1.893151 45.459931 1.539001 0.984510
Car -1 -1 -10 652.000000 176.000000 738.000000 239.000000 1.537220 1.587533 3.871898 0.151469 1.506734 15.976789 -0.311077 0.903400
Car -1 -1 -10 624.000000 178.000000 657.000000 209.000000 1.618336 1.565693 3.721594 1.857829 1.707174 34.756726 -1.602404 0.520421
