Car -1 -1 -10 677.000000 177.000000 751.000000 224.000000 1.477437 1.634250 3.979895 3.123729 1.561716 23.045349 -1.582730 0.998217
Car -1 -1 -10 428.000000 189.000000 490.000000 229.000000 1.452049 1.617626 3.963067 -5.912229 2.070425 28.488552 1.623438 0.997462
Car -1 -1 -10 885.000000 144.000000 1102.000000 215.000000 1.543915 1.676025 4.173102 9.137716 0.934016 16.981343 3.183488 0.997154
Car -1 -1 -10 355.000000 192.000000 446.000000 248.000000 1.459250 1.647423 4.081814 -6.093876 2.082297 21.072912 1.589126 0.996602
Car -1 -1 -10 241.000000 199.000000 386.000000 285.000000 1.494803 1.567253 3.786779 -6.029703 2.080174 14.979200 1.550282 0.996464
Car -1 -1 -10 666.000000 175.000000 722.000000 218.000000 1.531250 1.599902 3.831927 3.120917 1.603811 28.343123 -1.591707 0.989749
Car -1 -1 -10 10.000000 205.000000 300.000000 350.000000 1.473362 1.596097 3.862288 -5.939809 2.040155 10.219839 1.559658 0.961947
Car -1 -1 -10 650.000000 177.000000 691.000000 207.000000 1.492589 1.581384 4.010925 3.101608 1.722907 38.203607 1.461197 0.771199
Car -1 -1 -10 462.000000 186.000000 509.000000 218.000000 1.528933 1.657308 3.929486 -5.983492 2.194686 34.431181 1.566649 0.608968
Car -1 -1 -10 787.000000 157.000000 936.000000 205.000000 1.512132 1.605385 3.886363 8.601600 1.168751 22.687718 -0.276517 0.418045
Car -1 -1 -10 0.000000 227.000000 67.000000 369.000000 1.530402 1.602516 3.913155 -6.007646 2.048889 5.066082 1.563833 0.200982
Car -1 -1 -10 493.000000 184.000000 531.000000 209.000000 1.540052 1.606802 3.872745 -5.922272 2.194017 43.543629 1.623452 0.070219
Car -1 -1 -10 823.000000 148.000000 1007.000000 205.000000 1.564860 1.668115 4.130547 9.344076 1.001606 21.706590 3.114460 0.054094
