Pedestrian -1 -1 -10 394.000000 167.000000 422.000000 244.000000 1.750288 0.631894 0.680588 -4.559208 1.418512 16.826129 -1.147797 0.940238
Pedestrian -1 -1 -10 498.000000 181.000000 525.000000 244.000000 1.660811 0.615253 0.884332 -2.156253 1.655342 16.543927 -1.788741 0.445064
Pedestrian -1 -1 -10 386.000000 164.000000 407.000000 243.000000 1.792061 0.767126 0.911720 -4.718961 1.368381 16.954691 -0.838922 0.125717
Pedestrian -1 -1 -10 472.000000 185.000000 496.000000 243.000000 1.614604 0.710951 0.900682 -2.750958 1.629703 16.604959 -1.632233 0.084723
Pedestrian -1 -1 -10 487.000000 184.000000 516.000000 242.000000 1.661220 0.676511 0.848899 -2.322144 1.658482 16.626716 -1.138507 0.032532
Pedestrian -1 -1 -10 845.000000 165.000000 857.000000 215.000000 1.799087 0.629261 0.657374 6.611188 1.365539 19.235013 -0.806495 0.020535
Pedestrian -1 -1 -10 483.000000 186.000000 501.000000 242.000000 1.751506 0.656745 0.568266 -2.758498 1.765741 18.479408 0.480698 0.013971
Pedestrian -1 -1 -10 1012.000000 122.000000 1045.000000 223.000000 1.719054 0.590046 0.848596 8.788036 0.910406 14.912924 -0.495469 0.011477
Car -1 -1 -10 711.000000 158.000000 855.000000 270.000000 1.785689 1.648484 3.877935 3.273418 1.449529 13.606505 -1.577597 0.988493
Cyclist -1 -1 -10 862.000000 203.000000 998.000000 368.000000 1.687735 0.580172 1.724561 2.536381 1.965341 6.063431 -1.744100 0.012232
