Pedestrian -1 -1 -10 677.000000 170.000000 691.000000 213.000000 1.766322 0.554863 0.841045 3.194538 1.693572 30.925291 -0.458201 0.936685
Car -1 -1 -10 462.000000 180.000000 515.000000 212.000000 1.402047 1.571283 3.726696 -5.800214 1.725732 33.663483 1.106948 0.998760
Car -1 -1 -10 338.000000 181.000000 416.000000 208.000000 1.551089 1.590411 3.991722 -13.104036 1.992354 40.314251 0.339755 0.996511
Car -1 -1 -10 -1.000000 193.000000 238.000000 369.000000 1.503776 1.624639 3.897677 -5.878597 1.773212 8.082892 1.544049 0.987690
Car -1 -1 -10 836.000000 195.000000 1254.000000 376.000000 1.493379 1.612320 3.872050 3.007145 1.601976 4.597999 -1.627822 0.972022
Car -1 -1 -10 50.000000 183.000000 155.000000 234.000000 1.540968 1.595378 3.760741 -17.686397 1.604582 25.750202 1.507307 0.532154
Car -1 -1 -10 131.000000 180.000000 213.000000 253.000000 1.449851 1.585474 3.743575 -14.990601 1.664351 25.171361 1.457710 0.427915
Car -1 -1 -10 3.000000 187.000000 86.000000 238.000000 1.507553 1.566280 3.606478 -18.452301 1.777101 25.925296 0.811452 0.192812
Car -1 -1 -10 0.000000 187.000000 145.000000 263.000000 1.478620 1.546075 3.466339 -10.885295 1.560816 14.346515 1.499728 0.127386
Car -1 -1 -10 0.000000 196.000000 123.000000 331.000000 1.469073 1.562731 3.818351 -5.817950 1.684369 7.797270 1.515189 0.046190
Car -1 -1 -10 51.000000 194.000000 231.000000 298.000000 1.498808 1.546858 3.429081 -6.661627 1.538334 10.161952 0.391490 0.039803
Cyclist -1 -1 -10 125.000000 183.000000 214.000000 263.000000 1.698208 0.558896 1.692255 -14.591683 2.086978 23.940620 -0.464805 0.012250
