Pedestrian -1 -1 -10 -1.000000 226.000000 42.000000 373.000000 1.648136 0.540208 0.710712 -4.439475 2.268777 5.119386 -0.022225 0.015326
Car -1 -1 -10 669.000000 186.000000 747.000000 243.000000 1.471952 1.644572 3.982277 2.692189 1.825343 20.484157 -1.567948 0.999484
Car -1 -1 -10 0.000000 188.000000 219.000000 352.000000 1.528283 1.618157 4.009791 -6.188614 1.639337 7.194763 -3.169598 0.991922
Car -1 -1 -10 70.000000 182.000000 410.000000 284.000000 1.477373 1.633206 4.121219 -6.155541 1.682978 12.591712 -0.008328 0.990990
Car -1 -1 -10 740.000000 181.000000 836.000000 228.000000 1.504300 1.595519 3.684045 6.361476 1.877507 25.544798 0.068854 0.967129
Car -1 -1 -10 454.000000 178.000000 539.000000 211.000000 1.490358 1.609943 4.013613 -6.319245 1.816509 34.873625 -3.103933 0.913511
Car -1 -1 -10 328.000000 180.000000 492.000000 234.000000 1.540726 1.660029 3.945331 -5.681364 1.786925 21.939439 -0.101631 0.900725
Car -1 -1 -10 281.000000 179.000000 425.000000 246.000000 1.620832 1.592918 3.959832 -6.657965 1.819024 18.177638 0.021076 0.592431
Car -1 -1 -10 394.000000 180.000000 515.000000 223.000000 1.493759 1.600142 3.716479 -4.554876 1.522829 26.005683 -1.771786 0.434139
Car -1 -1 -10 690.000000 180.000000 752.000000 218.000000 1.504949 1.423357 2.935071 6.004895 2.001700 36.024779 -1.460723 0.411733
Car -1 -1 -10 413.000000 186.000000 481.000000 218.000000 1.501467 1.599229 3.932221 -5.764756 1.297744 24.609618 -3.210479 0.041894
