Pedestrian -1 -1 -10 405.000000 180.000000 414.000000 216.000000 1.780657 0.584459 0.874346 -12.317822 2.295020 44.233911 -1.693433 0.158710
Pedestrian -1 -1 -10 373.000000 182.000000 417.000000 273.000000 1.714010 0.656632 0.824234 -4.097432 1.870797 13.612221 1.377477 0.031727
Pedestrian -1 -1 -10 378.000000 186.000000 407.000000 238.000000 1.626768 0.611078 0.758961 -6.188140 1.603885 19.703307 -1.368495 0.022648
Pedestrian -1 -1 -10 390.000000 184.000000 410.000000 232.000000 1.745737 0.632012 0.607528 -4.542777 1.665028 15.670736 -1.239174 0.011384
Car -1 -1 -10 694.000000 183.000000 860.000000 295.000000 1.520568 1.585241 3.546519 2.452877 1.687548 11.487088 -1.676904 0.999633
Car -1 -1 -10 258.000000 201.000000 385.000000 283.000000 1.543235 1.618332 3.793649 -5.116398 1.955328 14.181788 -1.842954 0.998205
Car -1 -1 -10 570.000000 183.000000 622.000000 223.000000 1.439349 1.576524 3.692906 -0.700681 1.963375 30.441539 -1.745968 0.997515
Car -1 -1 -10 960.000000 194.000000 1243.000000 371.000000 1.539539 1.646785 3.858709 2.924396 1.690854 2.534395 1.592337 0.961930
Car -1 -1 -10 547.000000 184.000000 581.000000 212.000000 1.524725 1.562059 3.493557 -2.644900 2.175147 40.399721 -1.732887 0.712236
Car -1 -1 -10 331.000000 192.000000 405.000000 246.000000 1.553327 1.519479 3.715199 -6.474365 2.170940 19.282332 1.235888 0.168843
Car -1 -1 -10 413.000000 187.000000 452.000000 223.000000 1.543470 1.617894 3.943351 -9.026724 2.372892 35.556822 -1.814534 0.121505
Cyclist -1 -1 -10 418.000000 180.000000 464.000000 265.000000 1.694280 0.596939 1.785040 -3.682846 1.872999 15.680707 1.534964 0.999747
Cyclist -1 -1 -10 370.000000 181.000000 420.000000 281.000000 1.753460 0.577225 1.818071 -4.117928 1.919946 13.582107 1.447086 0.998540
Cyclist -1 -1 -10 339.000000 188.000000 406.000000 268.000000 1.718299 0.654067 1.798913 -4.234160 1.937966 13.382008 1.655416 0.176477
Cyclist -1 -1 -10 415.000000 185.000000 454.000000 225.000000 1.727285 0.612145 1.720645 -8.756913 2.579040 33.725732 -0.176082 0.173470
Cyclist -1 -1 -10 253.000000 198.000000 396.000000 285.000000 1.738636 0.723376 1.855147 -4.866957 1.997913 13.008485 2.257330 0.050222
Cyclist -1 -1 -10 372.000000 187.000000 403.000000 232.000000 1.697031 0.481972 1.444753 -12.842017 1.690156 40.668207 -1.903196 0.027197
Cyclist -1 -1 -10 398.000000 181.000000 413.000000 221.000000 1.735342 0.730156 1.833251 -12.439652 2.133391 44.056752 1.333784 0.020025
Cyclist -1 -1 -10 390.000000 184.000000 410.000000 232.000000 1.611901 0.340369 1.398681 -4.884694 1.602368 16.888526 -1.882435 0.010298
