Pedestrian -1 -1 -10 970.000000 152.000000 1016.000000 278.000000 1.737914 0.605019 0.850190 5.445613 1.330983 10.105786 -1.668253 0.972482
Pedestrian -1 -1 -10 1054.000000 139.000000 1236.000000 375.000000 1.714679 0.550984 0.855495 2.608255 1.456384 3.382574 3.351178 0.938047
Pedestrian -1 -1 -10 469.000000 173.000000 490.000000 227.000000 1.788316 0.698864 0.839309 -4.256428 1.539260 24.817833 2.960985 0.781984
Pedestrian -1 -1 -10 -1.000000 154.000000 80.000000 369.000000 1.688829 0.603875 0.632785 -3.283240 1.481949 3.923510 1.923511 0.529411
Pedestrian -1 -1 -10 541.000000 184.000000 561.000000 227.000000 1.646617 0.721974 0.847317 -1.792289 1.811132 24.420256 -1.214098 0.279269
Pedestrian -1 -1 -10 452.000000 161.000000 465.000000 215.000000 1.729464 0.582169 0.637638 -4.859038 1.432852 23.641179 2.385906 0.106840
Pedestrian -1 -1 -10 526.000000 185.000000 544.000000 227.000000 1.702470 0.705695 0.939476 -2.317353 1.784193 24.573195 -2.090156 0.104014
Pedestrian -1 -1 -10 1147.000000 27.000000 1229.000000 283.000000 1.734245 0.667765 0.679353 6.114017 1.961091 7.232678 -0.329112 0.050459
Pedestrian -1 -1 -10 3.000000 156.000000 167.000000 372.000000 1.725733 0.665008 0.591149 -3.313405 1.511997 4.020714 2.020166 0.048955
Pedestrian -1 -1 -10 538.000000 184.000000 550.000000 226.000000 1.745629 0.605448 0.555773 -2.153537 1.446175 27.484847 -2.190917 0.017507
Pedestrian -1 -1 -10 1173.000000 36.000000 1235.000000 191.000000 1.723897 0.582433 0.802209 7.383804 0.675646 8.736579 -0.353823 0.012095
Pedestrian -1 -1 -10 0.000000 171.000000 106.000000 264.000000 1.664957 0.525983 0.599572 -5.804052 1.274450 7.606535 1.411381 0.011966
Car -1 -1 -10 686.000000 168.000000 766.000000 236.000000 1.801578 1.622356 3.763199 3.584432 1.457948 21.352619 -1.578149 0.984168
Car -1 -1 -10 1054.000000 132.000000 1236.000000 374.000000 1.549840 1.630421 3.734879 3.806248 1.253748 3.942187 -0.827729 0.011274
Car -1 -1 -10 2.000000 148.000000 95.000000 369.000000 1.553669 1.595812 3.820124 -2.844779 1.302283 4.543546 -0.181977 0.010937
Cyclist -1 -1 -10 1052.000000 136.000000 1237.000000 372.000000 1.700313 0.613257 1.697971 2.549085 1.337038 3.426981 3.413336 0.370428
Cyclist -1 -1 -10 467.000000 176.000000 492.000000 226.000000 1.792164 0.530266 1.686757 -4.415679 1.552289 25.250701 -2.162041 0.167361
Cyclist -1 -1 -10 687.000000 166.000000 768.000000 235.000000 1.869954 0.743672 1.856342 3.265884 1.426381 19.947097 0.241994 0.056420
Cyclist -1 -1 -10 2.000000 148.000000 95.000000 369.000000 1.695769 0.563777 1.557620 -3.458935 1.450903 4.292043 -2.295528 0.013425
