Pedestrian -1 -1 -10 263.000000 170.000000 333.000000 329.000000 1.746651 0.654796 0.889533 -3.583695 1.556553 8.346088 -1.552445 0.997892
Pedestrian -1 -1 -10 769.000000 156.000000 819.000000 264.000000 1.745262 0.538406 0.808069 2.535768 1.307253 9.384864 2.978514 0.982814
Pedestrian -1 -1 -10 847.000000 154.000000 878.000000 238.000000 1.742118 0.632924 0.860140 5.225355 1.162652 14.686330 -1.675817 0.981582
Pedestrian -1 -1 -10 547.000000 176.000000 563.000000 211.000000 1.740826 0.557506 1.028408 -2.122177 1.370792 31.315932 -1.139898 0.090028
Pedestrian -1 -1 -10 486.000000 167.000000 503.000000 211.000000 1.796861 0.655182 0.843871 -4.618746 1.191201 30.761360 -0.693436 0.066842
Pedestrian -1 -1 -10 106.000000 145.000000 150.000000 314.000000 1.784385 0.531142 0.957499 -5.844413 1.641227 8.736552 -0.009045 0.027251
Pedestrian -1 -1 -10 485.000000 165.000000 494.000000 211.000000 1.802687 0.656352 0.901992 -4.861857 1.153188 31.068613 -0.087335 0.015732
Pedestrian -1 -1 -10 793.000000 160.000000 814.000000 199.000000 1.769187 0.579818 0.831578 7.519878 0.758378 26.944116 2.335357 0.014202
Pedestrian -1 -1 -10 82.000000 150.000000 117.000000 273.000000 1.769325 0.545020 0.783537 -6.117242 1.061378 8.684508 0.020978 0.011283
Pedestrian -1 -1 -10 781.000000 160.000000 816.000000 227.000000 1.798932 0.525376 0.696866 3.467699 1.377298 13.265127 0.419610 0.010825
Car -1 -1 -10 664.000000 162.000000 725.000000 214.000000 1.774680 1.592361 3.717376 3.388904 1.152576 27.229303 -1.594432 0.913575
Cyclist -1 -1 -10 689.000000 181.000000 721.000000 221.000000 1.678464 0.613722 1.688323 3.656501 1.460086 25.650482 1.753262 0.031311
Cyclist -1 -1 -10 669.000000 163.000000 720.000000 215.000000 1.731487 0.603709 1.729826 3.071411 1.310550 25.561976 0.189746 0.027841
Cyclist -1 -1 -10 768.000000 156.000000 820.000000 265.000000 1.716238 0.510003 1.649958 2.650305 1.288406 9.506227 2.898249 0.012006
