Pedestrian -1 -1 -10 731.000000 190.000000 821.000000 260.000000 1.707796 0.726606 0.754623 3.582583 2.047406 17.363193 0.214684 0.010936
Car -1 -1 -10 844.000000 203.000000 1227.000000 373.000000 1.425723 1.652732 4.085373 3.937343 1.874202 7.427218 1.586875 0.998613
Car -1 -1 -10 758.000000 199.000000 904.000000 292.000000 1.475040 1.597791 3.945879 3.800098 1.964682 13.402476 -1.491924 0.998181
Car -1 -1 -10 530.000000 180.000000 579.000000 217.000000 1.528924 1.631357 3.964570 -2.336170 1.823277 31.273325 1.600303 0.992662
Car -1 -1 -10 727.000000 191.000000 822.000000 255.000000 1.481001 1.568474 3.566786 4.139672 2.014916 18.662133 -1.560669 0.990475
Car -1 -1 -10 702.000000 187.000000 765.000000 234.000000 1.533798 1.578916 3.660587 4.218989 2.021114 25.368658 -1.549866 0.989508
Car -1 -1 -10 683.000000 186.000000 732.000000 223.000000 1.458589 1.570014 3.713563 3.902600 1.941611 29.986212 -1.564726 0.981703
Car -1 -1 -10 439.000000 181.000000 531.000000 272.000000 1.583401 1.635227 3.967485 -2.682607 1.822254 14.983435 1.577746 0.843011
Car -1 -1 -10 284.000000 151.000000 509.000000 340.000000 1.852833 1.705173 4.306559 -2.599069 1.675891 9.801396 -1.572395 0.478568
Car -1 -1 -10 671.000000 185.000000 710.000000 216.000000 1.560532 1.610028 3.816791 4.061326 2.067537 35.773915 -1.558543 0.328899
