Car -1 -1 -10 681.000000 183.000000 751.000000 233.000000 1.459588 1.580631 3.721839 3.236951 1.782608 22.813782 -1.610942 0.997461
Car -1 -1 -10 238.000000 181.000000 433.000000 256.000000 1.635354 1.626897 4.071802 -5.951700 1.743173 17.278236 -3.396395 0.996506
Car -1 -1 -10 97.000000 181.000000 388.000000 272.000000 1.523599 1.673957 3.926785 -6.661660 1.722597 13.236533 -3.168203 0.996253
Car -1 -1 -10 760.000000 178.000000 1023.000000 336.000000 1.608058 1.622521 3.866392 3.182084 1.700115 9.292071 -1.565273 0.993668
Car -1 -1 -10 326.000000 175.000000 479.000000 238.000000 1.507820 1.593020 4.144993 -5.809231 1.692672 20.791432 0.145660 0.974049
Car -1 -1 -10 2.000000 185.000000 231.000000 346.000000 1.477390 1.631858 4.199703 -6.756613 1.583585 7.532801 -3.211634 0.969961
Car -1 -1 -10 890.000000 190.000000 1236.000000 375.000000 1.578918 1.633688 3.811318 3.057974 1.809779 4.157955 -1.540045 0.956274
Car -1 -1 -10 434.000000 177.000000 529.000000 215.000000 1.467557 1.482905 3.487507 -4.717194 1.986688 32.014542 -1.150610 0.672978
Car -1 -1 -10 386.000000 175.000000 501.000000 223.000000 1.579186 1.633659 3.738046 -5.622688 1.860595 28.216107 -1.759254 0.500390
Car -1 -1 -10 726.000000 181.000000 816.000000 218.000000 1.515112 1.637250 3.925377 7.375462 1.991601 29.890865 0.079053 0.155886
