Car -1 -1 -10 577.000000 173.000000 646.000000 237.000000 1.546479 1.643342 3.715501 0.000187 1.252829 20.501442 -1.580087 0.999419
Car -1 -1 -10 366.000000 176.000000 486.000000 262.000000 1.567574 1.628463 3.831716 -3.897008 1.436106 15.955218 -1.588244 0.997953
Car -1 -1 -10 243.000000 182.000000 353.000000 245.000000 1.503316 1.600344 3.629038 -8.268791 1.525665 19.322392 -1.600139 0.997706
Car -1 -1 -10 456.000000 177.000000 515.000000 223.000000 1.517238 1.574883 3.720929 -4.548165 1.296156 27.820622 -1.600513 0.995829
Car -1 -1 -10 344.000000 183.000000 401.000000 224.000000 1.481014 1.630013 3.948149 -8.514843 1.367513 27.997460 -1.414538 0.566586
Car -1 -1 -10 512.000000 178.000000 544.000000 204.000000 1.528284 1.571516 3.563022 -4.316310 1.290822 46.254786 -2.345071 0.562867
Car -1 -1 -10 491.000000 179.000000 527.000000 209.000000 1.568307 1.657779 3.842002 -5.372042 1.288954 39.050152 -1.611310 0.201815
Car -1 -1 -10 -5.000000 95.000000 293.000000 374.000000 1.474587 1.588523 3.737513 -4.606951 1.930790 7.953421 1.068033 0.160524
Car -1 -1 -10 594.000000 172.000000 633.000000 209.000000 1.528690 1.552477 3.475459 1.414061 0.866553 44.587800 -1.570106 0.024824
Car -1 -1 -10 579.000000 176.000000 621.000000 212.000000 1.512606 1.597361 3.745818 -0.514614 1.111025 29.830222 -1.659966 0.019015
