Pedestrian -1 -1 -10 875.000000 143.000000 917.000000 258.000000 1.756753 0.699484 0.998372 5.220462 1.138740 13.247413 -1.582433 0.862502
Pedestrian -1 -1 -10 839.000000 146.000000 876.000000 255.000000 1.784259 0.721917 0.965953 4.647865 1.233093 13.726023 -1.231044 0.565235
Pedestrian -1 -1 -10 814.000000 149.000000 896.000000 257.000000 1.825192 0.847771 0.968173 4.693384 1.213650 13.731816 1.530199 0.038296
Car -1 -1 -10 769.000000 182.000000 1018.000000 336.000000 1.454893 1.600041 3.721102 3.102717 1.599888 8.698730 -1.610622 0.998874
Car -1 -1 -10 0.000000 202.000000 247.000000 362.000000 1.480285 1.550023 3.623216 -5.992554 1.876554 8.769022 1.535160 0.997901
Car -1 -1 -10 911.000000 183.000000 1261.000000 378.000000 1.488415 1.598650 3.791759 2.904591 1.699660 2.934619 -1.639839 0.971639
Car -1 -1 -10 275.000000 175.000000 393.000000 223.000000 1.778903 1.727203 4.078702 -12.452040 2.072476 33.074719 -3.084373 0.726116
Car -1 -1 -10 131.000000 196.000000 221.000000 229.000000 1.484242 1.564445 3.818939 -20.126126 2.513055 33.140847 -3.092809 0.640586
Car -1 -1 -10 800.000000 157.000000 883.000000 226.000000 1.538434 1.627259 4.008571 10.438772 1.579533 33.300328 0.171155 0.371635
Car -1 -1 -10 795.000000 154.000000 929.000000 253.000000 1.556880 1.630933 3.869491 5.410837 0.728669 15.013057 -1.220051 0.031394
Car -1 -1 -10 1084.000000 158.000000 1205.000000 195.000000 1.518014 1.565464 3.744913 18.230956 0.826037 25.026818 2.708941 0.026751
Cyclist -1 -1 -10 815.000000 152.000000 885.000000 246.000000 1.728954 0.812791 1.805272 4.616040 1.077526 13.754746 0.676467 0.597680
Cyclist -1 -1 -10 787.000000 160.000000 951.000000 251.000000 1.724650 0.617696 1.754901 4.916338 1.074133 13.471360 0.489961 0.478738
Cyclist -1 -1 -10 851.000000 151.000000 929.000000 255.000000 1.719714 0.865008 1.834919 5.345586 1.019481 13.437449 0.395678 0.075384
Cyclist -1 -1 -10 761.000000 174.000000 1017.000000 336.000000 1.715609 0.920430 1.906421 2.906726 1.761162 7.478015 0.374139 0.041544
Cyclist -1 -1 -10 131.000000 196.000000 222.000000 233.000000 1.732802 0.777328 1.804361 -19.136890 2.725585 32.741242 -0.003500 0.021419
