Car -1 -1 -10 565.000000 180.000000 611.000000 221.000000 1.583532 1.642092 3.697862 -0.796703 1.385725 29.909101 -1.579145 0.999629
Car -1 -1 -10 134.000000 178.000000 446.000000 365.000000 1.569590 1.655551 4.104191 -3.290220 1.566546 8.298602 -1.581670 0.999421
Car -1 -1 -10 503.000000 184.000000 545.000000 214.000000 1.458752 1.586361 3.797392 -3.898500 1.364879 33.971645 -1.558830 0.999183
Car -1 -1 -10 438.000000 182.000000 512.000000 237.000000 1.454040 1.610029 3.805684 -3.996143 1.423035 22.034935 -1.582597 0.998767
Car -1 -1 -10 71.000000 185.000000 288.000000 281.000000 1.455152 1.628302 3.845446 -8.061214 1.571239 13.694669 -1.561671 0.984431
Car -1 -1 -10 2.000000 178.000000 82.000000 269.000000 1.450304 1.597382 3.769903 -12.640434 1.616260 14.207788 1.562889 0.418793
Car -1 -1 -10 341.000000 187.000000 420.000000 226.000000 1.516571 1.663557 3.905059 -8.334422 1.395526 26.576912 -1.556851 0.147725
Car -1 -1 -10 399.000000 183.000000 449.000000 217.000000 1.575288 1.647281 3.889910 -8.284394 1.174591 32.892780 -1.349227 0.107357
Car -1 -1 -10 459.000000 181.000000 498.000000 210.000000 1.528690 1.552477 3.475459 -7.811505 0.923846 40.891401 -1.755928 0.041277
Car -1 -1 -10 567.000000 180.000000 599.000000 206.000000 1.520898 1.600993 3.513585 -0.824640 0.980963 29.752719 -1.588067 0.026088
