Car -1 -1 -10 40.000000 192.000000 405.000000 374.000000 1.486516 1.607455 3.766097 -3.546196 1.574028 7.306341 -1.566312 0.999688
Car -1 -1 -10 582.000000 181.000000 621.000000 216.000000 1.595240 1.648705 4.056969 -0.267673 1.377789 34.989416 -1.580316 0.999523
Car -1 -1 -10 444.000000 189.000000 528.000000 246.000000 1.407028 1.615762 3.871598 -3.305137 1.496351 19.379077 -1.560925 0.999430
Car -1 -1 -10 326.000000 187.000000 414.000000 235.000000 1.406354 1.567129 3.735241 -7.466679 1.452399 22.879718 -1.569118 0.995248
Car -1 -1 -10 39.000000 187.000000 245.000000 287.000000 1.405158 1.540103 3.681173 -7.565234 1.617771 12.464310 -1.574074 0.984204
Car -1 -1 -10 3.000000 189.000000 159.000000 272.000000 1.465790 1.636362 3.936885 -11.487652 1.578460 13.981283 1.537836 0.902085
Car -1 -1 -10 496.000000 186.000000 533.000000 216.000000 1.460324 1.597228 3.905737 -4.694825 1.421211 34.828607 -1.554163 0.799606
Car -1 -1 -10 410.000000 182.000000 455.000000 218.000000 1.505696 1.639656 3.966814 -7.840173 1.314118 32.699469 -1.611159 0.778419
Car -1 -1 -10 294.000000 186.000000 357.000000 218.000000 1.502331 1.620613 3.750320 -12.546118 1.534421 31.768643 -1.482968 0.350544
Cyclist -1 -1 -10 42.000000 188.000000 264.000000 286.000000 1.707798 0.737652 1.819487 -7.509683 1.680200 11.457010 -1.540187 0.010010
