Car -1 -1 -10 666.000000 182.000000 728.000000 228.000000 1.419303 1.596416 3.671469 2.745016 1.641395 23.404644 -1.557784 0.999322
Car -1 -1 -10 -4.000000 182.000000 288.000000 329.000000 1.522138 1.603497 4.039902 -6.267473 1.772142 8.368928 -0.006822 0.997792
Car -1 -1 -10 312.000000 176.000000 487.000000 233.000000 1.539516 1.599523 4.116152 -5.896118 1.701643 21.101942 0.055958 0.997117
Car -1 -1 -10 727.000000 170.000000 935.000000 330.000000 1.607916 1.591542 3.739714 2.760118 1.622885 9.774309 -1.633564 0.996735
Car -1 -1 -10 68.000000 171.000000 355.000000 291.000000 1.758584 1.608017 3.940243 -6.514908 1.781893 11.829550 -3.498553 0.921427
Car -1 -1 -10 378.000000 176.000000 502.000000 217.000000 1.614300 1.566881 3.931066 -6.052911 1.880177 27.172099 0.713243 0.921375
Car -1 -1 -10 720.000000 172.000000 799.000000 217.000000 1.595623 1.686699 3.900456 6.366496 1.675460 28.434902 0.075560 0.799667
Car -1 -1 -10 271.000000 183.000000 433.000000 245.000000 1.509316 1.608522 4.253767 -6.835218 1.725808 18.826287 -3.152536 0.201967
Car -1 -1 -10 676.000000 173.000000 726.000000 201.000000 1.504089 1.578503 4.004267 5.701310 1.426867 43.556196 -0.032747 0.197844
Car -1 -1 -10 172.000000 171.000000 390.000000 254.000000 1.566406 1.632758 3.789628 -7.082750 1.736559 16.060142 -3.132536 0.116900
Car -1 -1 -10 422.000000 175.000000 537.000000 205.000000 1.495289 1.615128 3.786829 -6.432956 1.589169 37.789900 1.956314 0.086641
