Car -1 -1 -10 342.000000 196.000000 465.000000 263.000000 1.391119 1.578105 3.779444 -5.116646 1.956599 16.993497 -2.215767 0.999493
Car -1 -1 -10 225.000000 191.000000 286.000000 228.000000 1.437652 1.625491 3.923687 -14.394372 2.151605 29.193500 -2.178596 0.998671
Car -1 -1 -10 819.000000 175.000000 932.000000 235.000000 1.455919 1.681912 4.183208 6.441990 1.497740 17.962281 1.696790 0.998031
Car -1 -1 -10 734.000000 174.000000 807.000000 229.000000 1.443421 1.581343 3.701269 4.209142 1.511243 19.183179 1.825862 0.965627
Car -1 -1 -10 207.000000 189.000000 264.000000 222.000000 1.505833 1.569485 3.715153 -17.708465 2.211446 33.583709 -2.169657 0.963554
Car -1 -1 -10 409.000000 176.000000 501.000000 214.000000 1.488393 1.624678 3.870730 -7.266931 1.757455 33.198109 -3.160348 0.916206
Car -1 -1 -10 0.000000 190.000000 47.000000 225.000000 1.560265 1.596820 3.710426 -30.368471 2.470639 36.714574 0.980018 0.825787
Car -1 -1 -10 477.000000 163.000000 741.000000 318.000000 2.009522 1.735686 4.289350 -0.335309 1.891005 10.940875 -2.220993 0.651434
Car -1 -1 -10 887.000000 165.000000 1072.000000 224.000000 1.496476 1.638551 4.111003 9.081172 1.029079 18.949579 1.512210 0.289908
Car -1 -1 -10 354.000000 183.000000 444.000000 212.000000 1.525211 1.613559 3.989543 -11.410756 1.971792 37.864758 0.097266 0.196402
Car -1 -1 -10 781.000000 175.000000 853.000000 221.000000 1.522584 1.633690 3.833924 8.486309 1.507918 29.478070 1.312561 0.074478
Car -1 -1 -10 580.000000 171.000000 744.000000 269.000000 1.517393 1.599426 3.645348 0.858604 1.012694 14.559800 2.601709 0.018360
