Car -1 -1 -10 430.000000 188.000000 485.000000 226.000000 1.480757 1.564257 3.652622 -6.269940 2.129637 29.820190 1.591010 0.995770
Car -1 -1 -10 1.000000 215.000000 199.000000 373.000000 1.552082 1.606103 3.840585 -6.090243 2.065408 7.364626 1.578378 0.967247
Car -1 -1 -10 986.000000 192.000000 1238.000000 373.000000 1.528178 1.619505 3.828163 3.055418 1.675588 2.738473 -1.504144 0.950951
Car -1 -1 -10 460.000000 186.000000 507.000000 218.000000 1.492787 1.610357 3.890890 -6.294929 2.144140 35.431231 1.582653 0.948704
Car -1 -1 -10 650.000000 174.000000 697.000000 210.000000 1.520695 1.626367 3.922835 2.760901 1.601674 33.471906 -1.613937 0.940330
Car -1 -1 -10 215.000000 197.000000 284.000000 227.000000 1.525821 1.645590 3.942730 -18.583938 2.717054 37.003997 -1.515220 0.857947
Car -1 -1 -10 160.000000 197.000000 232.000000 229.000000 1.537907 1.641602 3.959081 -20.896155 2.827102 36.728559 -1.568488 0.813833
Car -1 -1 -10 64.000000 204.000000 139.000000 233.000000 1.487261 1.616826 3.837945 -26.070095 3.143181 37.636518 -1.546427 0.397445
Car -1 -1 -10 115.000000 202.000000 184.000000 231.000000 1.506542 1.592851 3.826291 -23.703971 2.870736 37.447071 -1.565381 0.197791
Car -1 -1 -10 488.000000 179.000000 525.000000 207.000000 1.685186 1.648719 4.066494 -6.308877 2.054910 43.830377 1.576675 0.171297
Car -1 -1 -10 2.000000 206.000000 63.000000 240.000000 1.558424 1.611446 3.875716 -30.943852 3.607175 37.947182 1.535538 0.075767
