Car -1 -1 -10 568.000000 190.000000 714.000000 276.000000 1.406637 1.566859 3.765589 0.353722 1.723015 13.515057 -1.881619 0.999829
Car -1 -1 -10 467.000000 182.000000 522.000000 222.000000 1.441779 1.615651 3.792787 -4.640075 1.808401 27.942450 -1.841996 0.999293
Car -1 -1 -10 284.000000 184.000000 329.000000 214.000000 1.508261 1.674618 3.954198 -17.167817 2.149907 40.542733 1.285904 0.998011
Car -1 -1 -10 25.000000 204.000000 201.000000 310.000000 1.496443 1.586446 3.700837 -7.972683 2.036239 11.850048 1.241671 0.984311
Car -1 -1 -10 453.000000 181.000000 500.000000 214.000000 1.544809 1.593894 3.784223 -6.411066 1.900931 33.714678 -1.850856 0.982202
Car -1 -1 -10 641.000000 165.000000 747.000000 208.000000 1.569907 1.665281 4.023151 3.444787 1.353668 29.630323 -2.806381 0.926774
Car -1 -1 -10 -4.000000 211.000000 157.000000 360.000000 1.458270 1.640571 3.899431 -6.190786 1.958000 7.032908 1.163684 0.806611
Car -1 -1 -10 64.000000 190.000000 153.000000 219.000000 1.584008 1.637893 4.007043 -22.698953 1.985677 33.221780 -2.092178 0.587189
Car -1 -1 -10 301.000000 183.000000 337.000000 210.000000 1.522139 1.538948 3.615299 -17.410468 2.026067 40.745546 1.289168 0.277424
Car -1 -1 -10 593.000000 174.000000 683.000000 205.000000 1.541371 1.656249 3.959964 0.737634 1.407285 35.561021 -2.707637 0.222777
Car -1 -1 -10 724.000000 135.000000 1234.000000 374.000000 1.902681 1.701243 4.273734 2.827262 1.589013 6.220003 -1.888569 0.099577
