Car -1 -1 -10 0.000000 189.000000 365.000000 309.000000 1.503379 1.616608 4.098851 -5.874082 1.757549 9.798936 0.068834 0.999295
Car -1 -1 -10 699.000000 187.000000 804.000000 253.000000 1.401488 1.599900 3.941046 3.111171 1.760949 16.613243 -1.580039 0.998812
Car -1 -1 -10 657.000000 174.000000 701.000000 211.000000 1.663188 1.626805 3.843470 3.282570 1.806787 35.852255 -1.598474 0.994280
Car -1 -1 -10 781.000000 194.000000 1236.000000 374.000000 1.505647 1.644599 4.066356 2.767264 1.746743 5.896334 -1.597488 0.994069
Car -1 -1 -10 145.000000 177.000000 376.000000 263.000000 1.610662 1.667564 3.855103 -6.345111 1.729394 14.278615 -3.184000 0.966116
Car -1 -1 -10 394.000000 179.000000 518.000000 223.000000 1.439585 1.589930 3.929784 -4.771046 1.790519 26.599143 -3.207768 0.869072
Car -1 -1 -10 439.000000 176.000000 532.000000 213.000000 1.565335 1.588904 3.940661 -5.782556 1.735248 31.337430 -0.000240 0.739268
Car -1 -1 -10 324.000000 181.000000 475.000000 239.000000 1.568827 1.708610 4.088362 -5.725495 1.699530 20.465646 -3.066429 0.612390
Car -1 -1 -10 474.000000 174.000000 550.000000 206.000000 1.600538 1.619558 3.709501 -5.439570 1.609527 41.956215 1.582338 0.304311
Cyclist -1 -1 -10 118.000000 185.000000 349.000000 266.000000 1.686878 0.565176 1.646277 -6.653174 1.342718 12.932486 -2.576455 0.020727
