Pedestrian -1 -1 -10 657.000000 162.000000 666.000000 190.000000 1.812350 0.678080 0.924213 3.782562 0.509770 45.899630 3.166502 0.775884
Pedestrian -1 -1 -10 590.000000 163.000000 600.000000 200.000000 1.739838 0.619252 0.679301 -0.288343 0.757614 36.279743 1.934975 0.610693
Pedestrian -1 -1 -10 580.000000 162.000000 593.000000 199.000000 1.766007 0.619247 0.866233 -0.757271 0.831242 37.466748 -0.475338 0.449895
Pedestrian -1 -1 -10 643.000000 163.000000 651.000000 189.000000 1.780615 0.648331 0.774896 3.676451 0.220582 56.698148 -1.600346 0.307318
Pedestrian -1 -1 -10 670.000000 163.000000 679.000000 191.000000 1.832783 0.627611 0.935875 4.713137 0.663962 46.612402 -0.422212 0.260393
Pedestrian -1 -1 -10 662.000000 161.000000 671.000000 189.000000 1.760173 0.548357 0.647001 4.128762 0.517289 46.741620 -0.975955 0.152566
Pedestrian -1 -1 -10 939.000000 148.000000 968.000000 224.000000 1.790874 0.617231 0.733876 6.234967 0.996992 12.999468 1.575839 0.120378
Pedestrian -1 -1 -10 1001.000000 150.000000 1048.000000 252.000000 1.733073 0.608303 0.797452 5.539872 1.074894 9.846801 1.039452 0.080242
Pedestrian -1 -1 -10 1068.000000 146.000000 1108.000000 228.000000 1.765904 0.635821 0.861072 7.911858 1.338048 11.642706 -1.527580 0.042535
Pedestrian -1 -1 -10 592.000000 163.000000 607.000000 196.000000 1.769485 0.585519 0.641970 -0.253495 0.737633 36.214104 1.982586 0.030525
Pedestrian -1 -1 -10 636.000000 162.000000 646.000000 187.000000 1.734234 0.569238 0.747332 0.184203 0.981890 6.804632 3.047239 0.025893
Pedestrian -1 -1 -10 601.000000 163.000000 609.000000 193.000000 1.744649 0.623721 0.591849 0.320527 0.990772 45.793820 -2.119354 0.017307
Pedestrian -1 -1 -10 625.000000 165.000000 645.000000 192.000000 1.705730 0.637387 0.631261 1.508204 0.455795 29.715291 -2.039877 0.012300
Pedestrian -1 -1 -10 604.000000 171.000000 650.000000 209.000000 1.689243 0.792587 0.654262 0.769498 1.540918 27.108006 2.975419 0.011308
Pedestrian -1 -1 -10 1202.000000 178.000000 1236.000000 341.000000 1.705730 0.637387 0.631260 6.388909 0.953785 7.489499 -1.375768 0.011017
Car -1 -1 -10 602.000000 170.000000 649.000000 209.000000 1.667070 1.675124 4.098756 0.918588 1.157745 29.122567 1.650367 0.999028
Cyclist -1 -1 -10 934.000000 151.000000 981.000000 228.000000 1.757101 0.567641 1.651253 7.456570 0.681894 14.753285 -1.258078 0.114322
Cyclist -1 -1 -10 999.000000 151.000000 1049.000000 253.000000 1.662204 0.492078 1.664433 5.576127 0.787345 9.621921 3.553256 0.014255
