Pedestrian -1 -1 -10 688.000000 171.000000 758.000000 232.000000 1.764561 0.708772 0.998157 2.962192 1.705457 19.931853 0.010459 0.011060
Car -1 -1 -10 485.000000 169.000000 543.000000 212.000000 1.526968 1.632066 3.832817 -3.542028 1.394131 27.013642 1.570759 0.998290
Car -1 -1 -10 685.000000 172.000000 759.000000 230.000000 1.583129 1.567089 3.525476 3.221447 1.668561 21.505034 -1.619962 0.994443
Car -1 -1 -10 765.000000 185.000000 1003.000000 335.000000 1.432785 1.587405 3.996030 3.288974 1.712335 9.595969 -1.560811 0.993031
Car -1 -1 -10 947.000000 202.000000 1235.000000 372.000000 1.471039 1.639789 3.864097 3.702144 1.721537 4.019257 -1.597800 0.990978
Car -1 -1 -10 662.000000 171.000000 722.000000 218.000000 1.532124 1.592811 3.738750 2.848075 1.522920 26.179666 -1.593708 0.990395
Car -1 -1 -10 312.000000 167.000000 476.000000 303.000000 1.597647 1.634034 3.937436 -3.244718 1.630865 10.910007 1.565521 0.986177
Car -1 -1 -10 723.000000 175.000000 850.000000 266.000000 1.556284 1.570385 3.421874 3.389171 1.725263 14.745082 -1.579754 0.976514
Car -1 -1 -10 647.000000 170.000000 691.000000 205.000000 1.496188 1.614818 4.043973 2.679684 1.467044 32.045576 -1.599452 0.845638
Car -1 -1 -10 -10.000000 134.000000 416.000000 377.000000 1.825471 1.674010 4.155524 -2.914684 1.556375 5.345781 1.522591 0.315582
Car -1 -1 -10 508.000000 169.000000 549.000000 203.000000 1.484288 1.571397 3.644744 -3.782256 1.284714 32.685055 -1.589341 0.283046
