Pedestrian -1 -1 -10 285.000000 168.000000 342.000000 311.000000 1.762053 0.649565 0.809808 -3.686333 1.549359 9.155049 -1.476321 0.998639
Pedestrian -1 -1 -10 747.000000 163.000000 789.000000 255.000000 1.741097 0.589855 0.795136 2.468518 1.380358 10.686629 2.887246 0.992368
Pedestrian -1 -1 -10 826.000000 158.000000 856.000000 231.000000 1.660161 0.609819 0.795939 5.118200 1.121580 15.551167 -1.482682 0.697806
Pedestrian -1 -1 -10 483.000000 168.000000 502.000000 210.000000 1.808956 0.660994 1.001425 -4.864789 1.192803 31.917017 1.911908 0.116548
Pedestrian -1 -1 -10 137.000000 160.000000 161.000000 255.000000 1.814556 0.576435 0.870917 -9.612118 1.288682 15.071490 2.058236 0.077599
Pedestrian -1 -1 -10 531.000000 178.000000 548.000000 212.000000 1.688909 0.677415 0.799182 -2.778979 1.538117 31.473889 -2.045712 0.032987
Pedestrian -1 -1 -10 544.000000 178.000000 558.000000 211.000000 1.849035 0.745366 0.794948 -2.343329 2.214342 32.614526 1.462235 0.019273
Pedestrian -1 -1 -10 752.000000 165.000000 777.000000 230.000000 1.721087 0.581441 0.661245 3.050514 1.584497 14.456036 0.823088 0.013742
Car -1 -1 -10 657.000000 166.000000 711.000000 214.000000 1.734874 1.632612 3.806283 3.161384 1.181707 28.553933 -1.595218 0.914230
Cyclist -1 -1 -10 745.000000 163.000000 791.000000 258.000000 1.710074 0.521717 1.695676 2.577405 1.361229 10.743013 2.916909 0.013166
Cyclist -1 -1 -10 657.000000 166.000000 710.000000 215.000000 1.798004 0.482518 1.634678 2.782873 1.545014 26.764940 -2.000770 0.012435
