Pedestrian -1 -1 -10 418.000000 177.000000 438.000000 231.000000 1.821114 0.672688 0.622169 -6.226451 2.084149 24.535666 1.487003 0.957858
Pedestrian -1 -1 -10 401.000000 185.000000 417.000000 226.000000 1.745151 0.619726 0.549086 -7.299844 1.943109 25.727067 -1.761236 0.778508
Pedestrian -1 -1 -10 403.000000 182.000000 428.000000 234.000000 1.854671 0.711399 0.858574 -6.587169 2.081074 24.418856 -1.595578 0.051385
Pedestrian -1 -1 -10 388.000000 198.000000 474.000000 259.000000 1.751837 0.755658 0.878326 -4.197186 2.195606 16.585134 2.854440 0.021455
Pedestrian -1 -1 -10 417.000000 182.000000 428.000000 227.000000 1.646800 0.491103 0.512485 -6.331365 1.883703 24.544055 2.336348 0.017960
Car -1 -1 -10 708.000000 183.000000 860.000000 290.000000 1.496773 1.573059 3.610139 2.702935 1.666297 12.101271 -1.618716 0.999546
Car -1 -1 -10 387.000000 197.000000 477.000000 259.000000 1.430880 1.573537 3.664238 -4.474118 2.006296 18.332298 -1.620898 0.998944
Car -1 -1 -10 660.000000 183.000000 722.000000 234.000000 1.515298 1.587324 3.510122 2.414915 1.840593 22.354260 -1.580482 0.993533
Car -1 -1 -10 444.000000 182.000000 511.000000 233.000000 1.605082 1.641973 4.061334 -4.877264 2.007169 27.526208 -1.596742 0.991958
Car -1 -1 -10 636.000000 180.000000 670.000000 211.000000 1.537217 1.599263 3.639366 2.305001 1.878092 38.088861 -1.606294 0.939628
Car -1 -1 -10 496.000000 185.000000 532.000000 214.000000 1.589122 1.601719 3.875055 -5.350445 2.267068 41.425159 1.533069 0.665705
Car -1 -1 -10 479.000000 184.000000 523.000000 219.000000 1.611891 1.628466 3.998277 -5.384700 2.324065 41.407074 1.268227 0.013587
Cyclist -1 -1 -10 397.000000 184.000000 420.000000 228.000000 1.686961 0.656484 1.652366 -6.880192 1.742309 24.850046 2.352713 0.040842
Cyclist -1 -1 -10 413.000000 182.000000 439.000000 230.000000 1.681917 0.693667 1.721598 -6.143926 1.697064 24.665585 0.741131 0.025774
Cyclist -1 -1 -10 733.000000 186.000000 769.000000 220.000000 1.609105 0.448432 1.581931 6.119438 1.909856 33.216049 -1.367094 0.022939
Cyclist -1 -1 -10 395.000000 190.000000 457.000000 242.000000 1.737248 0.624995 1.751072 -4.403871 2.059310 16.931810 2.792550 0.011448
