Pedestrian -1 -1 -10 775.000000 170.000000 790.000000 215.000000 1.708642 0.573365 0.718506 2.250776 1.447799 10.415529 3.200336 0.014033
Car -1 -1 -10 410.000000 183.000000 500.000000 241.000000 1.509813 1.598140 3.708985 -4.331003 1.837871 20.599296 1.605126 0.999630
Car -1 -1 -10 791.000000 180.000000 1004.000000 307.000000 1.531460 1.577080 3.641518 3.917204 1.689313 10.700079 -1.609041 0.998809
Car -1 -1 -10 747.000000 182.000000 864.000000 260.000000 1.481096 1.635739 3.853291 4.068917 1.694521 15.725683 -1.525072 0.997245
Car -1 -1 -10 718.000000 179.000000 796.000000 234.000000 1.502576 1.603628 3.748651 4.162683 1.688711 21.294220 -1.508647 0.997063
Car -1 -1 -10 462.000000 182.000000 530.000000 226.000000 1.532866 1.587792 3.754866 -4.059973 1.883175 26.306956 1.630762 0.994911
Car -1 -1 -10 695.000000 178.000000 754.000000 221.000000 1.495638 1.629320 4.007354 4.326939 1.691951 26.622206 -1.556778 0.981882
Car -1 -1 -10 937.000000 201.000000 1237.000000 376.000000 1.476540 1.628386 3.928304 3.840093 1.755659 4.767797 -1.550760 0.961289
Car -1 -1 -10 498.000000 182.000000 545.000000 216.000000 1.412248 1.579512 3.754002 -3.974339 1.865433 31.472358 1.647434 0.943376
Car -1 -1 -10 689.000000 176.000000 731.000000 212.000000 1.612811 1.601304 3.729674 4.762452 1.794332 35.091185 0.037562 0.261213
Car -1 -1 -10 868.000000 172.000000 921.000000 200.000000 1.506044 1.592600 3.714100 12.705939 0.961610 31.401844 1.562838 0.180646
