Pedestrian -1 -1 -10 826.000000 158.000000 898.000000 337.000000 1.815102 0.650215 1.075784 2.653861 1.569606 7.506041 -2.331492 0.998253
Pedestrian -1 -1 -10 1023.000000 142.000000 1163.000000 370.000000 1.803733 0.595602 1.045650 3.685656 1.530918 5.442229 -2.011467 0.995500
Pedestrian -1 -1 -10 91.000000 163.000000 191.000000 372.000000 1.741718 0.670260 0.748726 -4.050636 1.661714 6.304384 1.520271 0.991297
Pedestrian -1 -1 -10 536.000000 172.000000 561.000000 244.000000 1.748216 0.658978 0.742341 -1.407943 1.548431 18.389683 1.582172 0.990040
Pedestrian -1 -1 -10 615.000000 173.000000 643.000000 240.000000 1.704925 0.673515 0.901811 0.750379 1.569649 19.685477 2.684465 0.860985
Pedestrian -1 -1 -10 604.000000 176.000000 629.000000 238.000000 1.845307 0.699350 0.865831 0.345981 1.524100 20.367406 2.451650 0.571756
Pedestrian -1 -1 -10 802.000000 187.000000 836.000000 277.000000 1.709048 0.609612 0.745612 3.723654 1.750254 12.254522 2.935975 0.203504
Pedestrian -1 -1 -10 127.000000 162.000000 195.000000 274.000000 1.671099 0.540855 0.619730 -7.433097 1.239465 12.145274 2.139334 0.157961
Pedestrian -1 -1 -10 771.000000 186.000000 794.000000 241.000000 1.540914 0.455661 0.497944 5.145686 1.400273 19.642301 2.745066 0.104870
Pedestrian -1 -1 -10 0.000000 177.000000 30.000000 313.000000 1.691759 0.480113 0.718638 -7.589929 1.741605 9.164369 -3.227381 0.032876
Pedestrian -1 -1 -10 817.000000 183.000000 867.000000 277.000000 1.755844 0.575965 0.729822 3.695736 1.745103 11.895687 3.232297 0.015270
Car -1 -1 -10 373.000000 166.000000 515.000000 263.000000 1.964589 1.782877 4.210822 -3.325884 1.577163 15.997091 1.631280 0.992566
Car -1 -1 -10 452.000000 169.000000 541.000000 238.000000 1.801668 1.662918 4.047221 -2.981904 1.461330 22.854575 1.598449 0.154606
