Car -1 -1 -10 354.000000 186.000000 454.000000 253.000000 1.441286 1.591292 3.730725 -5.069131 1.582603 18.114614 -1.627098 0.999357
Car -1 -1 -10 42.000000 184.000000 336.000000 357.000000 1.496465 1.602813 3.669860 -4.616280 1.541976 8.440471 -1.595500 0.999335
Car -1 -1 -10 709.000000 179.000000 903.000000 318.000000 1.545623 1.625949 3.908036 2.751122 1.574883 10.901934 -1.615935 0.999292
Car -1 -1 -10 559.000000 182.000000 601.000000 222.000000 1.552483 1.663826 4.092274 -1.183279 1.479299 30.950924 -1.602100 0.998314
Car -1 -1 -10 429.000000 188.000000 487.000000 233.000000 1.452263 1.594449 3.991899 -5.108854 1.532959 24.662560 -1.628358 0.994665
Car -1 -1 -10 0.000000 169.000000 201.000000 294.000000 1.686979 1.647538 3.845368 -8.965523 1.454247 12.716201 -1.643685 0.888522
Car -1 -1 -10 219.000000 170.000000 350.000000 240.000000 1.918894 1.779978 4.274683 -9.518266 1.515426 21.482722 -1.589087 0.881538
Car -1 -1 -10 450.000000 186.000000 496.000000 222.000000 1.573994 1.623671 3.865691 -6.088781 1.602576 32.016645 -1.627676 0.819464
Car -1 -1 -10 484.000000 184.000000 516.000000 209.000000 1.552309 1.649280 3.938287 -6.669101 1.324307 45.024031 1.425802 0.781143
Car -1 -1 -10 549.000000 186.000000 574.000000 213.000000 1.528491 1.626046 3.791063 -2.594559 1.585268 40.078285 -1.614547 0.742987
Car -1 -1 -10 360.000000 186.000000 409.000000 223.000000 1.564384 1.665044 3.821160 -9.183477 1.443250 30.467422 -1.792322 0.729475
