Pedestrian -1 -1 -10 242.000000 179.000000 256.000000 217.000000 1.759948 0.673226 0.839790 -16.408709 2.087769 33.024749 -2.010334 0.078562
Pedestrian -1 -1 -10 643.000000 173.000000 659.000000 208.000000 1.762711 0.641596 0.779814 1.679882 1.684237 31.914902 2.676384 0.031763
Pedestrian -1 -1 -10 342.000000 181.000000 350.000000 212.000000 1.774699 0.658125 0.745784 -16.423978 2.161226 45.165741 -1.989319 0.017663
Car -1 -1 -10 482.000000 177.000000 544.000000 230.000000 1.577391 1.632489 3.942843 -3.238528 1.762784 24.235031 -1.591509 0.999125
Car -1 -1 -10 249.000000 187.000000 351.000000 239.000000 1.488659 1.652507 4.080124 -10.165968 2.035612 24.084548 1.543478 0.997769
Car -1 -1 -10 580.000000 175.000000 607.000000 202.000000 1.515457 1.624318 3.807406 -1.049369 1.846492 46.775590 -1.647784 0.993625
Car -1 -1 -10 365.000000 183.000000 410.000000 210.000000 1.570829 1.660065 3.947103 -13.551274 2.219299 43.647717 1.287799 0.628891
Cyclist -1 -1 -10 637.000000 170.000000 676.000000 211.000000 1.752126 0.627541 1.775912 2.121569 1.576685 30.552006 -2.574613 0.987575
Cyclist -1 -1 -10 636.000000 174.000000 659.000000 206.000000 1.723189 0.513960 1.775037 1.555192 1.480574 31.953407 -2.002286 0.134030
Cyclist -1 -1 -10 648.000000 173.000000 661.000000 210.000000 1.763234 0.545532 1.663203 1.873644 1.616793 32.014547 2.673892 0.010529
