Car -1 -1 -10 663.000000 182.000000 726.000000 229.000000 1.467408 1.600913 3.807172 2.673622 1.777463 23.847919 -1.572286 0.998956
Car -1 -1 -10 851.000000 164.000000 1082.000000 234.000000 1.525284 1.680679 4.233481 8.081845 1.419558 16.738385 3.145962 0.998386
Car -1 -1 -10 102.000000 200.000000 384.000000 371.000000 1.448011 1.569226 3.695567 -3.814754 1.869036 8.148511 1.584877 0.996809
Car -1 -1 -10 392.000000 184.000000 478.000000 236.000000 1.605926 1.633571 3.992396 -6.547030 2.235450 27.365788 1.700730 0.992997
Car -1 -1 -10 473.000000 185.000000 512.000000 214.000000 1.517700 1.575368 3.900638 -6.697486 2.406659 39.300598 1.734268 0.984738
Car -1 -1 -10 280.000000 196.000000 400.000000 267.000000 1.493399 1.627658 3.860320 -6.333355 2.098977 17.106997 1.569153 0.879293
Car -1 -1 -10 824.000000 164.000000 981.000000 224.000000 1.622673 1.615823 3.922444 7.925480 1.360116 20.020259 3.098006 0.351924
Car -1 -1 -10 769.000000 165.000000 911.000000 211.000000 1.600563 1.651862 4.146718 8.059744 1.384514 26.276648 3.010683 0.309852
Car -1 -1 -10 975.000000 155.000000 1083.000000 199.000000 1.566214 1.589986 3.919744 21.063072 0.883774 36.698115 -1.662008 0.186815
Car -1 -1 -10 1015.000000 152.000000 1133.000000 189.000000 1.750301 1.713583 4.160523 22.204541 0.813538 35.128494 0.165967 0.042752
Car -1 -1 -10 1127.000000 138.000000 1236.000000 188.000000 1.772285 1.685687 4.047030 21.374138 0.493695 26.487740 -1.480092 0.030207
Car -1 -1 -10 1103.000000 145.000000 1195.000000 190.000000 1.678552 1.686322 3.943692 22.236454 0.624823 29.407242 2.764823 0.027372
Car -1 -1 -10 266.000000 220.000000 376.000000 276.000000 1.479119 1.473555 3.245252 -4.591268 1.783938 12.078318 -1.308332 0.025568
