Pedestrian -1 -1 -10 449.000000 176.000000 471.000000 248.000000 1.700820 0.547223 0.670079 -3.584452 1.633981 18.103708 1.938962 0.993169
Pedestrian -1 -1 -10 819.000000 169.000000 870.000000 287.000000 1.747877 0.709440 0.992696 3.422719 1.588281 10.343230 -1.362867 0.973993
Pedestrian -1 -1 -10 488.000000 182.000000 502.000000 233.000000 1.721045 0.626265 0.776361 -3.538445 1.668746 23.240673 -1.160842 0.596027
Pedestrian -1 -1 -10 244.000000 187.000000 279.000000 278.000000 1.663180 0.538130 0.607809 -5.279249 1.660409 11.200812 2.225846 0.458547
Pedestrian -1 -1 -10 587.000000 179.000000 601.000000 220.000000 1.779690 0.664136 0.877154 -0.402242 1.801388 31.808461 1.948492 0.327925
Pedestrian -1 -1 -10 425.000000 176.000000 440.000000 220.000000 1.699458 0.662595 0.702233 -5.323193 1.474115 22.433788 -2.232061 0.090813
Pedestrian -1 -1 -10 552.000000 180.000000 567.000000 220.000000 1.719848 0.602956 0.776588 -1.946952 1.771114 32.253564 -2.136355 0.040886
Pedestrian -1 -1 -10 627.000000 179.000000 637.000000 210.000000 1.749174 0.663241 0.793666 1.664978 1.539935 42.136165 -2.006867 0.036847
Pedestrian -1 -1 -10 640.000000 180.000000 649.000000 210.000000 1.768979 0.577420 0.612250 2.467279 1.651574 42.241211 -1.540317 0.031826
Pedestrian -1 -1 -10 397.000000 169.000000 412.000000 223.000000 1.758304 0.654321 0.743339 -5.553007 1.419967 19.422676 -1.384335 0.031734
Pedestrian -1 -1 -10 403.000000 173.000000 416.000000 220.000000 1.804669 0.702371 0.939188 -5.759522 1.338640 21.342379 -3.072548 0.023006
Cyclist -1 -1 -10 231.000000 190.000000 288.000000 279.000000 1.667976 0.499838 1.692019 -5.315677 1.671728 11.260535 -2.397637 0.094807
Cyclist -1 -1 -10 265.000000 197.000000 335.000000 264.000000 1.671204 0.566064 1.723906 -5.895679 1.998485 14.478537 1.665702 0.018655
Cyclist -1 -1 -10 200.000000 198.000000 332.000000 276.000000 1.684823 0.700792 1.816561 -6.171475 1.672749 12.713499 2.592080 0.014428
