Car -1 -1 -10 361.000000 184.000000 477.000000 255.000000 1.519550 1.593015 3.664182 -4.515033 1.830996 17.439723 1.607354 0.999543
Car -1 -1 -10 856.000000 182.000000 1206.000000 373.000000 1.518032 1.627297 3.627650 3.919343 1.690752 7.403687 -1.617572 0.999454
Car -1 -1 -10 434.000000 183.000000 511.000000 233.000000 1.541229 1.578419 3.774429 -4.282095 1.880036 23.188698 1.620371 0.998208
Car -1 -1 -10 538.000000 178.000000 571.000000 203.000000 1.555004 1.592119 3.573966 -3.425981 1.846461 44.336957 1.603306 0.998167
Car -1 -1 -10 766.000000 186.000000 934.000000 285.000000 1.483802 1.619397 3.834070 3.967335 1.756704 12.642427 -1.551611 0.997986
Car -1 -1 -10 728.000000 181.000000 823.000000 246.000000 1.492257 1.607967 3.796598 4.025579 1.662090 18.167009 -1.515562 0.993529
Car -1 -1 -10 701.000000 179.000000 771.000000 230.000000 1.473630 1.603213 3.944213 4.106585 1.713589 23.317822 -1.570130 0.992920
Car -1 -1 -10 479.000000 182.000000 534.000000 221.000000 1.429795 1.606399 3.983327 -4.148092 1.840702 28.260875 1.634640 0.983218
Car -1 -1 -10 691.000000 177.000000 736.000000 217.000000 1.580721 1.586263 3.803508 4.929338 1.765650 33.573161 -1.481592 0.957280
Car -1 -1 -10 1152.000000 176.000000 1241.000000 228.000000 1.627355 1.656550 3.732250 17.260616 1.485918 19.789835 1.274681 0.205894
Car -1 -1 -10 687.000000 177.000000 718.000000 208.000000 1.633656 1.618385 3.677788 5.054200 1.866684 38.944894 -1.538800 0.134473
Car -1 -1 -10 985.000000 175.000000 1168.000000 230.000000 1.570892 1.636650 3.927326 16.714860 1.398063 27.073163 -0.134735 0.055965
Cyclist -1 -1 -10 976.000000 176.000000 1086.000000 219.000000 1.760821 0.692116 1.717041 15.005411 1.729550 26.159013 1.509014 0.048623
Cyclist -1 -1 -10 1020.000000 174.000000 1164.000000 243.000000 1.732767 0.631138 1.682036 15.624769 1.312711 24.090246 1.579727 0.024143
