Car -1 -1 -10 579.000000 173.000000 653.000000 242.000000 1.562525 1.665787 3.765237 0.106717 1.366010 18.692170 -1.573481 0.999422
Car -1 -1 -10 352.000000 182.000000 470.000000 259.000000 1.529223 1.614020 3.781798 -4.305047 1.491586 16.309623 -1.559508 0.999263
Car -1 -1 -10 455.000000 183.000000 511.000000 221.000000 1.437650 1.570464 3.709917 -4.816391 1.365679 28.051829 -1.580024 0.996360
Car -1 -1 -10 166.000000 185.000000 324.000000 256.000000 1.468610 1.644587 4.053391 -8.571283 1.506214 17.659554 -1.583154 0.992138
Car -1 -1 -10 492.000000 180.000000 537.000000 212.000000 1.524443 1.612902 3.951549 -4.616824 1.241135 36.073583 -1.647622 0.991881
Car -1 -1 -10 8.000000 174.000000 318.000000 378.000000 1.563053 1.646246 3.950357 -3.742399 1.648955 5.055391 -1.561037 0.989494
Car -1 -1 -10 276.000000 182.000000 351.000000 218.000000 1.576910 1.646755 3.951565 -13.012519 1.456281 31.830646 1.591515 0.618631
Car -1 -1 -10 254.000000 188.000000 303.000000 218.000000 1.528899 1.553214 3.485017 -12.970547 1.788780 30.711547 1.120230 0.014591
Car -1 -1 -10 64.000000 185.000000 317.000000 294.000000 1.537846 1.669025 3.786112 -7.934023 2.022218 15.724415 0.433021 0.012453
Car -1 -1 -10 587.000000 171.000000 641.000000 216.000000 1.528690 1.552477 3.475459 -0.856552 0.790059 30.691859 -1.569411 0.010693
