Car -1 -1 -10 334.000000 182.000000 467.000000 263.000000 1.486254 1.634628 4.111766 -4.411765 1.455760 15.674505 -1.566714 0.999576
Car -1 -1 -10 582.000000 176.000000 663.000000 252.000000 1.575098 1.669755 3.819846 0.292553 1.405682 17.108342 -1.538352 0.999360
Car -1 -1 -10 0.000000 200.000000 311.000000 371.000000 1.449664 1.562888 3.685167 -4.534054 1.617910 7.461422 -1.582609 0.998926
Car -1 -1 -10 189.000000 182.000000 286.000000 229.000000 1.441374 1.606644 3.890829 -12.425789 1.370058 24.320661 -1.605179 0.970798
Car -1 -1 -10 319.000000 183.000000 398.000000 224.000000 1.432536 1.591639 3.878487 -8.231152 1.315848 24.641861 -1.298334 0.714089
Car -1 -1 -10 7.000000 177.000000 174.000000 237.000000 1.549355 1.619935 3.744307 -5.251914 1.133337 7.135247 -0.646865 0.471246
Car -1 -1 -10 96.000000 188.000000 211.000000 245.000000 1.479232 1.578403 3.779798 -12.820038 1.270918 24.186793 -1.472632 0.238028
Car -1 -1 -10 172.000000 175.000000 227.000000 201.000000 1.464340 1.584353 3.785249 -30.229182 0.881246 53.621659 1.564819 0.192926
Car -1 -1 -10 614.000000 169.000000 652.000000 216.000000 1.541052 1.598551 3.660943 2.037032 0.971400 37.950662 1.589285 0.114057
Car -1 -1 -10 385.000000 179.000000 428.000000 206.000000 1.528690 1.552478 3.475459 -8.877805 1.082009 30.399440 -1.850901 0.060660
Car -1 -1 -10 42.000000 185.000000 235.000000 265.000000 1.473165 1.601009 3.785585 -8.303766 1.447448 12.439470 -1.581335 0.047793
Cyclist -1 -1 -10 70.000000 187.000000 217.000000 251.000000 1.703939 0.527239 1.561099 -9.357426 1.328469 14.038164 -2.184732 0.021639
Cyclist -1 -1 -10 190.000000 183.000000 287.000000 230.000000 1.711309 0.669422 1.853623 -11.838120 1.515212 23.305643 -1.465714 0.016492
