Pedestrian -1 -1 -10 301.000000 182.000000 333.000000 272.000000 1.782302 0.646728 0.778250 -5.840091 1.933453 14.328984 1.352157 0.981857
Pedestrian -1 -1 -10 260.000000 191.000000 294.000000 272.000000 1.744414 0.641847 0.676516 -6.744738 1.972022 14.516967 2.163078 0.955675
Pedestrian -1 -1 -10 579.000000 178.000000 589.000000 203.000000 1.808415 0.610406 0.715626 -2.112115 2.392194 57.311264 1.084295 0.026458
Pedestrian -1 -1 -10 267.000000 196.000000 327.000000 272.000000 1.828958 0.716953 0.812169 -6.238016 2.031068 14.223822 -1.818053 0.023574
Pedestrian -1 -1 -10 144.000000 205.000000 391.000000 356.000000 1.720332 0.684167 0.888942 -3.749905 2.180417 7.792991 -1.491458 0.016148
Car -1 -1 -10 705.000000 183.000000 823.000000 273.000000 1.470843 1.549201 3.572753 2.658223 1.684727 13.467821 -1.564107 0.999606
Car -1 -1 -10 149.000000 211.000000 389.000000 352.000000 1.476344 1.585450 3.666541 -4.240692 2.005628 9.587254 -1.609832 0.998578
Car -1 -1 -10 477.000000 186.000000 525.000000 225.000000 1.507813 1.597458 3.740063 -4.854751 2.159571 32.450089 1.574741 0.998503
Car -1 -1 -10 378.000000 184.000000 486.000000 259.000000 1.677094 1.682039 4.085694 -4.497800 2.011712 18.763717 -1.551140 0.998436
Car -1 -1 -10 655.000000 178.000000 702.000000 220.000000 1.534489 1.601418 3.640183 2.720830 1.796044 29.176846 -1.596796 0.998033
Car -1 -1 -10 898.000000 193.000000 1255.000000 374.000000 1.517352 1.599739 3.964013 2.849290 1.683721 3.072942 -1.574856 0.981605
Car -1 -1 -10 1047.000000 197.000000 1233.000000 332.000000 1.470021 1.584220 3.793121 2.827292 1.216840 2.498824 1.591767 0.012918
Cyclist -1 -1 -10 256.000000 198.000000 300.000000 267.000000 1.716091 0.584946 1.637168 -6.746838 1.846476 14.711702 0.618583 0.120889
Cyclist -1 -1 -10 298.000000 189.000000 337.000000 269.000000 1.695210 0.759302 1.782295 -5.987906 1.668443 14.443525 1.810633 0.026523
