Pedestrian -1 -1 -10 759.000000 183.000000 836.000000 375.000000 1.721849 0.611142 0.669833 1.477064 1.651700 5.594610 2.385667 0.998049
Pedestrian -1 -1 -10 751.000000 156.000000 775.000000 220.000000 1.701192 0.605768 0.898137 6.007979 0.899198 27.078865 -0.376811 0.211435
Pedestrian -1 -1 -10 740.000000 162.000000 757.000000 211.000000 1.757622 0.619902 0.702672 5.653252 1.043165 27.489934 2.945721 0.133668
Pedestrian -1 -1 -10 1019.000000 176.000000 1038.000000 217.000000 1.772830 0.610663 0.571134 10.827984 1.299351 18.313684 1.087475 0.065595
Pedestrian -1 -1 -10 748.000000 158.000000 764.000000 217.000000 1.760827 0.643066 0.811553 5.870718 0.840952 27.147306 -0.269896 0.023195
Car -1 -1 -10 988.000000 179.000000 1206.000000 274.000000 1.524660 1.561667 3.427907 8.426643 1.458244 12.338510 -0.379285 0.994192
Cyclist -1 -1 -10 1014.000000 178.000000 1044.000000 217.000000 1.705103 0.624206 1.684450 10.933504 1.131659 18.406671 -0.396190 0.061651
Cyclist -1 -1 -10 1007.000000 177.000000 1078.000000 215.000000 1.677653 0.462970 1.618891 11.058032 1.138776 18.546220 -0.410372 0.048460
Cyclist -1 -1 -10 1024.000000 175.000000 1037.000000 217.000000 1.708552 0.578791 1.706470 10.652460 0.881151 18.504386 -0.537891 0.030527
Cyclist -1 -1 -10 1025.000000 178.000000 1060.000000 211.000000 1.686165 0.482632 1.636031 10.990138 1.105167 18.531159 -0.424197 0.014988
Cyclist -1 -1 -10 1036.000000 180.000000 1086.000000 208.000000 1.684800 0.472682 1.485148 8.194607 1.113580 12.946197 -1.035673 0.010278
