Car -1 -1 -10 809.000000 193.000000 982.000000 274.000000 1.531065 1.566080 3.703743 6.136401 1.983203 14.640606 0.059319 0.993182
Car -1 -1 -10 635.000000 188.000000 672.000000 219.000000 1.445163 1.651116 4.108332 2.275161 2.288915 37.876938 -1.630352 0.991184
Car -1 -1 -10 878.000000 186.000000 1243.000000 363.000000 1.463133 1.572569 3.976871 6.111407 1.499817 8.841618 0.043655 0.986261
Car -1 -1 -10 747.000000 191.000000 913.000000 253.000000 1.531070 1.597189 3.854433 5.882699 2.061136 19.493426 3.020826 0.986112
Car -1 -1 -10 240.000000 181.000000 445.000000 252.000000 1.543888 1.612390 3.950390 -6.792503 1.913974 18.196702 -3.205381 0.976441
Car -1 -1 -10 16.000000 189.000000 368.000000 301.000000 1.463297 1.583214 4.152948 -6.667102 1.825358 11.075940 -3.239636 0.968696
Car -1 -1 -10 873.000000 193.000000 1083.000000 298.000000 1.556136 1.660117 3.994168 5.876060 1.811811 10.739729 -0.084250 0.957017
Car -1 -1 -10 0.000000 185.000000 216.000000 340.000000 1.480538 1.555796 3.704313 -6.776038 1.699282 8.801322 -3.191946 0.931054
Car -1 -1 -10 727.000000 184.000000 851.000000 243.000000 1.690207 1.661673 3.919766 5.350983 2.112905 22.958007 2.954173 0.908045
Car -1 -1 -10 169.000000 189.000000 383.000000 276.000000 1.494733 1.609715 3.896606 -6.346292 1.810944 13.332803 -3.100527 0.844854
Car -1 -1 -10 393.000000 188.000000 509.000000 224.000000 1.477705 1.583028 3.945828 -6.611892 2.195550 32.107951 -0.066335 0.262266
Car -1 -1 -10 309.000000 182.000000 496.000000 239.000000 1.544944 1.620834 3.878749 -6.726308 1.805430 21.592697 0.167103 0.087410
Cyclist -1 -1 -10 530.000000 185.000000 549.000000 224.000000 1.728714 0.578162 1.761536 -3.169502 2.281254 32.431163 1.467477 0.766025
