Pedestrian -1 -1 -10 905.000000 186.000000 980.000000 368.000000 1.722852 0.548048 0.642086 2.684062 1.803154 5.955038 2.053121 0.985491
Pedestrian -1 -1 -10 863.000000 187.000000 1069.000000 363.000000 1.772818 0.641105 1.012974 2.830283 1.799452 5.890943 2.576314 0.106726
Pedestrian -1 -1 -10 783.000000 190.000000 956.000000 291.000000 1.795267 0.734537 0.700881 3.456017 2.047092 11.314082 1.381428 0.021897
Car -1 -1 -10 554.000000 177.000000 596.000000 209.000000 1.508680 1.598663 3.925332 -1.768758 1.786400 36.436055 1.576032 0.996259
Car -1 -1 -10 776.000000 188.000000 948.000000 293.000000 1.475593 1.617477 4.078969 4.105758 1.820063 12.479324 1.603994 0.995731
Car -1 -1 -10 729.000000 187.000000 819.000000 251.000000 1.426409 1.597528 3.933392 4.012569 1.809576 18.547869 -1.499131 0.992587
Car -1 -1 -10 717.000000 183.000000 779.000000 237.000000 1.496875 1.534834 3.468838 4.340953 1.876965 23.733954 -1.571367 0.957678
Car -1 -1 -10 3.000000 205.000000 333.000000 375.000000 1.548490 1.597509 3.729524 -2.921108 1.778960 3.716999 1.596305 0.945178
Car -1 -1 -10 424.000000 161.000000 547.000000 274.000000 1.840442 1.701543 4.229428 -2.482375 1.740233 14.992634 -1.598419 0.921917
Car -1 -1 -10 700.000000 180.000000 747.000000 222.000000 1.575710 1.611478 3.764721 4.688893 1.980303 30.562642 -1.544654 0.798317
Car -1 -1 -10 919.000000 187.000000 1246.000000 374.000000 1.613483 1.609377 3.807214 3.538647 1.666428 5.881726 -1.634624 0.695843
Car -1 -1 -10 690.000000 180.000000 729.000000 215.000000 1.528595 1.570071 3.675668 4.567838 1.913819 35.087067 -1.540753 0.618456
Car -1 -1 -10 875.000000 191.000000 1054.000000 359.000000 1.639710 1.626751 3.984955 3.890915 1.741745 5.937859 -0.605808 0.384270
Car -1 -1 -10 497.000000 179.000000 560.000000 242.000000 1.500716 1.609931 3.919822 -2.404394 1.777266 20.450374 -1.525970 0.329878
Car -1 -1 -10 679.000000 179.000000 714.000000 208.000000 1.563248 1.576918 3.665836 4.807717 1.875743 41.022651 -1.525159 0.088554
Car -1 -1 -10 574.000000 177.000000 603.000000 202.000000 1.541661 1.460692 3.257113 -1.583698 2.167167 43.027023 1.680437 0.078845
Cyclist -1 -1 -10 881.000000 189.000000 1009.000000 365.000000 1.705779 0.534997 1.742505 2.570687 1.715320 6.099348 1.449174 0.029680
