Pedestrian -1 -1 -10 790.000000 168.000000 823.000000 248.000000 1.800987 0.706936 0.940516 4.168661 1.645843 15.712910 1.413951 0.989730
Pedestrian -1 -1 -10 787.000000 172.000000 811.000000 228.000000 1.684843 0.590752 0.581822 3.992060 1.496896 15.853275 -1.876656 0.030401
Car -1 -1 -10 345.000000 190.000000 433.000000 248.000000 1.449038 1.605187 3.862404 -6.008657 1.849245 19.114115 1.112512 0.999631
Car -1 -1 -10 52.000000 194.000000 350.000000 374.000000 1.448938 1.563949 3.763950 -3.892478 1.771436 7.592160 1.491353 0.998319
Car -1 -1 -10 486.000000 178.000000 577.000000 211.000000 1.571693 1.689295 4.017256 -3.908514 1.886637 35.930517 -0.692559 0.988110
Car -1 -1 -10 152.000000 184.000000 267.000000 229.000000 1.566632 1.666392 4.073711 -15.710332 2.071560 28.653605 -0.021487 0.985566
Car -1 -1 -10 618.000000 177.000000 708.000000 205.000000 1.556050 1.613542 4.218992 2.854335 1.835991 39.426402 2.735385 0.961477
Car -1 -1 -10 229.000000 177.000000 329.000000 220.000000 1.839404 1.803463 4.401769 -21.356896 2.245634 47.752075 -3.142326 0.113364
Car -1 -1 -10 218.000000 194.000000 341.000000 292.000000 1.496298 1.497242 3.449463 -5.292664 1.651164 11.902415 1.714559 0.014614
Cyclist -1 -1 -10 787.000000 168.000000 823.000000 250.000000 1.895285 0.691492 1.758455 4.220453 1.714940 15.711742 1.832262 0.022461
Cyclist -1 -1 -10 221.000000 183.000000 330.000000 226.000000 1.755738 0.593369 1.418124 -16.383617 2.075881 34.560933 -1.974625 0.017505
Cyclist -1 -1 -10 218.000000 197.000000 334.000000 251.000000 1.736632 0.620573 1.713339 -9.045076 1.778678 19.405492 2.212421 0.014688
Cyclist -1 -1 -10 153.000000 182.000000 269.000000 223.000000 1.713545 0.720547 1.854179 -15.187585 2.171437 28.129232 -0.016675 0.013346
Cyclist -1 -1 -10 61.000000 199.000000 109.000000 254.000000 1.689719 0.625241 1.761276 -12.069100 2.148078 16.671701 0.398081 0.011986
