Car -1 -1 -10 484.000000 188.000000 614.000000 263.000000 1.385497 1.576872 3.787176 -1.546109 1.712870 15.216905 -2.017598 0.999539
Car -1 -1 -10 381.000000 181.000000 439.000000 221.000000 1.443506 1.610442 3.827641 -8.267398 1.823544 28.921959 -1.977482 0.998766
Car -1 -1 -10 188.000000 184.000000 234.000000 215.000000 1.531683 1.647944 3.908947 -22.254919 2.230838 39.652763 1.068938 0.997025
Car -1 -1 -10 1056.000000 156.000000 1241.000000 239.000000 1.452115 1.685966 4.062923 9.907518 1.137599 13.624197 1.902372 0.995525
Car -1 -1 -10 367.000000 180.000000 414.000000 212.000000 1.498367 1.595322 3.926277 -10.654153 1.802797 34.208344 -1.981615 0.982038
Car -1 -1 -10 -1.000000 203.000000 125.000000 305.000000 1.494486 1.626526 3.847976 -9.551747 2.035510 12.545193 1.098592 0.923627
Car -1 -1 -10 546.000000 165.000000 652.000000 204.000000 1.601926 1.658246 3.997781 -0.440660 1.304554 31.746942 -2.791090 0.825236
Car -1 -1 -10 626.000000 142.000000 1024.000000 361.000000 1.974015 1.731718 4.291281 1.876458 1.709617 8.314355 -2.004946 0.609805
Car -1 -1 -10 875.000000 157.000000 1039.000000 233.000000 1.493835 1.573027 3.910377 8.267670 1.083198 15.638705 1.895649 0.454116
Car -1 -1 -10 507.000000 173.000000 590.000000 204.000000 1.497030 1.615148 3.914443 -3.199351 1.426360 36.826729 -2.818795 0.124171
Car -1 -1 -10 996.000000 157.000000 1134.000000 214.000000 1.549984 1.586006 3.847653 15.076484 1.052758 22.279985 1.063993 0.100973
Car -1 -1 -10 205.000000 184.000000 243.000000 210.000000 1.517933 1.544903 3.466441 -23.462285 2.337074 44.484702 1.615164 0.081578
Car -1 -1 -10 774.000000 149.000000 1014.000000 302.000000 1.711855 1.649238 4.003648 3.181343 1.471755 7.562328 -0.334012 0.031387
Car -1 -1 -10 1132.000000 143.000000 1241.000000 215.000000 1.549816 1.648473 3.840683 14.094552 0.778562 16.544083 -1.848563 0.028673
