Car -1 -1 -10 715.000000 177.000000 849.000000 271.000000 1.490148 1.589743 3.813590 3.031428 1.558068 13.347799 -1.540851 0.999656
Car -1 -1 -10 893.000000 148.000000 1160.000000 229.000000 1.526339 1.677731 4.254182 8.465987 1.069370 15.398564 3.149412 0.993123
Car -1 -1 -10 431.000000 181.000000 495.000000 222.000000 1.478635 1.629302 3.929227 -5.845146 1.915544 29.183715 1.584073 0.992791
Car -1 -1 -10 293.000000 182.000000 424.000000 260.000000 1.602440 1.631464 3.986051 -6.041306 1.874356 17.846488 -1.556764 0.935360
Car -1 -1 -10 0.000000 215.000000 177.000000 372.000000 1.465962 1.604020 3.779045 -6.043520 1.895838 6.874351 1.562196 0.869770
Car -1 -1 -10 463.000000 181.000000 510.000000 214.000000 1.511523 1.622601 3.957409 -5.908180 1.918079 34.737080 1.559098 0.661673
Car -1 -1 -10 729.000000 161.000000 820.000000 201.000000 1.589372 1.644461 4.082037 9.281975 1.258326 41.142276 3.239159 0.472191
Car -1 -1 -10 924.000000 150.000000 1001.000000 179.000000 1.558858 1.665864 4.046866 22.421362 0.594647 46.819166 2.602573 0.112188
Car -1 -1 -10 1055.000000 142.000000 1242.000000 273.000000 1.617963 1.600563 4.069667 8.207865 1.089910 9.079171 3.206441 0.105678
Car -1 -1 -10 483.000000 181.000000 521.000000 208.000000 1.479326 1.616470 3.926431 -5.868168 1.901521 39.557555 1.572584 0.076930
Car -1 -1 -10 230.000000 192.000000 377.000000 274.000000 1.436573 1.597127 3.968724 -6.512347 1.989617 15.296606 1.630285 0.040638
Car -1 -1 -10 712.000000 162.000000 790.000000 193.000000 1.600244 1.577816 3.498522 9.452928 1.088816 42.053715 2.925943 0.030831
Car -1 -1 -10 1097.000000 134.000000 1240.000000 216.000000 1.482891 1.566343 3.627386 11.327129 0.851390 16.000794 2.723049 0.028981
