Pedestrian -1 -1 -10 920.000000 169.000000 968.000000 284.000000 1.646251 0.671573 0.734148 4.914953 1.553858 10.318824 -0.535887 0.993310
Pedestrian -1 -1 -10 289.000000 193.000000 383.000000 371.000000 1.685925 0.594959 0.806585 -2.454983 1.765962 6.410674 1.749493 0.990902
Pedestrian -1 -1 -10 583.000000 177.000000 605.000000 246.000000 1.743265 0.558940 0.829201 -0.241016 1.688390 18.589030 -0.597313 0.984420
Pedestrian -1 -1 -10 455.000000 181.000000 499.000000 285.000000 1.715430 0.653944 0.646603 -2.177472 1.684590 11.979053 1.534969 0.878662
Pedestrian -1 -1 -10 535.000000 176.000000 556.000000 239.000000 1.775469 0.631855 0.769222 -1.694818 1.662114 21.228065 1.923712 0.705025
Pedestrian -1 -1 -10 556.000000 175.000000 577.000000 230.000000 1.790537 0.708293 0.799057 -1.207743 1.624245 24.350234 1.399718 0.386346
Pedestrian -1 -1 -10 280.000000 186.000000 330.000000 293.000000 1.579998 0.525726 0.554058 -4.629674 2.437148 10.831823 2.189284 0.297163
Pedestrian -1 -1 -10 599.000000 176.000000 615.000000 222.000000 1.783437 0.625239 0.902379 0.194287 1.592411 29.779431 1.485482 0.249151
Pedestrian -1 -1 -10 593.000000 177.000000 610.000000 230.000000 1.705730 0.637387 0.631260 0.326399 2.244707 29.375124 -2.086482 0.247725
Pedestrian -1 -1 -10 607.000000 177.000000 621.000000 220.000000 1.745743 0.567019 0.718808 0.607777 1.545132 30.763753 0.560065 0.167696
Pedestrian -1 -1 -10 622.000000 177.000000 637.000000 221.000000 1.806744 0.620812 0.735725 1.174199 1.682392 29.755576 2.008312 0.154678
Pedestrian -1 -1 -10 687.000000 169.000000 729.000000 250.000000 1.845172 0.669643 0.815798 2.570249 1.739501 17.053402 2.793006 0.035113
Pedestrian -1 -1 -10 246.000000 191.000000 361.000000 288.000000 1.685768 0.597184 0.597821 -4.685924 2.353758 10.969754 2.182563 0.015064
Cyclist -1 -1 -10 683.000000 170.000000 737.000000 252.000000 1.710716 0.473306 1.788585 2.570937 1.568551 17.105601 1.220257 0.820159
Cyclist -1 -1 -10 450.000000 182.000000 497.000000 288.000000 1.740621 0.563959 1.759209 -2.135988 1.668749 12.066763 1.544434 0.691048
Cyclist -1 -1 -10 236.000000 197.000000 393.000000 289.000000 1.721666 0.725972 1.745368 -3.881631 2.072688 10.246377 2.649273 0.650708
Cyclist -1 -1 -10 265.000000 193.000000 335.000000 285.000000 1.664922 0.482032 1.612437 -5.575803 1.788670 13.025360 -1.382703 0.549817
Cyclist -1 -1 -10 289.000000 197.000000 383.000000 365.000000 1.725330 0.567972 1.713545 -2.531759 1.792495 6.338941 1.865826 0.298326
Cyclist -1 -1 -10 822.000000 189.000000 909.000000 348.000000 1.718731 0.539296 1.711432 2.701860 1.944834 7.416395 1.355866 0.044309
