Pedestrian -1 -1 -10 346.000000 181.000000 358.000000 211.000000 1.792627 0.634406 0.614609 -15.788226 2.014855 44.044253 -2.933980 0.266448
Pedestrian -1 -1 -10 359.000000 179.000000 368.000000 206.000000 1.774938 0.608517 0.849090 -15.380993 1.863851 45.033407 -1.308559 0.093040
Pedestrian -1 -1 -10 487.000000 171.000000 496.000000 202.000000 1.767432 0.644910 0.650107 -5.999776 1.895060 38.451848 -2.267340 0.048286
Pedestrian -1 -1 -10 549.000000 168.000000 560.000000 202.000000 1.769591 0.571083 0.925547 -3.031790 0.972143 40.370364 -2.699589 0.044629
Pedestrian -1 -1 -10 349.000000 179.000000 363.000000 210.000000 1.833155 0.660307 0.881299 -15.576617 1.874807 44.383200 0.287816 0.018783
Car -1 -1 -10 507.000000 175.000000 547.000000 208.000000 1.475116 1.635808 3.696657 -3.833895 1.224573 34.590249 -1.612495 0.998149
Car -1 -1 -10 998.000000 139.000000 1160.000000 194.000000 1.509176 1.621424 4.077941 13.859912 0.402396 20.563283 3.128417 0.992407
Car -1 -1 -10 899.000000 151.000000 971.000000 177.000000 1.521510 1.580059 3.631859 15.301700 0.373171 33.397369 -1.135155 0.293612
Cyclist -1 -1 -10 609.000000 165.000000 645.000000 198.000000 1.749763 0.618825 1.809405 1.289586 0.970893 42.543151 -0.067563 0.995959
Cyclist -1 -1 -10 368.000000 176.000000 394.000000 218.000000 1.757897 0.559196 1.814578 -10.356901 1.709005 32.658905 -1.476268 0.983716
Cyclist -1 -1 -10 669.000000 163.000000 706.000000 195.000000 1.736383 0.693127 1.776610 4.545882 0.840372 39.465453 0.240643 0.284673
Cyclist -1 -1 -10 675.000000 163.000000 692.000000 193.000000 1.743755 0.587178 1.700853 4.338967 0.794620 39.431198 0.564390 0.012386
