Pedestrian -1 -1 -10 918.000000 148.000000 929.000000 181.000000 1.736561 0.605997 0.554693 15.212963 0.367791 34.915209 -1.721983 0.088182
Car -1 -1 -10 827.000000 160.000000 1147.000000 361.000000 1.589697 1.626798 3.968688 3.286599 1.449091 6.784225 -1.435744 0.975327
Car -1 -1 -10 845.000000 156.000000 963.000000 220.000000 1.466568 1.572379 3.660333 5.705248 0.986791 14.285797 2.453802 0.810426
Car -1 -1 -10 905.000000 150.000000 1000.000000 201.000000 1.496669 1.628058 3.818066 15.256499 0.592441 31.829700 -0.776454 0.182564
Car -1 -1 -10 838.000000 156.000000 1016.000000 271.000000 1.445521 1.567309 3.668897 5.766645 1.193780 13.520116 2.318974 0.032750
Car -1 -1 -10 982.000000 156.000000 1108.000000 205.000000 1.565819 1.628069 3.858837 13.466614 0.716631 22.573046 -0.978015 0.030205
Car -1 -1 -10 915.000000 152.000000 944.000000 206.000000 1.478728 1.588736 3.696888 13.874309 0.338472 31.859150 1.546990 0.024979
Car -1 -1 -10 949.000000 136.000000 1230.000000 365.000000 1.522893 1.621247 3.761326 2.691023 1.082207 2.673652 1.617244 0.021164
Car -1 -1 -10 967.000000 149.000000 1161.000000 222.000000 1.499909 1.550268 3.485940 11.281895 1.310719 18.371967 3.030616 0.011439
Cyclist -1 -1 -10 844.000000 155.000000 964.000000 231.000000 1.723111 0.658122 1.700917 5.574061 1.275343 13.283467 0.456474 0.068676
