Pedestrian -1 -1 -10 32.000000 168.000000 170.000000 372.000000 1.654720 0.641916 0.616284 -3.353724 1.524603 4.864225 -1.552517 0.997069
Pedestrian -1 -1 -10 940.000000 155.000000 986.000000 271.000000 1.713429 0.627957 0.879396 5.435449 1.340882 10.983756 -1.576518 0.871708
Pedestrian -1 -1 -10 952.000000 149.000000 1077.000000 366.000000 1.681711 0.547368 0.713942 2.603484 1.467514 4.579182 3.178967 0.870696
Pedestrian -1 -1 -10 476.000000 174.000000 496.000000 225.000000 1.824381 0.676869 0.841002 -4.192209 1.605687 25.973663 -1.099973 0.654577
Pedestrian -1 -1 -10 458.000000 166.000000 477.000000 228.000000 1.760621 0.563550 0.885453 -4.821898 1.619350 25.038554 0.313022 0.112453
Pedestrian -1 -1 -10 7.000000 165.000000 99.000000 359.000000 1.722046 0.600000 0.758997 -4.865426 1.618022 6.172102 -3.195599 0.078302
Pedestrian -1 -1 -10 22.000000 166.000000 61.000000 306.000000 1.730912 0.581484 0.700315 -5.858209 1.184072 7.406313 -0.101349 0.068300
Pedestrian -1 -1 -10 952.000000 158.000000 1025.000000 299.000000 1.708442 0.472922 0.713122 2.581730 1.372367 4.654979 3.190412 0.034441
Pedestrian -1 -1 -10 544.000000 184.000000 564.000000 225.000000 1.653595 0.707293 0.955333 -1.739071 1.802819 25.616331 -1.190414 0.025126
Pedestrian -1 -1 -10 529.000000 186.000000 545.000000 225.000000 1.648525 0.692863 0.739095 -2.315012 1.785774 25.720628 -1.148050 0.010091
Car -1 -1 -10 681.000000 168.000000 760.000000 232.000000 1.809533 1.625525 3.778134 3.674513 1.455357 22.573280 -1.576868 0.909296
Cyclist -1 -1 -10 947.000000 145.000000 1087.000000 377.000000 1.696985 0.458348 1.672732 2.581225 1.453463 4.593035 3.215130 0.964361
Cyclist -1 -1 -10 474.000000 175.000000 498.000000 224.000000 1.783494 0.509281 1.663158 -4.321886 1.552846 26.218818 -2.252152 0.113219
Cyclist -1 -1 -10 956.000000 155.000000 1024.000000 313.000000 1.718266 0.667198 1.750941 2.848064 1.166957 5.257373 -1.037921 0.051880
Cyclist -1 -1 -10 680.000000 168.000000 762.000000 231.000000 1.835873 0.708597 1.846663 3.275745 1.393032 21.208974 0.214002 0.041257
Cyclist -1 -1 -10 718.000000 188.000000 773.000000 244.000000 1.734463 0.586095 1.409302 3.499071 1.749588 18.028112 3.123501 0.017417
Cyclist -1 -1 -10 942.000000 157.000000 997.000000 275.000000 1.790311 0.536245 1.650201 5.459615 1.397658 11.048072 -1.180205 0.015519
