Car -1 -1 -10 743.000000 179.000000 901.000000 282.000000 1.451078 1.543772 3.779712 3.347811 1.624395 12.218370 1.510938 0.999663
Car -1 -1 -10 310.000000 187.000000 441.000000 257.000000 1.480949 1.600985 3.833753 -5.611219 1.883874 17.626572 1.665248 0.999068
Car -1 -1 -10 0.000000 205.000000 272.000000 367.000000 1.479985 1.583446 3.681014 -5.662191 1.905398 8.724715 1.599441 0.995156
Car -1 -1 -10 695.000000 179.000000 790.000000 245.000000 1.432650 1.637679 3.966877 3.309769 1.654690 18.102823 -1.618006 0.993703
Car -1 -1 -10 670.000000 177.000000 726.000000 220.000000 1.468099 1.588481 3.797470 3.163719 1.613179 26.695354 -1.571374 0.975533
Car -1 -1 -10 458.000000 178.000000 508.000000 214.000000 1.514997 1.549387 3.640344 -5.733463 1.806200 32.625929 1.581990 0.873266
Car -1 -1 -10 1009.000000 127.000000 1239.000000 375.000000 1.522837 1.601382 3.763199 3.260093 1.703242 2.757302 -1.570255 0.810598
Car -1 -1 -10 30.000000 188.000000 184.000000 248.000000 1.479002 1.622661 3.736163 -14.705771 2.008770 22.226193 -1.677405 0.728214
Car -1 -1 -10 0.000000 194.000000 81.000000 243.000000 1.408027 1.585921 3.703958 -14.829486 1.632879 17.547831 -2.942154 0.138356
Cyclist -1 -1 -10 33.000000 187.000000 191.000000 252.000000 1.689663 0.596720 1.669008 -14.819874 1.736935 21.423771 -2.287363 0.011207
