Car -1 -1 -10 283.000000 191.000000 419.000000 268.000000 1.503451 1.607949 3.924995 -5.732398 1.961925 16.390398 1.580320 0.999575
Car -1 -1 -10 369.000000 187.000000 459.000000 242.000000 1.453352 1.589716 3.802601 -5.731350 1.928118 21.685194 1.585686 0.997654
Car -1 -1 -10 792.000000 153.000000 908.000000 195.000000 1.578066 1.640087 4.168185 9.447528 0.897866 28.460775 3.286488 0.994310
Car -1 -1 -10 419.000000 185.000000 487.000000 229.000000 1.459933 1.598206 3.842882 -5.746449 1.969375 26.568078 1.574079 0.982976
Car -1 -1 -10 458.000000 183.000000 509.000000 217.000000 1.547907 1.659420 4.052753 -5.698729 1.920666 32.661542 1.581657 0.911367
Car -1 -1 -10 664.000000 173.000000 706.000000 203.000000 1.641562 1.699633 4.239740 3.407969 1.495570 34.783353 1.563357 0.844523
Car -1 -1 -10 491.000000 181.000000 533.000000 209.000000 1.538527 1.632571 4.039972 -5.488052 1.985955 40.171372 1.616854 0.562673
Car -1 -1 -10 1.000000 231.000000 116.000000 373.000000 1.548302 1.617285 3.731505 -5.736427 2.060158 5.395535 -1.567806 0.487720
Car -1 -1 -10 1117.000000 132.000000 1243.000000 176.000000 1.484016 1.658706 4.120477 22.735394 0.197703 28.529637 -0.227261 0.459634
Car -1 -1 -10 1061.000000 142.000000 1165.000000 174.000000 1.496073 1.636682 3.871046 23.094875 -0.050870 33.504531 1.984535 0.388075
Car -1 -1 -10 742.000000 160.000000 846.000000 192.000000 1.658067 1.651033 4.082302 8.928076 1.031757 33.475137 2.998534 0.149962
Cyclist -1 -1 -10 0.000000 227.000000 120.000000 372.000000 1.736534 0.607275 1.727400 -5.315341 2.183445 6.186400 -1.569904 0.010458
