Car -1 -1 -10 452.000000 189.000000 583.000000 264.000000 1.385410 1.597578 3.839805 -2.239488 1.772350 15.679281 -2.052754 0.999540
Car -1 -1 -10 351.000000 183.000000 407.000000 222.000000 1.439168 1.593887 3.864431 -9.537476 1.903100 29.108826 -2.027038 0.999123
Car -1 -1 -10 150.000000 185.000000 198.000000 217.000000 1.551800 1.676278 3.931071 -24.000168 2.266272 39.248244 1.088512 0.998331
Car -1 -1 -10 999.000000 162.000000 1166.000000 238.000000 1.468421 1.675119 4.139896 9.289660 1.227907 14.634540 1.861014 0.997171
Car -1 -1 -10 335.000000 182.000000 385.000000 215.000000 1.566429 1.635685 4.019068 -12.232021 1.936617 34.383797 -2.022875 0.966639
Car -1 -1 -10 520.000000 168.000000 620.000000 208.000000 1.679887 1.664597 3.880838 -1.790176 1.574688 32.045908 -2.971287 0.878012
Car -1 -1 -10 -1.000000 202.000000 100.000000 302.000000 1.454586 1.572389 3.668563 -10.161287 2.029728 12.607794 1.066714 0.850307
Car -1 -1 -10 816.000000 160.000000 983.000000 236.000000 1.469072 1.553684 3.666074 7.274121 1.204068 16.329187 1.734274 0.763382
Car -1 -1 -10 590.000000 149.000000 945.000000 349.000000 1.992984 1.742126 4.281085 1.480301 1.773315 8.922790 -2.045806 0.372592
Car -1 -1 -10 171.000000 185.000000 208.000000 212.000000 1.443362 1.636818 3.953512 -26.600931 2.331575 42.839135 -3.568683 0.327061
Car -1 -1 -10 475.000000 176.000000 559.000000 205.000000 1.544403 1.607750 4.005000 -5.045592 1.636019 37.326724 0.242896 0.224438
Car -1 -1 -10 1094.000000 149.000000 1241.000000 219.000000 1.480575 1.608849 3.950956 12.992486 1.087970 16.585843 1.669426 0.164267
Car -1 -1 -10 0.000000 209.000000 60.000000 342.000000 1.468817 1.607659 3.813242 -7.765875 2.041562 8.390118 -2.104053 0.087683
Car -1 -1 -10 949.000000 164.000000 1058.000000 215.000000 1.537208 1.624092 3.912878 13.852393 0.993684 24.885887 2.606093 0.061312
