Car -1 -1 -10 262.000000 183.000000 450.000000 299.000000 1.485524 1.624288 3.899341 -3.808148 1.494739 11.298858 -1.564027 0.999662
Car -1 -1 -10 706.000000 186.000000 823.000000 271.000000 1.432560 1.563294 3.628719 2.892727 1.465884 13.973627 -1.569187 0.999604
Car -1 -1 -10 30.000000 176.000000 250.000000 279.000000 1.522245 1.613585 3.727879 -8.180122 1.468589 12.892150 -1.595332 0.999509
Car -1 -1 -10 653.000000 180.000000 712.000000 222.000000 1.465472 1.649554 3.849172 2.736377 1.267604 26.762329 -1.569191 0.999444
Car -1 -1 -10 441.000000 179.000000 514.000000 234.000000 1.540893 1.590474 3.558176 -3.939168 1.363021 21.903633 -1.579225 0.998668
Car -1 -1 -10 481.000000 180.000000 534.000000 219.000000 1.577973 1.650088 4.069810 -4.249355 1.299106 30.102400 -1.567383 0.956237
Car -1 -1 -10 382.000000 180.000000 442.000000 222.000000 1.483891 1.602017 3.683665 -8.463010 1.305576 31.213974 -1.568871 0.533806
Car -1 -1 -10 436.000000 178.000000 485.000000 217.000000 1.570060 1.527738 3.419819 -4.874054 1.399547 24.357823 0.885871 0.123762
Car -1 -1 -10 280.000000 182.000000 368.000000 234.000000 1.482325 1.563730 3.748805 -8.112363 1.409192 21.000770 -1.504103 0.083892
Car -1 -1 -10 502.000000 179.000000 539.000000 206.000000 1.498869 1.594337 3.646484 -5.019775 1.068056 40.684134 -1.651431 0.051192
