Pedestrian -1 -1 -10 746.000000 156.000000 761.000000 210.000000 1.791771 0.728018 0.898104 5.813078 1.018014 29.123506 -1.584678 0.401024
Pedestrian -1 -1 -10 726.000000 152.000000 744.000000 209.000000 1.806620 0.769348 0.805671 5.099706 1.192614 29.471781 -1.347182 0.281804
Pedestrian -1 -1 -10 714.000000 166.000000 744.000000 216.000000 1.829182 0.705454 0.883579 4.752553 1.354607 28.967375 -1.469731 0.022442
Pedestrian -1 -1 -10 738.000000 162.000000 769.000000 209.000000 1.816206 0.739527 0.929134 5.733612 1.086316 29.039005 -1.452068 0.010201
Car -1 -1 -10 795.000000 178.000000 1160.000000 363.000000 1.476755 1.660449 3.938822 3.226421 1.514385 7.395153 -1.599238 0.998936
Car -1 -1 -10 380.000000 177.000000 460.000000 231.000000 1.541044 1.553733 3.590301 -5.685855 1.687292 22.029794 1.551518 0.998485
Car -1 -1 -10 703.000000 171.000000 810.000000 246.000000 1.498090 1.594796 3.736214 3.063581 1.470456 15.956900 -1.612200 0.997221
Car -1 -1 -10 0.000000 199.000000 257.000000 375.000000 1.477102 1.619793 3.866995 -5.608165 1.821440 7.360312 1.663818 0.981695
Car -1 -1 -10 680.000000 171.000000 753.000000 220.000000 1.495793 1.578700 3.518682 3.177502 1.445949 21.359375 -1.639143 0.953595
Car -1 -1 -10 425.000000 176.000000 489.000000 219.000000 1.464429 1.545099 3.548168 -5.723047 1.689234 27.007201 1.566129 0.936541
Car -1 -1 -10 1116.000000 195.000000 1241.000000 375.000000 1.481075 1.567081 3.785863 3.625814 1.481504 2.176054 1.583623 0.607956
Car -1 -1 -10 678.000000 172.000000 723.000000 209.000000 1.598523 1.555921 3.505884 3.523724 1.352943 29.190195 1.585905 0.336616
Car -1 -1 -10 82.000000 178.000000 217.000000 226.000000 1.498334 1.605593 3.936153 -14.880253 1.514836 23.474120 -0.114192 0.049938
Cyclist -1 -1 -10 741.000000 159.000000 762.000000 207.000000 1.745638 0.673519 1.739786 5.661673 0.820804 29.335382 -2.024883 0.038262
Cyclist -1 -1 -10 722.000000 161.000000 751.000000 205.000000 1.731627 0.607036 1.722633 5.285128 0.859529 29.544027 1.255332 0.018461
