Pedestrian -1 -1 -10 27.000000 182.000000 52.000000 238.000000 1.771352 0.627204 0.658390 -19.816074 2.098749 25.406215 -2.062809 0.801934
Pedestrian -1 -1 -10 68.000000 184.000000 84.000000 235.000000 1.584581 0.472046 0.540083 -18.766997 1.927326 25.537216 1.942351 0.521872
Pedestrian -1 -1 -10 57.000000 188.000000 91.000000 229.000000 1.738646 0.652953 0.488009 -18.688120 2.123071 25.558990 1.988160 0.178110
Pedestrian -1 -1 -10 14.000000 188.000000 58.000000 247.000000 1.807326 0.598208 0.751105 -19.342386 2.080638 24.277388 -1.779894 0.141103
Pedestrian -1 -1 -10 3.000000 195.000000 123.000000 257.000000 1.810019 0.552337 0.910356 -15.595806 2.604707 20.538045 1.869151 0.027280
Pedestrian -1 -1 -10 53.000000 188.000000 74.000000 232.000000 1.685021 0.550000 0.706608 -8.416770 1.468958 10.680856 2.321599 0.024954
Pedestrian -1 -1 -10 26.000000 186.000000 96.000000 234.000000 1.677710 0.597200 0.673898 -16.657236 2.073396 21.321201 -1.781047 0.010109
Car -1 -1 -10 598.000000 175.000000 632.000000 204.000000 1.578825 1.646855 4.067449 0.365895 1.913797 44.432473 -1.547884 0.998986
Car -1 -1 -10 393.000000 184.000000 431.000000 209.000000 1.488937 1.574812 3.593687 -12.754159 2.207741 46.109915 1.444911 0.997397
Car -1 -1 -10 0.000000 199.000000 130.000000 256.000000 1.512150 1.612089 3.799147 -16.073991 2.369118 21.476593 1.573751 0.995297
Cyclist -1 -1 -10 62.000000 186.000000 88.000000 231.000000 1.623638 0.444743 1.476590 -8.878884 1.226606 11.756242 -2.238551 0.032901
Cyclist -1 -1 -10 -1.000000 195.000000 132.000000 256.000000 1.767317 0.874843 1.876066 -15.488923 2.475087 20.868307 1.762849 0.018867
Cyclist -1 -1 -10 23.000000 182.000000 52.000000 240.000000 1.704071 0.650505 1.681031 -19.771469 1.769541 25.354306 2.033478 0.012351
