Pedestrian -1 -1 -10 684.000000 164.000000 696.000000 207.000000 1.741025 0.666722 0.686138 4.233983 1.461527 38.462357 -1.880508 0.521949
Pedestrian -1 -1 -10 545.000000 173.000000 557.000000 213.000000 1.702437 0.596005 0.700629 -2.893088 1.912003 34.654704 1.569020 0.332173
Pedestrian -1 -1 -10 549.000000 173.000000 559.000000 202.000000 1.816812 0.482934 0.648420 -2.990002 1.925354 35.574158 0.480357 0.305739
Pedestrian -1 -1 -10 527.000000 177.000000 542.000000 214.000000 1.772289 0.654034 0.811885 -3.572864 2.029496 34.178154 1.439559 0.156822
Pedestrian -1 -1 -10 537.000000 177.000000 554.000000 208.000000 1.782046 0.744699 0.783051 -3.074143 1.917864 34.598868 0.936560 0.035827
Pedestrian -1 -1 -10 690.000000 169.000000 699.000000 207.000000 1.733276 0.680134 0.638252 4.330007 1.459472 38.400611 -1.886102 0.022594
Car -1 -1 -10 351.000000 183.000000 457.000000 257.000000 1.568606 1.630917 3.876304 -5.131507 1.904714 18.386013 1.585535 0.999216
Car -1 -1 -10 682.000000 174.000000 794.000000 263.000000 1.559991 1.588863 3.622163 2.477637 1.670361 14.978021 -1.589153 0.999108
Car -1 -1 -10 471.000000 184.000000 517.000000 218.000000 1.507900 1.673014 4.119417 -5.462318 2.108158 34.305695 1.544599 0.997523
Car -1 -1 -10 2.000000 193.000000 202.000000 375.000000 1.576676 1.634795 3.831532 -4.592422 1.796474 4.503714 -1.599732 0.657150
Car -1 -1 -10 484.000000 175.000000 517.000000 207.000000 1.457790 1.578163 3.921578 -5.351958 1.811912 34.572331 1.572032 0.017234
Cyclist -1 -1 -10 527.000000 176.000000 542.000000 216.000000 1.785767 0.604103 1.817046 -3.635941 1.993557 34.197596 1.546627 0.990459
Cyclist -1 -1 -10 544.000000 174.000000 557.000000 215.000000 1.749239 0.620261 1.809060 -2.934408 1.941930 34.534483 1.488911 0.695942
Cyclist -1 -1 -10 549.000000 173.000000 559.000000 202.000000 1.761986 0.503681 1.541883 -3.778375 1.614800 49.331320 -1.611903 0.012833
Cyclist -1 -1 -10 537.000000 177.000000 554.000000 208.000000 1.714797 0.643118 1.797655 -3.065196 1.810221 34.554939 1.520840 0.011881
