Pedestrian -1 -1 -10 732.000000 172.000000 754.000000 207.000000 1.809791 0.674145 0.742442 7.666610 2.232607 42.043696 1.733722 0.014771
Car -1 -1 -10 791.000000 175.000000 1102.000000 365.000000 1.521460 1.631713 3.979180 3.291639 1.621388 7.941120 -1.567320 0.999645
Car -1 -1 -10 708.000000 183.000000 798.000000 249.000000 1.461880 1.539628 3.744956 3.380554 1.684296 17.808188 1.531398 0.998785
Car -1 -1 -10 226.000000 194.000000 387.000000 284.000000 1.494439 1.581677 3.730005 -5.770025 1.960732 14.196292 1.574911 0.998112
Car -1 -1 -10 0.000000 206.000000 275.000000 370.000000 1.460931 1.662997 4.092407 -5.766937 1.911835 8.352999 1.612689 0.997303
Car -1 -1 -10 394.000000 185.000000 478.000000 236.000000 1.481196 1.610740 3.941290 -5.584044 1.969414 23.160624 1.665877 0.995834
Car -1 -1 -10 679.000000 180.000000 749.000000 229.000000 1.462959 1.638854 3.924520 3.372804 1.788732 23.578427 -1.616463 0.988120
Car -1 -1 -10 658.000000 179.000000 707.000000 213.000000 1.469015 1.595687 3.721961 3.190314 1.745905 32.139546 -1.593154 0.951067
Car -1 -1 -10 1006.000000 175.000000 1247.000000 375.000000 1.498522 1.592727 3.737734 3.268741 1.783623 2.765086 -1.548327 0.861622
Car -1 -1 -10 483.000000 179.000000 522.000000 209.000000 1.527485 1.588053 3.762227 -5.662973 1.911769 38.252317 1.593522 0.815188
Car -1 -1 -10 131.000000 187.000000 257.000000 244.000000 1.506189 1.550732 3.782251 -10.399038 1.638310 17.278363 -0.582651 0.128149
Cyclist -1 -1 -10 739.000000 172.000000 753.000000 210.000000 1.691706 0.515885 1.663529 7.717076 1.903142 42.238494 1.798653 0.011949
Cyclist -1 -1 -10 1019.000000 174.000000 1226.000000 377.000000 1.722943 0.722088 1.813438 2.724655 1.968673 3.338400 0.564330 0.010944
