Pedestrian -1 -1 -10 447.000000 175.000000 459.000000 211.000000 1.742896 0.547438 0.509347 -6.628144 1.619212 29.971490 -1.717369 0.439599
Pedestrian -1 -1 -10 0.000000 192.000000 56.000000 325.000000 1.723937 0.553230 0.697397 -7.015672 1.775706 8.555444 0.310838 0.017497
Car -1 -1 -10 400.000000 186.000000 488.000000 243.000000 1.498279 1.618749 3.889384 -4.512089 1.834563 19.871822 1.527516 0.999649
Car -1 -1 -10 709.000000 176.000000 840.000000 275.000000 1.528823 1.635529 3.879820 2.786891 1.683942 13.006127 -1.577000 0.999455
Car -1 -1 -10 59.000000 185.000000 269.000000 264.000000 1.475595 1.573778 3.883867 -9.320138 1.770944 15.243352 0.013269 0.998841
Car -1 -1 -10 684.000000 176.000000 766.000000 240.000000 1.561225 1.626887 3.861516 2.979139 1.606271 19.464571 -1.583367 0.996873
Car -1 -1 -10 448.000000 175.000000 515.000000 228.000000 1.614204 1.589703 3.821734 -4.431738 1.737366 25.263769 1.577594 0.993709
Car -1 -1 -10 850.000000 182.000000 1238.000000 374.000000 1.502629 1.541033 3.572135 3.091029 1.642764 5.493657 -1.560340 0.989764
Car -1 -1 -10 664.000000 176.000000 719.000000 218.000000 1.480972 1.584266 3.785346 3.004040 1.609620 27.961985 -1.579264 0.986791
Car -1 -1 -10 484.000000 175.000000 534.000000 218.000000 1.672392 1.632529 4.020417 -4.296577 1.800329 30.737861 1.605668 0.937503
Car -1 -1 -10 656.000000 174.000000 698.000000 207.000000 1.635610 1.673098 3.949574 3.126394 1.625431 34.250125 -1.609679 0.020178
