Car -1 -1 -10 707.000000 187.000000 817.000000 271.000000 1.448385 1.556700 3.519910 2.898477 1.789425 14.401186 -1.559065 0.999388
Car -1 -1 -10 46.000000 193.000000 348.000000 298.000000 1.462532 1.612329 4.061360 -6.197018 1.784103 10.279779 0.015752 0.999096
Car -1 -1 -10 747.000000 175.000000 934.000000 241.000000 1.603276 1.680888 3.957568 6.437365 1.777737 19.631165 0.072623 0.996917
Car -1 -1 -10 136.000000 183.000000 424.000000 269.000000 1.469962 1.584084 4.174414 -6.394397 1.651453 14.061717 -0.066233 0.991045
Car -1 -1 -10 388.000000 179.000000 484.000000 225.000000 1.525925 1.620553 3.961039 -6.269012 1.707638 23.611042 -3.124248 0.959259
Car -1 -1 -10 636.000000 178.000000 665.000000 203.000000 1.557511 1.634015 4.010531 2.686083 1.977807 48.437340 -1.580667 0.956271
Car -1 -1 -10 269.000000 181.000000 449.000000 252.000000 1.579402 1.569268 3.982750 -5.899258 1.713796 17.155969 0.082036 0.943077
Car -1 -1 -10 699.000000 179.000000 773.000000 217.000000 1.662382 1.633254 3.895596 5.463990 1.895897 33.719847 -0.019127 0.733951
Car -1 -1 -10 -1.000000 201.000000 149.000000 355.000000 1.508795 1.619478 3.869195 -7.085359 1.703430 7.221842 -3.201907 0.703236
Car -1 -1 -10 419.000000 177.000000 517.000000 218.000000 1.647650 1.652433 3.892976 -6.298524 1.874712 29.320861 -3.234611 0.481702
Car -1 -1 -10 707.000000 181.000000 814.000000 229.000000 1.537247 1.579869 3.696054 5.537734 1.734366 24.993401 1.277004 0.386290
Car -1 -1 -10 453.000000 179.000000 539.000000 212.000000 1.512643 1.621830 3.879137 -5.940676 1.755963 42.796491 0.012682 0.288300
