Pedestrian -1 -1 -10 273.000000 182.000000 314.000000 284.000000 1.830349 0.728722 0.767895 -5.793757 1.985573 13.291630 1.296344 0.993869
Pedestrian -1 -1 -10 236.000000 194.000000 266.000000 282.000000 1.759984 0.590417 0.746794 -6.947090 1.970203 13.745489 2.040813 0.905631
Pedestrian -1 -1 -10 578.000000 178.000000 588.000000 204.000000 1.777328 0.587864 0.743273 -2.115314 2.321629 55.855149 -2.047204 0.028025
Pedestrian -1 -1 -10 240.000000 208.000000 308.000000 281.000000 1.823777 0.767621 0.643563 -6.225039 2.149836 13.204280 -1.705435 0.011000
Car -1 -1 -10 711.000000 183.000000 841.000000 282.000000 1.506334 1.559406 3.551267 2.736602 1.693692 12.547939 -1.565834 0.999643
Car -1 -1 -10 657.000000 179.000000 706.000000 221.000000 1.486210 1.600211 3.548331 2.771948 1.741605 28.181724 -1.592585 0.998720
Car -1 -1 -10 472.000000 187.000000 523.000000 225.000000 1.493945 1.599162 3.753156 -4.842634 2.140842 31.569230 1.593067 0.998585
Car -1 -1 -10 366.000000 184.000000 479.000000 265.000000 1.711717 1.690192 4.079655 -4.464214 2.046547 17.825857 -1.561146 0.997364
Car -1 -1 -10 92.000000 215.000000 370.000000 370.000000 1.515013 1.600169 3.685454 -4.224472 2.052184 8.692552 -1.603066 0.995146
Car -1 -1 -10 985.000000 179.000000 1233.000000 375.000000 1.488742 1.640766 3.974496 2.870631 1.602192 2.341036 -1.530472 0.951502
Car -1 -1 -10 520.000000 186.000000 549.000000 211.000000 1.516864 1.623526 3.976603 -4.682846 2.387481 47.437721 1.436230 0.895017
Cyclist -1 -1 -10 977.000000 186.000000 1235.000000 371.000000 1.724320 0.708255 1.667031 2.509447 1.750646 3.012647 -1.707702 0.029859
Cyclist -1 -1 -10 266.000000 184.000000 319.000000 283.000000 1.697161 0.767717 1.772132 -5.927027 1.708323 13.400708 2.691145 0.027576
