Pedestrian -1 -1 -10 512.000000 169.000000 534.000000 232.000000 1.686603 0.567045 0.647318 -2.198687 1.373373 19.298569 2.006457 0.996836
Pedestrian -1 -1 -10 282.000000 163.000000 333.000000 296.000000 1.717416 0.694888 0.619879 -3.601557 1.370497 8.928262 1.806616 0.992127
Pedestrian -1 -1 -10 649.000000 169.000000 672.000000 224.000000 1.663775 0.588926 0.783904 1.743923 1.343188 21.606454 1.991892 0.981125
Pedestrian -1 -1 -10 1105.000000 148.000000 1208.000000 366.000000 1.685853 0.652615 0.779899 4.282038 1.438587 5.679739 -1.514053 0.961816
Pedestrian -1 -1 -10 383.000000 161.000000 412.000000 247.000000 1.824696 0.684201 0.860319 -4.606869 1.387976 15.845704 -2.373397 0.905895
Pedestrian -1 -1 -10 569.000000 167.000000 588.000000 219.000000 1.694102 0.644267 0.738340 -0.848083 1.259420 24.918936 -1.697860 0.859776
Pedestrian -1 -1 -10 627.000000 166.000000 645.000000 212.000000 1.761503 0.666932 0.971292 1.284154 1.173430 27.367222 1.543317 0.690965
Pedestrian -1 -1 -10 1142.000000 155.000000 1235.000000 328.000000 1.705305 0.508346 0.814304 4.364707 1.411681 5.630604 -1.904112 0.025621
Pedestrian -1 -1 -10 168.000000 151.000000 211.000000 329.000000 1.692486 0.546536 0.510900 -5.440898 1.731520 10.068684 2.515787 0.018800
Pedestrian -1 -1 -10 621.000000 165.000000 637.000000 208.000000 1.803488 0.571201 0.730527 1.172586 1.094708 27.458012 -0.999287 0.011211
Pedestrian -1 -1 -10 258.000000 167.000000 366.000000 310.000000 1.815805 0.825177 0.632954 -3.318527 1.714983 8.383552 2.532731 0.010175
Cyclist -1 -1 -10 1101.000000 158.000000 1232.000000 350.000000 1.724754 0.566689 1.683846 4.296482 1.425732 5.644555 -0.398269 0.240798
Cyclist -1 -1 -10 512.000000 170.000000 534.000000 230.000000 1.717420 0.622554 1.761389 -2.276005 1.390837 19.462367 -1.137310 0.040976
Cyclist -1 -1 -10 699.000000 157.000000 736.000000 212.000000 1.739235 0.352722 1.731037 4.532232 0.959244 28.735722 -1.964139 0.012895
