Car -1 -1 -10 835.000000 186.000000 1161.000000 367.000000 1.489536 1.603933 3.733489 3.675989 1.641746 7.687995 -1.545899 0.999850
Car -1 -1 -10 363.000000 186.000000 473.000000 252.000000 1.498977 1.603436 3.896757 -4.709253 1.828613 17.904087 1.602657 0.999486
Car -1 -1 -10 496.000000 179.000000 541.000000 212.000000 1.496621 1.534592 3.467401 -4.299245 1.811031 33.773898 1.646162 0.999373
Car -1 -1 -10 245.000000 190.000000 416.000000 292.000000 1.487592 1.593742 3.806011 -4.679697 1.831629 12.562081 1.587792 0.999176
Car -1 -1 -10 748.000000 181.000000 906.000000 279.000000 1.477380 1.655041 3.987913 3.597960 1.656475 12.791525 -1.603111 0.997858
Car -1 -1 -10 -1.000000 196.000000 295.000000 374.000000 1.489584 1.625481 3.876106 -4.740518 1.835992 6.975089 1.557347 0.997056
Car -1 -1 -10 716.000000 179.000000 813.000000 245.000000 1.468580 1.623684 3.881610 3.683100 1.650603 18.008000 -1.549284 0.995385
Car -1 -1 -10 703.000000 178.000000 768.000000 228.000000 1.519143 1.584267 3.744484 4.045619 1.720425 23.467978 -1.543739 0.986768
Car -1 -1 -10 517.000000 178.000000 556.000000 208.000000 1.524711 1.598618 3.794836 -3.843134 1.743425 38.472543 1.625978 0.945674
Car -1 -1 -10 1097.000000 172.000000 1238.000000 225.000000 1.607509 1.590325 3.852961 18.205879 1.493469 23.567843 1.541675 0.875629
Car -1 -1 -10 685.000000 177.000000 735.000000 217.000000 1.508710 1.516501 3.205666 4.022822 1.681566 28.807063 -1.584780 0.871405
Car -1 -1 -10 1104.000000 226.000000 1247.000000 373.000000 1.499833 1.574645 3.740137 3.626018 1.780603 2.168986 -1.596257 0.360907
Car -1 -1 -10 931.000000 172.000000 1006.000000 210.000000 1.563904 1.647836 3.922129 13.549961 1.291785 26.157320 1.363940 0.077011
Cyclist -1 -1 -10 924.000000 173.000000 1015.000000 217.000000 1.719015 0.566231 1.872458 12.836914 1.417028 26.285489 1.468901 0.241693
