Pedestrian -1 -1 -10 17.000000 239.000000 158.000000 357.000000 1.749791 0.695713 0.583899 -2.722054 1.928567 3.759270 -2.582698 0.020105
Car -1 -1 -10 256.000000 188.000000 472.000000 316.000000 1.495780 1.642874 4.135873 -3.278894 1.519797 10.435115 -1.571388 0.999542
Car -1 -1 -10 557.000000 177.000000 620.000000 238.000000 1.517693 1.677160 3.645389 -0.582964 1.380051 21.328544 -1.593877 0.999412
Car -1 -1 -10 500.000000 178.000000 547.000000 219.000000 1.515133 1.629216 3.904380 -3.327885 1.351907 29.453381 -1.629451 0.995295
Car -1 -1 -10 185.000000 183.000000 305.000000 259.000000 1.502477 1.626568 3.888345 -7.745806 1.448591 16.376323 -1.538457 0.979364
Car -1 -1 -10 424.000000 176.000000 517.000000 251.000000 1.664721 1.653821 4.031609 -3.416976 1.450328 17.729343 -1.582540 0.975419
Car -1 -1 -10 2.000000 207.000000 317.000000 376.000000 1.435348 1.604843 3.918850 -3.184324 1.746951 3.688097 -1.580771 0.955733
Car -1 -1 -10 314.000000 183.000000 370.000000 210.000000 1.533312 1.631324 3.840308 -12.871525 1.318916 34.763605 -1.497555 0.229976
Car -1 -1 -10 370.000000 181.000000 429.000000 213.000000 1.520803 1.637771 3.915445 -8.259516 1.275965 28.042824 -1.809448 0.171942
Car -1 -1 -10 257.000000 185.000000 316.000000 215.000000 1.477633 1.592731 3.968194 -16.277833 1.329409 35.022779 1.704715 0.060611
