Car -1 -1 -10 637.000000 196.000000 814.000000 298.000000 1.424961 1.587795 3.805987 1.595805 1.787113 11.638649 -1.791712 0.999859
Car -1 -1 -10 348.000000 190.000000 392.000000 222.000000 1.523023 1.634636 3.800820 -13.295898 2.611719 39.849753 1.425231 0.999233
Car -1 -1 -10 528.000000 188.000000 588.000000 231.000000 1.385829 1.610553 3.961314 -2.053436 2.015905 26.551086 -1.756047 0.998985
Car -1 -1 -10 10.000000 211.000000 244.000000 342.000000 1.487924 1.563675 3.744201 -6.853956 2.115009 10.694642 1.311622 0.984057
Car -1 -1 -10 518.000000 187.000000 567.000000 222.000000 1.508787 1.586465 3.812085 -3.251737 2.084016 32.173337 -1.768770 0.982567
Car -1 -1 -10 712.000000 171.000000 831.000000 217.000000 1.465885 1.627189 3.975338 6.107595 1.433397 27.280788 -2.753343 0.949248
Car -1 -1 -10 -1.000000 226.000000 143.000000 371.000000 1.466036 1.655980 3.939639 -5.643194 2.036022 5.949601 1.331042 0.924745
Car -1 -1 -10 367.000000 190.000000 402.000000 217.000000 1.476179 1.636238 3.881970 -14.313244 2.727806 44.854905 1.377327 0.860244
Car -1 -1 -10 141.000000 197.000000 217.000000 226.000000 1.533803 1.631951 4.031142 -19.549340 2.549405 33.149724 1.605305 0.799837
Car -1 -1 -10 659.000000 179.000000 757.000000 211.000000 1.561778 1.665397 4.056705 4.386458 1.826388 33.443212 0.519644 0.534888
Car -1 -1 -10 858.000000 102.000000 1242.000000 371.000000 1.855503 1.671292 4.110980 3.307512 1.663136 4.332089 -1.766876 0.446790
Cyclist -1 -1 -10 142.000000 196.000000 217.000000 233.000000 1.677185 0.687423 1.657713 -18.509561 2.946814 31.010684 1.548827 0.010977
