Car -1 -1 -10 129.000000 186.000000 380.000000 329.000000 1.499588 1.589780 3.644989 -4.378324 1.550007 9.476058 -1.588203 0.999625
Car -1 -1 -10 752.000000 176.000000 1052.000000 363.000000 1.613392 1.628117 3.789795 3.061285 1.589176 8.409711 -1.606555 0.999338
Car -1 -1 -10 395.000000 186.000000 480.000000 244.000000 1.479606 1.572570 3.621460 -4.609142 1.531767 19.807129 -1.620241 0.999274
Car -1 -1 -10 576.000000 181.000000 619.000000 219.000000 1.574478 1.642827 3.748285 -0.548248 1.404772 31.566100 -1.617926 0.998417
Car -1 -1 -10 461.000000 186.000000 512.000000 226.000000 1.466896 1.564358 3.825268 -4.447382 1.461878 26.515836 -1.605481 0.994873
Car -1 -1 -10 82.000000 167.000000 270.000000 273.000000 1.713124 1.667930 3.901104 -8.696867 1.434598 14.516495 -1.619637 0.859909
Car -1 -1 -10 386.000000 183.000000 432.000000 216.000000 1.485785 1.664369 3.719710 -8.444415 1.354590 31.742809 -1.740613 0.840658
Car -1 -1 -10 1.000000 192.000000 82.000000 307.000000 1.528062 1.626016 3.829782 -8.329040 1.728860 8.180691 -1.586089 0.755683
Car -1 -1 -10 567.000000 184.000000 591.000000 211.000000 1.476294 1.601360 3.727602 -1.435863 1.396528 40.660535 -1.674049 0.345320
Car -1 -1 -10 478.000000 183.000000 517.000000 216.000000 1.553066 1.660801 4.117057 -5.466637 1.433841 34.055146 -1.609891 0.285469
Car -1 -1 -10 306.000000 171.000000 378.000000 231.000000 1.708263 1.664764 4.042545 -8.839116 1.525576 23.312213 -1.659392 0.214074
Car -1 -1 -10 256.000000 174.000000 367.000000 238.000000 1.726275 1.629003 3.858943 -8.924204 1.596830 22.748938 1.663570 0.079646
Car -1 -1 -10 70.000000 192.000000 187.000000 251.000000 1.495693 1.657136 3.916431 -9.996206 1.464180 15.693446 -2.725429 0.015337
