Car -1 -1 -10 570.000000 181.000000 604.000000 211.000000 1.544739 1.646242 3.814652 -1.194988 1.363828 41.312185 -1.596688 0.999685
Car -1 -1 -10 -11.000000 197.000000 340.000000 371.000000 1.433143 1.630109 4.160300 -4.835142 1.631480 8.253257 -1.581724 0.997775
Car -1 -1 -10 214.000000 184.000000 341.000000 248.000000 1.533777 1.629512 3.787598 -8.185697 1.570189 18.057647 -1.614779 0.987018
Car -1 -1 -10 76.000000 182.000000 248.000000 253.000000 1.508555 1.644321 3.803925 -11.483707 1.407619 19.270814 -1.613366 0.938533
Car -1 -1 -10 307.000000 186.000000 382.000000 234.000000 1.505236 1.631862 3.905767 -8.804610 1.546022 23.585282 -1.571958 0.892637
Car -1 -1 -10 473.000000 187.000000 525.000000 221.000000 1.526251 1.601637 3.737299 -5.038119 1.607662 32.659510 -1.557157 0.601411
Car -1 -1 -10 256.000000 183.000000 324.000000 234.000000 1.464703 1.623454 3.902799 -8.103805 1.414519 17.585488 1.608882 0.022255
Car -1 -1 -10 496.000000 184.000000 536.000000 211.000000 1.470115 1.553868 3.792694 -6.073356 1.396678 44.108078 -3.104286 0.016166
Car -1 -1 -10 391.000000 196.000000 429.000000 221.000000 1.508282 1.602437 3.885725 -6.015748 1.316327 19.278755 1.812046 0.013854
Car -1 -1 -10 156.000000 186.000000 276.000000 255.000000 1.460473 1.646836 3.980088 -8.639292 1.283115 18.141908 -1.485322 0.011737
Car -1 -1 -10 335.000000 187.000000 419.000000 227.000000 1.448064 1.631741 3.847242 -8.334485 1.460667 23.826447 1.587051 0.010142
