Car -1 -1 -10 570.000000 175.000000 655.000000 255.000000 1.522791 1.636143 3.761453 0.008700 1.319619 16.456235 -1.584274 0.999538
Car -1 -1 -10 48.000000 182.000000 201.000000 247.000000 1.557817 1.618379 3.692538 -12.905696 1.569083 19.271252 -1.543798 0.999174
Car -1 -1 -10 312.000000 190.000000 443.000000 269.000000 1.453052 1.566342 3.622712 -4.679574 1.531452 14.875529 -1.559522 0.998978
Car -1 -1 -10 427.000000 182.000000 504.000000 232.000000 1.511194 1.644132 3.960671 -4.479082 1.422046 23.168192 -1.595789 0.998958
Car -1 -1 -10 225.000000 183.000000 348.000000 246.000000 1.482629 1.619926 3.902655 -8.375631 1.445457 19.248990 -1.570454 0.997133
Car -1 -1 -10 607.000000 171.000000 643.000000 212.000000 1.498318 1.539162 3.399224 0.148836 1.437991 22.976337 2.465280 0.171409
Car -1 -1 -10 -1.000000 187.000000 108.000000 255.000000 1.513821 1.618386 3.870199 -14.459255 1.547031 19.926911 1.650510 0.118665
Car -1 -1 -10 339.000000 170.000000 405.000000 206.000000 1.576894 1.711691 4.111702 -12.287965 0.809739 38.456222 -1.574652 0.039318
Car -1 -1 -10 0.000000 190.000000 52.000000 266.000000 1.464220 1.587820 3.836437 -12.454808 1.685777 12.973975 -1.648183 0.039056
Car -1 -1 -10 396.000000 182.000000 446.000000 214.000000 1.550638 1.652238 3.943550 -8.306145 1.093968 32.423561 1.297083 0.030165
Car -1 -1 -10 587.000000 174.000000 648.000000 223.000000 1.536137 1.486624 3.186103 0.034887 1.204850 19.708354 1.567811 0.016162
