Pedestrian -1 -1 -10 627.000000 163.000000 669.000000 291.000000 1.711101 0.685837 0.792927 0.566885 1.496656 9.947616 -1.987618 0.998761
Pedestrian -1 -1 -10 289.000000 162.000000 342.000000 298.000000 1.688703 0.622374 0.940939 -3.826442 1.434075 9.571199 -1.412077 0.998063
Pedestrian -1 -1 -10 686.000000 162.000000 734.000000 288.000000 1.754000 0.685768 0.973201 1.440787 1.447411 10.197517 1.691881 0.997837
Pedestrian -1 -1 -10 453.000000 170.000000 475.000000 221.000000 1.715683 0.677725 1.071762 -4.765368 1.352845 24.660747 -1.218753 0.062853
Pedestrian -1 -1 -10 726.000000 161.000000 748.000000 225.000000 1.688680 0.596374 0.632716 3.838159 1.134343 20.074481 -1.365428 0.037270
Pedestrian -1 -1 -10 696.000000 163.000000 767.000000 274.000000 1.664880 0.542624 0.722261 2.101826 1.765244 11.828675 1.204243 0.026334
Pedestrian -1 -1 -10 108.000000 172.000000 149.000000 286.000000 1.855795 0.681801 0.864469 -8.266918 1.706348 12.688307 2.200777 0.023688
Pedestrian -1 -1 -10 506.000000 167.000000 535.000000 199.000000 1.768533 0.652289 0.636000 -5.085583 1.043831 42.815578 -2.219748 0.017905
Pedestrian -1 -1 -10 419.000000 168.000000 443.000000 215.000000 1.705730 0.637387 0.631260 -6.494281 1.225001 26.490920 -2.319441 0.016631
Pedestrian -1 -1 -10 539.000000 170.000000 546.000000 197.000000 1.886345 0.711457 0.812077 -4.342224 1.177090 53.620114 1.474102 0.012969
Car -1 -1 -10 500.000000 168.000000 537.000000 198.000000 1.459182 1.439824 2.985829 -2.390551 1.353717 22.884730 -2.334780 0.073615
Cyclist -1 -1 -10 404.000000 167.000000 467.000000 291.000000 1.728697 0.619980 1.781825 -2.526154 1.537180 10.759067 1.610745 0.999712
Cyclist -1 -1 -10 501.000000 165.000000 541.000000 243.000000 1.757375 0.610967 1.806949 -1.891739 1.447581 16.476653 1.665995 0.999529
Cyclist -1 -1 -10 484.000000 167.000000 517.000000 236.000000 1.733102 0.567590 1.779107 -2.869524 1.363480 20.092016 1.565752 0.989282
Cyclist -1 -1 -10 683.000000 159.000000 742.000000 283.000000 1.811527 0.533748 1.670709 1.391805 1.509373 10.195119 1.666133 0.754136
Cyclist -1 -1 -10 699.000000 159.000000 785.000000 268.000000 1.663103 0.432332 1.621594 2.240720 1.655151 11.841768 -0.751441 0.571277
Cyclist -1 -1 -10 452.000000 169.000000 476.000000 222.000000 1.834493 0.561579 1.778145 -4.850887 1.433398 24.802561 -1.743471 0.376312
Cyclist -1 -1 -10 500.000000 167.000000 533.000000 199.000000 1.717515 0.608159 1.643594 -4.929701 1.262939 42.562096 -0.043618 0.088295
Cyclist -1 -1 -10 715.000000 161.000000 755.000000 239.000000 1.767765 0.554065 1.794791 3.813811 1.228294 20.294023 -1.845904 0.069134
Cyclist -1 -1 -10 431.000000 170.000000 471.000000 262.000000 1.685831 0.605982 1.686282 -2.420264 1.477453 11.007935 1.388440 0.036216
Cyclist -1 -1 -10 414.000000 169.000000 437.000000 215.000000 1.753785 0.672246 1.702452 -6.818398 1.108331 27.060260 1.990656 0.022520
Cyclist -1 -1 -10 493.000000 171.000000 524.000000 217.000000 1.684067 0.525097 1.685868 -2.814452 1.301808 20.431969 2.041587 0.021961
