Pedestrian -1 -1 -10 668.000000 173.000000 687.000000 227.000000 1.732537 0.574757 0.711191 1.891597 1.343004 19.476152 2.295982 0.227451
Pedestrian -1 -1 -10 681.000000 168.000000 711.000000 234.000000 1.813379 0.610776 0.671792 2.220858 1.772628 19.396271 0.640923 0.185895
Pedestrian -1 -1 -10 672.000000 171.000000 700.000000 229.000000 1.793402 0.588968 0.648402 1.972216 1.589479 19.445672 1.174765 0.047275
Pedestrian -1 -1 -10 690.000000 162.000000 731.000000 231.000000 1.751631 0.488573 0.587453 2.688997 1.554418 18.117523 2.287824 0.027135
Pedestrian -1 -1 -10 701.000000 165.000000 724.000000 205.000000 1.693788 0.624155 0.718935 2.839984 0.848167 20.359379 -0.870194 0.014229
Car -1 -1 -10 345.000000 180.000000 508.000000 299.000000 1.592097 1.647624 3.936752 -2.870212 1.716683 11.908994 -1.615633 0.999422
Car -1 -1 -10 589.000000 176.000000 615.000000 203.000000 1.591992 1.656548 4.022671 -0.464273 1.892541 46.993433 -1.572606 0.997346
Car -1 -1 -10 62.000000 196.000000 213.000000 263.000000 1.483927 1.587629 3.791612 -12.389993 2.207023 19.503005 1.561273 0.994909
Car -1 -1 -10 371.000000 183.000000 444.000000 238.000000 1.503724 1.617320 3.778980 -6.703996 1.391342 20.025553 -2.485524 0.010344
Cyclist -1 -1 -10 678.000000 161.000000 754.000000 237.000000 1.718207 0.630203 1.759009 2.513240 1.545239 17.944021 -2.553649 0.999418
Cyclist -1 -1 -10 675.000000 169.000000 715.000000 232.000000 1.740938 0.581519 1.814608 2.089734 1.595258 19.355537 -1.575448 0.920857
Cyclist -1 -1 -10 671.000000 171.000000 695.000000 230.000000 1.774944 0.575795 1.752228 2.064560 1.553478 19.759145 -1.421265 0.544613
Cyclist -1 -1 -10 811.000000 177.000000 838.000000 215.000000 1.631843 0.572702 1.687240 7.439376 1.773701 24.502442 1.236034 0.322366
Cyclist -1 -1 -10 695.000000 162.000000 720.000000 232.000000 1.784993 0.523381 1.621445 2.608576 1.445659 19.213819 2.238474 0.065627
Cyclist -1 -1 -10 699.000000 166.000000 733.000000 198.000000 1.616439 0.453828 1.525622 1.290576 1.334750 9.345847 -1.488170 0.020893
Cyclist -1 -1 -10 666.000000 173.000000 684.000000 222.000000 1.676648 0.465874 1.704594 1.856965 1.633784 21.627045 -1.691850 0.010077
