Pedestrian -1 -1 -10 399.000000 162.000000 454.000000 298.000000 1.763912 0.658441 0.877141 -2.454547 1.557113 10.079372 1.733276 0.996649
Pedestrian -1 -1 -10 587.000000 167.000000 627.000000 281.000000 1.772313 0.565628 0.961963 0.016872 1.571038 11.022920 -0.568430 0.995636
Pedestrian -1 -1 -10 792.000000 140.000000 852.000000 324.000000 1.793049 0.647028 0.878919 1.988768 1.488509 6.885304 2.924210 0.994839
Pedestrian -1 -1 -10 918.000000 155.000000 991.000000 316.000000 1.746033 0.630822 0.852729 3.550502 1.346372 7.392004 -1.551324 0.992743
Pedestrian -1 -1 -10 551.000000 170.000000 572.000000 226.000000 1.742707 0.665517 0.919162 -1.326441 1.340024 22.734407 -1.715105 0.973566
Pedestrian -1 -1 -10 522.000000 167.000000 544.000000 221.000000 1.728420 0.637500 0.666329 -2.367084 1.300381 24.452894 -1.644659 0.749169
Pedestrian -1 -1 -10 116.000000 163.000000 204.000000 336.000000 1.812925 0.633672 0.810220 -5.289356 1.545235 8.726671 0.544035 0.672526
Pedestrian -1 -1 -10 577.000000 170.000000 593.000000 221.000000 1.759979 0.550459 0.738066 -0.636545 1.412930 23.686725 -1.049333 0.364386
Pedestrian -1 -1 -10 843.000000 149.000000 861.000000 231.000000 1.820646 0.697133 0.748965 5.367637 1.097190 15.549314 2.343720 0.349382
Pedestrian -1 -1 -10 852.000000 155.000000 866.000000 231.000000 1.795554 0.651923 0.510925 5.321946 1.102024 15.201349 -2.205902 0.144428
Pedestrian -1 -1 -10 832.000000 144.000000 863.000000 288.000000 1.775519 0.653602 0.752008 2.909622 1.201228 9.155655 0.942089 0.079343
Pedestrian -1 -1 -10 823.000000 152.000000 854.000000 236.000000 1.808807 0.540534 0.643984 5.189086 1.142764 15.547802 2.848223 0.048694
Pedestrian -1 -1 -10 584.000000 167.000000 603.000000 224.000000 1.853835 0.699796 1.059985 -0.349127 1.426026 23.243898 2.565080 0.038703
Pedestrian -1 -1 -10 827.000000 156.000000 845.000000 211.000000 1.715318 0.639399 0.743083 5.111164 0.988704 15.729435 0.441095 0.036242
Pedestrian -1 -1 -10 298.000000 194.000000 331.000000 275.000000 1.632783 0.532228 0.532746 -4.546796 1.566276 11.240275 2.117458 0.032656
Pedestrian -1 -1 -10 432.000000 179.000000 452.000000 268.000000 1.700246 0.624182 0.646542 -3.314952 2.358313 15.777578 -1.249355 0.029552
Pedestrian -1 -1 -10 473.000000 170.000000 496.000000 211.000000 1.744862 0.578242 0.744088 -4.432133 1.336768 26.664364 1.759201 0.029068
Pedestrian -1 -1 -10 271.000000 197.000000 301.000000 266.000000 1.719892 0.592739 0.768538 -5.397766 1.916172 12.403447 2.192345 0.027191
Pedestrian -1 -1 -10 803.000000 152.000000 845.000000 216.000000 1.735812 0.637098 0.672379 4.965910 1.031774 15.839185 3.368587 0.024181
Pedestrian -1 -1 -10 54.000000 181.000000 266.000000 353.000000 1.793962 0.635673 0.764684 -4.463351 2.264677 6.404029 1.503574 0.021420
Pedestrian -1 -1 -10 338.000000 189.000000 376.000000 270.000000 1.715500 0.633917 0.603809 -4.161717 1.722097 12.235262 -1.364942 0.014161
Cyclist -1 -1 -10 466.000000 169.000000 525.000000 275.000000 1.721441 0.616618 1.791953 -1.826323 1.552887 12.356775 1.601641 0.998922
Cyclist -1 -1 -10 99.000000 165.000000 218.000000 349.000000 1.792919 0.614177 1.624237 -5.305306 1.593898 8.761154 2.155938 0.707307
Cyclist -1 -1 -10 521.000000 168.000000 545.000000 221.000000 1.750445 0.520344 1.775243 -2.515348 1.349633 24.733603 -2.038043 0.128042
Cyclist -1 -1 -10 473.000000 170.000000 496.000000 211.000000 1.701447 0.634353 1.644630 -4.289255 1.643911 26.698506 -0.125165 0.084059
Cyclist -1 -1 -10 9.000000 179.000000 164.000000 361.000000 1.725909 0.521937 1.715431 -4.786028 1.846824 6.581710 -2.801430 0.054704
Cyclist -1 -1 -10 399.000000 161.000000 454.000000 299.000000 1.854481 0.683440 1.830325 -2.477325 1.604767 10.060742 1.541106 0.029931
Cyclist -1 -1 -10 482.000000 174.000000 514.000000 210.000000 1.704382 0.516824 1.595334 -5.636925 0.621462 37.459991 -1.695720 0.025634
Cyclist -1 -1 -10 647.000000 168.000000 689.000000 224.000000 1.672780 0.522001 1.646784 1.848940 1.645769 20.388105 -1.604696 0.023142
Cyclist -1 -1 -10 420.000000 162.000000 504.000000 282.000000 1.754426 0.684026 1.899622 -2.195382 1.512431 12.482697 2.840170 0.020169
