Pedestrian -1 -1 -10 198.000000 166.000000 264.000000 331.000000 1.683437 0.611166 0.944252 -4.081455 1.532583 7.809614 -1.616387 0.996633
Pedestrian -1 -1 -10 664.000000 165.000000 727.000000 317.000000 1.751659 0.604888 0.934896 0.979657 1.535184 8.352726 -1.862988 0.994643
Pedestrian -1 -1 -10 611.000000 169.000000 664.000000 320.000000 1.677102 0.564565 0.720037 0.292784 1.523603 8.110083 -1.889783 0.994637
Pedestrian -1 -1 -10 3.000000 168.000000 119.000000 371.000000 1.793437 0.729275 0.654547 -5.772077 1.612649 7.792400 -2.779318 0.785616
Pedestrian -1 -1 -10 743.000000 163.000000 770.000000 240.000000 1.680400 0.602279 0.650756 3.503369 1.317689 16.373344 -1.405484 0.139859
Pedestrian -1 -1 -10 724.000000 164.000000 748.000000 233.000000 1.787819 0.667877 0.893062 3.505242 1.336090 19.234441 -0.264208 0.091899
Pedestrian -1 -1 -10 715.000000 160.000000 737.000000 224.000000 1.734709 0.611895 0.745484 3.497107 1.021587 19.491222 -1.891016 0.064696
Pedestrian -1 -1 -10 617.000000 173.000000 646.000000 219.000000 1.743148 0.689253 0.551442 1.621783 1.536848 37.285201 3.048667 0.026401
Pedestrian -1 -1 -10 690.000000 167.000000 753.000000 285.000000 1.752841 0.524940 0.687761 1.722860 1.897828 10.302871 0.760912 0.026134
Pedestrian -1 -1 -10 707.000000 165.000000 768.000000 251.000000 1.773612 0.696160 0.737662 3.620319 1.333666 19.060306 2.200507 0.010236
Cyclist -1 -1 -10 337.000000 171.000000 422.000000 335.000000 1.754265 0.575450 1.794064 -2.477692 1.646251 8.168230 1.568476 0.998955
Cyclist -1 -1 -10 413.000000 165.000000 466.000000 275.000000 1.779184 0.618027 1.808809 -3.029337 1.554372 12.963572 1.476601 0.998655
Cyclist -1 -1 -10 674.000000 164.000000 735.000000 306.000000 1.754350 0.527607 1.709195 0.964459 1.519823 8.361654 -1.960116 0.341685
Cyclist -1 -1 -10 693.000000 166.000000 758.000000 271.000000 1.656200 0.661029 1.734142 1.626802 1.852059 10.845841 3.288266 0.207205
Cyclist -1 -1 -10 368.000000 167.000000 441.000000 306.000000 1.690693 0.497030 1.701809 -2.412662 1.579580 8.046123 1.572126 0.102169
Cyclist -1 -1 -10 717.000000 163.000000 752.000000 242.000000 1.760726 0.609984 1.676245 3.672905 1.350986 19.222970 2.294016 0.059268
Cyclist -1 -1 -10 662.000000 165.000000 792.000000 282.000000 1.678513 0.631509 1.756472 1.619821 1.991016 10.474646 2.260885 0.057090
Cyclist -1 -1 -10 0.000000 175.000000 118.000000 369.000000 1.722365 0.555727 1.549279 -6.812483 1.066261 8.916294 -2.237701 0.038908
Cyclist -1 -1 -10 732.000000 164.000000 768.000000 242.000000 1.750268 0.571300 1.746115 3.483994 1.363373 16.585467 -1.423908 0.030588
Cyclist -1 -1 -10 730.000000 176.000000 875.000000 316.000000 1.718120 0.448932 1.744128 2.252215 1.675819 8.315145 -0.318599 0.028901
Cyclist -1 -1 -10 402.000000 171.000000 449.000000 230.000000 1.724543 0.507757 1.715490 -5.454551 1.672950 22.028091 -1.297339 0.016727
Cyclist -1 -1 -10 386.000000 177.000000 432.000000 225.000000 1.617298 0.440994 1.489352 -3.790379 1.310471 13.568918 -1.866725 0.013544
