Pedestrian -1 -1 -10 715.000000 158.000000 727.000000 207.000000 1.739418 0.721761 0.803113 5.303232 1.001082 34.142293 -1.458600 0.130875
Pedestrian -1 -1 -10 728.000000 160.000000 738.000000 198.000000 1.777050 0.730995 0.900741 5.748969 0.993786 33.717417 -1.271039 0.023683
Car -1 -1 -10 152.000000 192.000000 382.000000 296.000000 1.478086 1.631628 4.001555 -5.604542 1.862022 12.395358 1.672102 0.999479
Car -1 -1 -10 727.000000 177.000000 894.000000 277.000000 1.488008 1.619859 3.984097 3.327708 1.589598 12.644297 -1.635214 0.999007
Car -1 -1 -10 814.000000 178.000000 1204.000000 374.000000 1.449958 1.548338 3.733528 3.306594 1.560466 6.945780 1.529682 0.998297
Car -1 -1 -10 682.000000 175.000000 757.000000 226.000000 1.472625 1.545445 3.745098 3.135172 1.545567 21.306083 -1.587312 0.996905
Car -1 -1 -10 425.000000 176.000000 489.000000 221.000000 1.631667 1.598103 3.684958 -5.718727 1.806730 27.337803 1.571372 0.990538
Car -1 -1 -10 665.000000 173.000000 728.000000 215.000000 1.520065 1.561951 3.568115 3.183333 1.499252 26.774920 -1.656595 0.984828
Car -1 -1 -10 462.000000 177.000000 508.000000 212.000000 1.464783 1.617771 3.864685 -5.729940 1.843647 32.603114 1.544186 0.840748
Car -1 -1 -10 1091.000000 218.000000 1236.000000 374.000000 1.491396 1.571012 3.605830 5.213804 1.464336 6.049183 1.734419 0.066411
Cyclist -1 -1 -10 763.000000 167.000000 778.000000 213.000000 1.684112 0.622953 1.631955 6.119003 1.062451 27.270434 2.898498 0.012785
