Pedestrian -1 -1 -10 119.000000 142.000000 248.000000 372.000000 1.746018 0.634123 0.959156 -2.663915 1.453955 4.382618 -3.603513 0.997775
Pedestrian -1 -1 -10 650.000000 158.000000 686.000000 247.000000 1.745828 0.655551 0.703010 2.388242 0.899004 25.689962 -1.986099 0.896008
Pedestrian -1 -1 -10 646.000000 162.000000 667.000000 244.000000 1.693749 0.607989 0.739176 2.171218 0.975527 26.000048 2.596204 0.245009
Pedestrian -1 -1 -10 752.000000 153.000000 773.000000 239.000000 1.769516 0.641095 0.650438 3.563888 1.203342 15.265842 -1.890544 0.138613
Pedestrian -1 -1 -10 637.000000 168.000000 710.000000 236.000000 1.795187 0.657147 0.686294 2.442373 1.580636 25.736076 -1.000540 0.025846
Car -1 -1 -10 594.000000 182.000000 859.000000 303.000000 1.446179 1.573469 3.667717 1.701240 1.548510 10.162081 -0.260909 0.997568
Car -1 -1 -10 606.000000 169.000000 775.000000 265.000000 1.454816 1.589131 3.806179 1.598521 1.477083 10.577530 -0.347544 0.010303
Cyclist -1 -1 -10 634.000000 163.000000 696.000000 239.000000 1.685744 0.506170 1.641598 2.261965 0.812183 25.979171 -1.876967 0.581064
Cyclist -1 -1 -10 611.000000 161.000000 730.000000 249.000000 1.667948 0.517945 1.612393 1.330387 1.391224 14.590569 0.609194 0.183757
Cyclist -1 -1 -10 636.000000 163.000000 661.000000 243.000000 1.790299 0.582300 1.560111 1.831371 0.981680 26.824082 -1.543533 0.027762
Cyclist -1 -1 -10 598.000000 175.000000 854.000000 305.000000 1.804321 0.773360 1.954576 1.574906 1.675690 9.430504 -0.246676 0.027581
Cyclist -1 -1 -10 741.000000 155.000000 779.000000 241.000000 1.719288 0.680425 1.784108 3.623942 1.346538 15.413257 2.756926 0.018486
