Pedestrian -1 -1 -10 978.000000 162.000000 1063.000000 327.000000 1.718796 0.705387 1.014442 4.252163 1.555948 7.409834 -1.156162 0.993008
Pedestrian -1 -1 -10 385.000000 171.000000 421.000000 262.000000 1.580273 0.454096 0.497264 -3.384541 1.173544 11.945461 2.328247 0.978117
Pedestrian -1 -1 -10 519.000000 177.000000 536.000000 234.000000 1.726499 0.614407 0.740333 -2.258306 1.529223 21.080014 -1.131354 0.977385
Pedestrian -1 -1 -10 417.000000 169.000000 440.000000 244.000000 1.816701 0.618151 0.813275 -4.532983 1.550081 18.232810 -2.794874 0.799389
Pedestrian -1 -1 -10 674.000000 177.000000 694.000000 224.000000 1.698658 0.602848 0.824951 2.781990 1.618762 24.582731 2.753383 0.763982
Pedestrian -1 -1 -10 574.000000 177.000000 593.000000 222.000000 1.728845 0.660825 0.866029 -0.773679 1.520240 27.581959 -3.149673 0.692430
Pedestrian -1 -1 -10 627.000000 174.000000 643.000000 218.000000 1.697949 0.606896 0.820544 1.285062 1.436146 29.062600 -3.017321 0.526433
Pedestrian -1 -1 -10 311.000000 152.000000 350.000000 267.000000 1.734258 0.644919 0.644103 -3.363720 2.008195 9.579395 -1.382991 0.246196
Pedestrian -1 -1 -10 657.000000 173.000000 669.000000 207.000000 1.779910 0.673309 0.693721 3.385377 1.444974 39.504124 1.681645 0.140063
Pedestrian -1 -1 -10 705.000000 168.000000 722.000000 218.000000 1.757703 0.613575 0.676736 4.646527 1.227200 30.929057 2.644244 0.014335
Car -1 -1 -10 -3.000000 204.000000 290.000000 371.000000 1.525092 1.594258 3.881125 -6.189881 1.732728 8.733277 -1.136116 0.059756
Car -1 -1 -10 1.000000 217.000000 136.000000 373.000000 1.516845 1.590306 3.799889 -3.643864 1.917576 3.221060 -1.627514 0.033467
Cyclist -1 -1 -10 572.000000 175.000000 593.000000 222.000000 1.769789 0.551124 1.711587 -0.838128 1.521014 27.654242 3.063548 0.367351
Cyclist -1 -1 -10 -4.000000 209.000000 313.000000 369.000000 1.688526 0.510962 1.654151 -3.934504 1.967535 6.878754 -2.807052 0.017343
Cyclist -1 -1 -10 705.000000 168.000000 722.000000 218.000000 1.697577 0.504699 1.528788 4.731910 0.825288 31.742142 -1.426854 0.012251
Cyclist -1 -1 -10 152.000000 232.000000 344.000000 365.000000 1.598371 0.654677 1.740233 -3.089480 1.885316 6.968479 0.086612 0.011415
