Car -1 -1 -10 629.000000 179.000000 686.000000 223.000000 1.409453 1.606362 3.958154 1.687219 1.729032 27.180829 -1.648738 0.999155
Car -1 -1 -10 889.000000 184.000000 1239.000000 335.000000 1.532910 1.593637 3.971945 5.811625 1.703913 8.787401 3.108114 0.990944
Car -1 -1 -10 795.000000 167.000000 1065.000000 287.000000 1.543071 1.649900 4.169085 5.552516 1.779122 11.806219 -0.049191 0.985568
Car -1 -1 -10 291.000000 180.000000 440.000000 232.000000 1.502488 1.581469 3.943881 -7.012108 1.699258 21.354646 -3.123449 0.978310
Car -1 -1 -10 -1.000000 152.000000 276.000000 316.000000 1.797439 1.690560 4.020782 -7.061757 1.620496 10.181633 -0.052703 0.952206
Car -1 -1 -10 1060.000000 189.000000 1242.000000 366.000000 1.481721 1.638354 3.855445 6.339432 1.646162 6.223230 0.011259 0.909705
Car -1 -1 -10 613.000000 175.000000 648.000000 203.000000 1.516200 1.585899 3.686781 1.095680 1.848647 41.956816 -1.630076 0.822006
Car -1 -1 -10 349.000000 180.000000 472.000000 226.000000 1.459581 1.563111 4.074251 -6.998541 1.704692 24.006368 -3.175960 0.274494
Car -1 -1 -10 457.000000 180.000000 507.000000 207.000000 1.528690 1.552477 3.475459 -6.294935 2.251757 38.850632 -1.753716 0.142598
Cyclist -1 -1 -10 449.000000 176.000000 489.000000 252.000000 1.721514 0.592414 1.725677 -3.388123 1.846770 17.305023 1.484405 0.998896
Cyclist -1 -1 -10 454.000000 179.000000 505.000000 211.000000 1.745186 0.701546 1.819859 -6.058317 1.713863 34.257489 -3.308150 0.220412
Cyclist -1 -1 -10 418.000000 179.000000 485.000000 236.000000 1.644661 0.636061 1.673163 -5.387158 1.989893 23.556982 1.882333 0.140814
Cyclist -1 -1 -10 789.000000 172.000000 1056.000000 283.000000 1.794618 0.811871 1.853665 4.582820 1.855925 11.138102 2.964703 0.031874
Cyclist -1 -1 -10 384.000000 182.000000 466.000000 227.000000 1.667526 0.632285 1.774971 -5.643890 1.760386 23.385444 2.739076 0.019642
