Car -1 -1 -10 93.000000 201.000000 315.000000 314.000000 1.467421 1.580909 3.714671 -6.160388 1.945120 11.535818 1.569709 0.999217
Car -1 -1 -10 684.000000 180.000000 775.000000 245.000000 1.462979 1.597770 3.908055 2.884881 1.674362 18.097503 -1.559783 0.999173
Car -1 -1 -10 454.000000 183.000000 504.000000 217.000000 1.440135 1.593494 3.858949 -6.165482 2.046272 33.710180 1.573635 0.994287
Car -1 -1 -10 995.000000 152.000000 1245.000000 265.000000 1.571018 1.627753 4.133268 8.188534 1.352054 10.978265 3.149304 0.982885
Car -1 -1 -10 814.000000 157.000000 1010.000000 219.000000 1.575931 1.668848 4.136456 8.148700 1.247527 20.287920 3.113830 0.953437
Car -1 -1 -10 478.000000 183.000000 516.000000 212.000000 1.522992 1.600727 3.952314 -6.098221 2.097501 39.248802 1.590061 0.334324
Car -1 -1 -10 356.000000 183.000000 454.000000 244.000000 1.653937 1.665672 4.048224 -6.278869 2.013842 22.248531 -1.559189 0.296277
Car -1 -1 -10 875.000000 158.000000 1144.000000 231.000000 1.655965 1.582334 3.931824 7.523903 1.533211 15.120111 3.237681 0.129111
Car -1 -1 -10 707.000000 166.000000 787.000000 196.000000 1.635254 1.666528 4.025585 9.066719 1.216374 46.476859 -2.408222 0.025278
Car -1 -1 -10 703.000000 170.000000 775.000000 218.000000 1.541499 1.540451 3.493160 3.070434 1.419309 18.342906 2.294403 0.019905
