Pedestrian -1 -1 -10 336.000000 178.000000 388.000000 317.000000 1.768348 0.675350 0.743807 -3.224766 1.693329 9.604134 1.770440 0.998338
Pedestrian -1 -1 -10 759.000000 172.000000 812.000000 329.000000 1.742795 0.652563 0.778986 2.076829 1.632641 8.484166 -1.498282 0.997056
Pedestrian -1 -1 -10 912.000000 165.000000 970.000000 313.000000 1.725722 0.586143 0.883285 4.102117 1.532247 8.734063 2.038613 0.996398
Pedestrian -1 -1 -10 640.000000 174.000000 670.000000 250.000000 1.759691 0.639244 0.851428 1.326518 1.610455 17.935090 1.121427 0.993276
Pedestrian -1 -1 -10 972.000000 167.000000 1029.000000 310.000000 1.703349 0.615954 0.702540 4.624075 1.549426 8.370282 -0.006990 0.990389
Pedestrian -1 -1 -10 715.000000 176.000000 756.000000 290.000000 1.740870 0.647347 0.765973 1.987070 1.628057 10.992762 -1.930782 0.979853
Pedestrian -1 -1 -10 241.000000 177.000000 293.000000 315.000000 1.774732 0.714006 0.861364 -4.596259 1.803331 9.862684 1.692689 0.957924
Pedestrian -1 -1 -10 694.000000 181.000000 727.000000 281.000000 1.687401 0.586349 0.734561 1.873493 1.683997 12.407138 -1.425873 0.854823
Pedestrian -1 -1 -10 795.000000 171.000000 820.000000 252.000000 1.864367 0.660612 0.883257 4.747678 1.577618 16.567889 1.922993 0.746306
Pedestrian -1 -1 -10 777.000000 173.000000 818.000000 280.000000 1.742548 0.683556 0.672772 3.631265 1.517628 13.409233 -1.464770 0.402818
Pedestrian -1 -1 -10 666.000000 181.000000 687.000000 235.000000 1.652555 0.518318 0.697167 2.985031 1.681359 27.812417 1.275622 0.093448
Pedestrian -1 -1 -10 240.000000 241.000000 323.000000 312.000000 1.735735 0.670116 0.919569 -4.445380 2.341628 9.616588 -1.429397 0.058424
Pedestrian -1 -1 -10 763.000000 177.000000 802.000000 245.000000 1.755715 0.628525 0.616384 3.555698 1.417456 13.592137 -1.719180 0.036391
Car -1 -1 -10 548.000000 185.000000 596.000000 224.000000 1.539945 1.634304 3.920686 -1.216475 1.730073 30.902380 1.659475 0.999062
Cyclist -1 -1 -10 230.000000 180.000000 304.000000 310.000000 1.785430 0.612458 1.802324 -4.540172 1.825533 9.878472 1.106223 0.722105
Cyclist -1 -1 -10 236.000000 240.000000 324.000000 313.000000 1.737337 0.641527 1.704029 -4.302691 2.139280 9.746061 2.194037 0.057778
