Pedestrian -1 -1 -10 657.000000 168.000000 679.000000 233.000000 1.702853 0.570868 0.786399 1.917262 1.513417 21.198018 -1.718665 0.955251
Pedestrian -1 -1 -10 680.000000 172.000000 704.000000 235.000000 1.817506 0.675248 0.964025 2.662325 1.520264 21.346470 -1.558247 0.880712
Pedestrian -1 -1 -10 499.000000 172.000000 524.000000 232.000000 1.711124 0.675275 0.953160 -2.591709 1.388848 20.584846 -1.824347 0.838426
Pedestrian -1 -1 -10 1104.000000 185.000000 1198.000000 319.000000 1.667868 0.671106 0.804707 5.567986 1.710221 7.399280 -1.415825 0.518723
Pedestrian -1 -1 -10 836.000000 188.000000 870.000000 294.000000 1.751729 0.629162 0.528501 4.245938 1.674499 12.445212 0.845036 0.106179
Pedestrian -1 -1 -10 461.000000 172.000000 472.000000 205.000000 1.724481 0.629812 0.628630 -5.972734 1.164279 31.556696 -1.868197 0.079016
Pedestrian -1 -1 -10 878.000000 183.000000 936.000000 290.000000 1.705730 0.637387 0.631260 4.025454 1.813932 9.371152 -1.684130 0.058381
Pedestrian -1 -1 -10 1043.000000 172.000000 1092.000000 261.000000 1.792018 0.660687 0.834036 6.887076 1.496318 10.465291 3.193628 0.037963
Pedestrian -1 -1 -10 574.000000 173.000000 587.000000 207.000000 1.764888 0.716981 0.830047 -1.099991 1.325747 37.346451 1.522776 0.034504
Pedestrian -1 -1 -10 1167.000000 192.000000 1203.000000 313.000000 1.690128 0.602892 0.641908 5.787170 1.404680 7.185373 -1.420477 0.023002
Car -1 -1 -10 595.000000 172.000000 627.000000 197.000000 1.592198 1.662177 3.888386 0.979496 1.202592 62.777740 -1.613859 0.012285
Cyclist -1 -1 -10 877.000000 182.000000 936.000000 292.000000 1.603258 0.327870 1.381671 4.692447 1.592047 10.634514 -1.181289 0.101913
Cyclist -1 -1 -10 657.000000 168.000000 679.000000 232.000000 1.769958 0.584324 1.722902 1.915870 1.550256 21.280102 -1.492298 0.046093
Cyclist -1 -1 -10 832.000000 196.000000 875.000000 291.000000 1.671415 0.653214 1.724577 4.225535 1.398230 12.472320 2.425621 0.027449
Cyclist -1 -1 -10 814.000000 190.000000 937.000000 296.000000 1.686145 0.676941 1.748782 2.697230 1.678575 7.039225 1.247868 0.023741
Cyclist -1 -1 -10 1104.000000 186.000000 1205.000000 314.000000 1.710157 0.544642 1.672019 5.684577 1.642791 7.467577 -1.573110 0.021959
