Car -1 -1 -10 680.000000 183.000000 784.000000 255.000000 1.444411 1.615244 3.999218 2.627777 1.718348 16.732327 -1.559315 0.999271
Car -1 -1 -10 -13.000000 177.000000 315.000000 318.000000 1.480170 1.627915 4.013413 -6.084068 1.590340 8.843671 -0.056726 0.996827
Car -1 -1 -10 748.000000 179.000000 886.000000 232.000000 1.489756 1.601131 3.863132 6.561770 1.759335 21.893240 0.023896 0.977369
Car -1 -1 -10 424.000000 174.000000 525.000000 211.000000 1.492962 1.634711 4.109333 -6.219400 1.654431 30.863803 -3.160152 0.972728
Car -1 -1 -10 271.000000 173.000000 471.000000 241.000000 1.566616 1.683087 3.921465 -5.561351 1.599240 18.351290 -0.018284 0.954885
Car -1 -1 -10 696.000000 176.000000 772.000000 214.000000 1.502001 1.598977 3.983452 6.070037 1.355338 35.302168 0.006005 0.872538
Car -1 -1 -10 670.000000 176.000000 728.000000 203.000000 1.707849 1.670697 3.793977 5.570278 1.879360 46.021299 -0.009247 0.738726
Car -1 -1 -10 364.000000 173.000000 498.000000 222.000000 1.556345 1.606964 3.871173 -4.577882 1.341209 23.175754 -1.820701 0.659909
Car -1 -1 -10 183.000000 175.000000 363.000000 256.000000 1.548195 1.548285 3.794550 -7.271166 1.366821 15.865537 -3.191703 0.501898
Car -1 -1 -10 1120.000000 228.000000 1236.000000 371.000000 1.535679 1.597252 3.777595 2.663770 1.346861 0.927330 -1.500149 0.254526
Car -1 -1 -10 247.000000 170.000000 363.000000 234.000000 1.555377 1.593431 3.841005 -8.261186 0.834703 20.654740 0.032444 0.045076
Car -1 -1 -10 463.000000 172.000000 540.000000 201.000000 1.568537 1.645626 3.925314 -6.444249 1.343150 40.399831 -3.249645 0.043621
