Pedestrian -1 -1 -10 221.000000 153.000000 269.000000 298.000000 1.737499 0.729681 0.688350 -4.610227 1.502623 9.018573 -1.590489 0.983555
Pedestrian -1 -1 -10 290.000000 163.000000 323.000000 279.000000 1.647831 0.555033 0.777805 -5.125625 1.305673 11.820479 2.086700 0.852116
Pedestrian -1 -1 -10 265.000000 160.000000 334.000000 284.000000 1.715606 0.592146 0.614019 -5.543454 1.220397 12.044144 0.129876 0.531298
Pedestrian -1 -1 -10 242.000000 158.000000 310.000000 299.000000 1.716129 0.602171 0.543326 -4.550631 1.367788 9.330527 -2.419644 0.486073
Pedestrian -1 -1 -10 173.000000 157.000000 335.000000 290.000000 1.837236 0.715805 0.921318 -5.190544 1.509627 10.347058 -1.584002 0.116289
Pedestrian -1 -1 -10 130.000000 177.000000 384.000000 359.000000 1.823664 0.727239 1.096358 -2.227185 2.011863 4.078286 -3.125632 0.094458
Pedestrian -1 -1 -10 230.000000 156.000000 424.000000 298.000000 1.726552 0.662718 0.799428 -3.034377 1.642054 8.562175 2.650732 0.083459
Pedestrian -1 -1 -10 212.000000 168.000000 247.000000 314.000000 1.697987 0.596821 0.684832 -4.910896 1.445273 9.311818 2.004484 0.069729
Pedestrian -1 -1 -10 281.000000 172.000000 368.000000 270.000000 1.799395 0.538313 0.665750 -5.032936 1.325662 12.197581 -2.604110 0.039489
Car -1 -1 -10 663.000000 173.000000 749.000000 235.000000 1.490683 1.613792 3.894033 2.413020 1.473946 18.895531 -1.597005 0.998978
Car -1 -1 -10 520.000000 171.000000 561.000000 210.000000 1.571229 1.667338 3.946109 -3.079606 1.588671 32.576045 -1.648446 0.996598
Car -1 -1 -10 639.000000 171.000000 689.000000 210.000000 1.587217 1.639967 3.977866 2.341199 1.496819 31.464045 -1.646230 0.988612
Car -1 -1 -10 269.000000 179.000000 447.000000 289.000000 1.472397 1.618624 3.851781 -3.711915 1.625305 9.475710 1.567397 0.972350
Car -1 -1 -10 0.000000 186.000000 426.000000 370.000000 1.501161 1.611120 3.940850 -2.766598 1.658449 5.335102 -1.560033 0.956070
Car -1 -1 -10 859.000000 176.000000 1229.000000 374.000000 1.488217 1.598959 3.718374 2.493059 1.508736 3.083057 -1.578880 0.928564
Car -1 -1 -10 630.000000 171.000000 668.000000 203.000000 1.522240 1.615724 3.934906 1.931133 1.480235 37.724732 -1.587148 0.553679
Car -1 -1 -10 544.000000 174.000000 569.000000 199.000000 1.540397 1.632565 3.779130 -3.068064 1.607687 46.259285 -1.628001 0.243775
Car -1 -1 -10 194.000000 165.000000 349.000000 318.000000 1.518497 1.389989 2.991199 -4.031063 1.556622 6.649072 -1.458113 0.077668
Car -1 -1 -10 625.000000 168.000000 656.000000 196.000000 1.653475 1.680245 3.895871 2.270100 1.299528 47.823284 -1.562422 0.050833
Cyclist -1 -1 -10 274.000000 176.000000 448.000000 294.000000 1.663868 0.591450 1.686504 -2.962847 1.623701 8.907937 1.672016 0.229681
Cyclist -1 -1 -10 274.000000 172.000000 357.000000 275.000000 1.722413 0.678793 1.741262 -5.126168 1.468281 12.214548 0.612505 0.183100
Cyclist -1 -1 -10 194.000000 157.000000 341.000000 301.000000 1.732209 0.724046 1.691688 -5.376002 0.936010 11.490750 -0.287486 0.150282
Cyclist -1 -1 -10 293.000000 166.000000 326.000000 285.000000 1.670465 0.475556 1.626935 -4.820043 1.064130 11.649894 -2.441880 0.090555
Cyclist -1 -1 -10 211.000000 153.000000 280.000000 311.000000 1.715889 0.624153 1.751263 -4.754521 1.253147 9.280840 2.141084 0.056662
Cyclist -1 -1 -10 130.000000 177.000000 384.000000 359.000000 1.764927 0.630063 1.894730 -2.306313 1.781466 4.231980 -1.508321 0.020633
