Pedestrian -1 -1 -10 534.000000 174.000000 547.000000 210.000000 1.814317 0.649026 0.810931 -3.516534 1.888577 37.147774 0.483053 0.365590
Pedestrian -1 -1 -10 549.000000 172.000000 561.000000 206.000000 1.743848 0.622383 0.577307 -2.855924 1.888296 37.590833 0.986828 0.050519
Pedestrian -1 -1 -10 538.000000 175.000000 550.000000 201.000000 1.744556 0.626360 0.896630 -3.465729 1.675106 37.255567 -2.238984 0.031234
Pedestrian -1 -1 -10 525.000000 176.000000 551.000000 203.000000 1.827591 0.784177 0.913692 -3.478888 1.890387 37.197796 -1.813882 0.027651
Pedestrian -1 -1 -10 681.000000 164.000000 691.000000 199.000000 1.779208 0.631928 0.863869 4.206680 1.175971 39.906491 0.094764 0.024449
Pedestrian -1 -1 -10 544.000000 174.000000 555.000000 202.000000 1.705730 0.637387 0.631261 -2.964058 1.372365 37.715614 -2.171064 0.017476
Pedestrian -1 -1 -10 555.000000 172.000000 563.000000 201.000000 1.824328 0.488293 0.722193 -3.239708 2.184668 42.549372 2.461309 0.016598
Car -1 -1 -10 674.000000 171.000000 769.000000 249.000000 1.558618 1.578999 3.566875 2.507137 1.607919 16.853054 -1.594790 0.999146
Car -1 -1 -10 378.000000 181.000000 469.000000 247.000000 1.552464 1.620216 3.799525 -5.150152 1.855778 20.244020 1.547361 0.999052
Car -1 -1 -10 477.000000 181.000000 521.000000 213.000000 1.560574 1.659717 4.069490 -5.575989 1.965842 36.209578 1.559270 0.998769
Car -1 -1 -10 -1.000000 178.000000 288.000000 378.000000 1.710728 1.693780 4.112400 -4.637255 1.804249 6.276363 -1.595734 0.915496
Cyclist -1 -1 -10 533.000000 174.000000 548.000000 210.000000 1.802433 0.621560 1.858732 -3.484043 1.859085 37.186450 1.499577 0.924235
Cyclist -1 -1 -10 548.000000 171.000000 563.000000 209.000000 1.753185 0.653064 1.804281 -2.895034 1.820828 37.695165 1.565273 0.862048
Cyclist -1 -1 -10 536.000000 175.000000 561.000000 206.000000 1.820681 0.643296 1.882648 -3.233314 1.745707 37.545693 -0.682096 0.264295
Cyclist -1 -1 -10 555.000000 172.000000 563.000000 201.000000 1.726926 0.501442 1.709193 -3.687512 1.780852 51.994645 -1.695023 0.013319
Cyclist -1 -1 -10 546.000000 175.000000 556.000000 203.000000 1.606289 0.427093 1.503549 -1.499244 1.531142 15.488632 -1.690122 0.010593
