Pedestrian -1 -1 -10 546.000000 170.000000 554.000000 201.000000 1.836297 0.603794 0.890450 -3.744892 1.749046 44.146451 1.977033 0.770258
Pedestrian -1 -1 -10 535.000000 169.000000 550.000000 214.000000 1.740377 0.583010 0.716461 -2.840502 1.731299 30.018568 1.533584 0.693288
Pedestrian -1 -1 -10 691.000000 164.000000 704.000000 202.000000 1.755164 0.635037 0.826140 4.402213 1.391289 35.963403 -1.931734 0.362308
Pedestrian -1 -1 -10 518.000000 173.000000 533.000000 216.000000 1.752751 0.560795 0.727000 -3.450292 1.777482 29.665705 0.375132 0.095057
Car -1 -1 -10 699.000000 169.000000 847.000000 285.000000 1.526393 1.582523 3.631907 2.565433 1.578592 12.054999 -1.576977 0.999681
Car -1 -1 -10 303.000000 180.000000 434.000000 267.000000 1.556510 1.616963 3.831908 -5.051140 1.801164 15.545454 1.571288 0.999201
Car -1 -1 -10 459.000000 181.000000 512.000000 217.000000 1.473569 1.615566 3.816713 -5.433037 1.865597 31.426383 1.544799 0.997378
Cyclist -1 -1 -10 516.000000 173.000000 535.000000 218.000000 1.768144 0.654725 1.790134 -3.451900 1.767051 29.507401 1.581739 0.994446
Cyclist -1 -1 -10 534.000000 169.000000 551.000000 215.000000 1.746645 0.688618 1.812326 -2.885613 1.707617 29.993597 1.557438 0.979861
Cyclist -1 -1 -10 544.000000 169.000000 554.000000 201.000000 1.718079 0.609456 1.711448 -3.651137 1.534632 44.499156 1.444082 0.040655
Cyclist -1 -1 -10 692.000000 164.000000 705.000000 203.000000 1.809321 0.646317 1.753117 4.312583 1.399059 36.100784 -1.931937 0.010255
