Car -1 -1 -10 307.000000 180.000000 479.000000 292.000000 1.536809 1.595178 3.795261 -3.536620 1.712412 12.221646 1.609121 0.999151
Car -1 -1 -10 817.000000 145.000000 1257.000000 375.000000 1.747362 1.671134 4.060210 3.342673 1.560221 6.578728 -1.561592 0.997739
Car -1 -1 -10 723.000000 170.000000 810.000000 231.000000 1.469355 1.595980 3.767661 4.269247 1.466646 19.291306 -1.162982 0.997081
Car -1 -1 -10 439.000000 175.000000 506.000000 225.000000 1.488844 1.614619 3.999501 -4.584627 1.600096 23.602858 1.611145 0.992506
Car -1 -1 -10 519.000000 167.000000 604.000000 228.000000 1.634205 1.674677 4.062169 -1.530452 1.537099 23.004043 -1.439890 0.895049
Car -1 -1 -10 770.000000 169.000000 889.000000 216.000000 1.509648 1.647052 4.030095 7.070182 1.365148 23.736911 -0.735562 0.525261
Car -1 -1 -10 965.000000 144.000000 1241.000000 303.000000 1.599144 1.607548 3.839082 8.159247 1.010765 12.531023 -1.558868 0.014687
Cyclist -1 -1 -10 834.000000 143.000000 1248.000000 359.000000 1.754388 0.932983 2.017422 2.976611 1.531201 5.287193 1.053333 0.012807
Cyclist -1 -1 -10 981.000000 139.000000 1204.000000 194.000000 1.715156 0.601484 1.665521 15.754938 0.654363 23.689126 -0.920919 0.012392
Cyclist -1 -1 -10 33.000000 231.000000 119.000000 275.000000 1.722786 0.419804 1.472450 -7.478555 1.970600 10.433927 -2.215708 0.011722
