Pedestrian -1 -1 -10 289.000000 155.000000 376.000000 359.000000 1.797624 0.679065 0.870289 -2.568990 1.613365 6.792071 1.721081 0.997987
Pedestrian -1 -1 -10 623.000000 168.000000 667.000000 303.000000 1.755611 0.610547 0.848173 0.521186 1.570629 9.362011 -0.463102 0.996729
Pedestrian -1 -1 -10 907.000000 122.000000 1036.000000 372.000000 1.768595 0.638958 0.799179 2.830468 1.352938 5.512171 2.075878 0.984632
Pedestrian -1 -1 -10 551.000000 169.000000 572.000000 229.000000 1.747544 0.616622 0.928379 -1.256332 1.325824 21.469296 -1.672446 0.979238
Pedestrian -1 -1 -10 513.000000 171.000000 534.000000 224.000000 1.743525 0.622021 0.881888 -2.539266 1.343026 23.130374 -1.814449 0.957316
Pedestrian -1 -1 -10 977.000000 139.000000 1101.000000 367.000000 1.794728 0.577170 0.874703 3.517018 1.401002 5.851049 1.228950 0.942658
Pedestrian -1 -1 -10 583.000000 170.000000 603.000000 226.000000 1.783257 0.655222 0.919792 -0.241296 1.421760 21.705273 1.974734 0.713650
Pedestrian -1 -1 -10 487.000000 169.000000 505.000000 224.000000 1.713607 0.604642 0.682625 -3.499166 1.309990 23.357944 1.535517 0.693082
Pedestrian -1 -1 -10 468.000000 172.000000 489.000000 226.000000 1.741541 0.679314 0.819234 -4.071478 1.417166 23.626468 1.265198 0.475903
Pedestrian -1 -1 -10 597.000000 171.000000 614.000000 225.000000 1.756743 0.649872 0.775520 0.221944 1.444472 23.008852 1.581262 0.311583
Pedestrian -1 -1 -10 818.000000 130.000000 1125.000000 366.000000 1.789867 0.728759 0.920563 2.487317 1.457079 5.389430 0.574118 0.308134
Pedestrian -1 -1 -10 223.000000 198.000000 264.000000 293.000000 1.679108 0.525184 0.510704 -4.818455 1.730193 10.286270 2.567955 0.298018
Pedestrian -1 -1 -10 576.000000 168.000000 595.000000 222.000000 1.798247 0.727399 0.730364 -0.565048 1.307198 22.404065 -0.966674 0.184531
Pedestrian -1 -1 -10 285.000000 190.000000 322.000000 293.000000 1.735424 0.554128 0.783564 -4.184877 1.766055 9.785565 -1.576154 0.081197
Pedestrian -1 -1 -10 353.000000 192.000000 393.000000 302.000000 1.752566 0.599992 0.797095 -2.944802 1.922530 9.457928 2.313127 0.057570
Pedestrian -1 -1 -10 199.000000 203.000000 238.000000 286.000000 1.716588 0.632097 0.671537 -6.549874 1.793768 12.049405 -2.615266 0.032741
Cyclist -1 -1 -10 399.000000 169.000000 482.000000 335.000000 1.738402 0.664491 1.797179 -1.801772 1.618650 7.969845 1.565898 0.998838
Cyclist -1 -1 -10 862.000000 132.000000 1077.000000 368.000000 1.781342 0.644157 1.836882 3.011964 1.384430 5.585505 -0.596654 0.714532
Cyclist -1 -1 -10 975.000000 141.000000 1098.000000 368.000000 1.819814 0.527750 1.812925 3.371299 1.330924 5.835592 2.709742 0.392343
Cyclist -1 -1 -10 617.000000 177.000000 648.000000 234.000000 1.694100 0.517075 1.566464 0.811606 1.249921 24.497613 1.137532 0.231971
Cyclist -1 -1 -10 620.000000 170.000000 667.000000 295.000000 1.754385 0.547167 1.742230 0.525980 1.621337 9.642390 -1.483531 0.204143
Cyclist -1 -1 -10 513.000000 171.000000 535.000000 224.000000 1.788678 0.552400 1.748062 -2.692640 1.433670 23.253229 -1.816023 0.018096
Cyclist -1 -1 -10 283.000000 191.000000 323.000000 283.000000 1.706394 0.526111 1.584794 -6.131303 1.798358 13.938314 -0.344644 0.010441
