Pedestrian -1 -1 -10 682.000000 175.000000 689.000000 207.000000 1.745212 0.624347 0.647952 4.322384 1.834147 41.364258 -1.405603 0.029940
Pedestrian -1 -1 -10 2.000000 205.000000 248.000000 367.000000 1.738568 0.637242 0.931499 -2.620234 1.965051 3.467982 -1.630151 0.011205
Car -1 -1 -10 416.000000 189.000000 528.000000 270.000000 1.474926 1.615347 3.909994 -2.816813 1.795916 15.314931 -1.586452 0.999337
Car -1 -1 -10 760.000000 197.000000 1068.000000 376.000000 1.433906 1.601977 3.854345 2.850294 1.711846 7.729329 -1.600410 0.998834
Car -1 -1 -10 504.000000 181.000000 559.000000 227.000000 1.519031 1.678128 4.230950 -2.787178 1.781104 26.356742 1.599479 0.997804
Car -1 -1 -10 642.000000 176.000000 681.000000 209.000000 1.545825 1.627768 3.804432 2.527462 1.706006 36.001582 -1.580264 0.997150
Car -1 -1 -10 697.000000 183.000000 840.000000 284.000000 1.483132 1.600260 3.667712 2.676029 1.744606 13.006135 -1.654419 0.993443
Car -1 -1 -10 0.000000 208.000000 260.000000 369.000000 1.504399 1.605914 3.821461 -3.106411 1.759470 2.913305 -1.565111 0.955788
Car -1 -1 -10 678.000000 165.000000 777.000000 249.000000 1.726324 1.594285 3.641456 2.698253 1.596774 17.613334 -1.637865 0.933876
Car -1 -1 -10 913.000000 201.000000 1241.000000 374.000000 1.517674 1.618385 3.748929 2.799271 1.691180 2.817963 -1.608131 0.627611
Car -1 -1 -10 631.000000 174.000000 661.000000 200.000000 1.535708 1.571999 3.561826 2.537003 2.349369 47.817512 1.608257 0.092348
Cyclist -1 -1 -10 18.000000 211.000000 246.000000 371.000000 1.719939 0.672114 1.890124 -2.716509 1.858276 3.423329 -1.524397 0.010264
