Car -1 -1 -10 556.000000 176.000000 594.000000 201.000000 1.544584 1.634380 3.902465 -2.282116 1.792376 45.646357 1.622938 0.999189
Car -1 -1 -10 95.000000 181.000000 374.000000 351.000000 1.565834 1.643709 3.956781 -4.488167 1.738388 9.318390 1.559101 0.999145
Car -1 -1 -10 398.000000 182.000000 495.000000 248.000000 1.476444 1.612684 3.938521 -4.220010 1.804769 18.666125 1.602513 0.997427
Car -1 -1 -10 717.000000 169.000000 799.000000 231.000000 1.650423 1.659474 4.123512 4.621506 1.626235 22.942641 -1.511223 0.994042
Car -1 -1 -10 312.000000 190.000000 446.000000 276.000000 1.472625 1.612629 3.924304 -4.418269 1.849179 14.317019 1.581747 0.992827
Car -1 -1 -10 1.000000 187.000000 171.000000 372.000000 1.570521 1.631776 3.847613 -4.717135 1.738565 4.301130 1.603923 0.801567
Car -1 -1 -10 8.000000 171.000000 151.000000 229.000000 1.523700 1.449266 3.007436 -15.996085 1.633451 21.067779 0.467947 0.776878
Car -1 -1 -10 705.000000 175.000000 745.000000 209.000000 1.503701 1.598241 3.766572 5.448416 1.637007 35.056802 -1.539346 0.502446
Car -1 -1 -10 696.000000 173.000000 723.000000 200.000000 1.547096 1.342733 2.535059 6.011967 1.898762 43.169090 -1.486629 0.360577
Car -1 -1 -10 711.000000 171.000000 766.000000 220.000000 1.513277 1.572172 3.584358 4.983677 1.739318 29.154563 -1.489602 0.211075
