Car -1 -1 -10 781.000000 199.000000 1108.000000 374.000000 1.468979 1.578366 3.646678 2.961059 1.737634 7.353061 -1.646069 0.999613
Car -1 -1 -10 678.000000 181.000000 778.000000 254.000000 1.487964 1.622343 4.038835 2.612790 1.713996 17.049582 -1.612571 0.999284
Car -1 -1 -10 163.000000 182.000000 387.000000 267.000000 1.521534 1.572477 3.758727 -6.563726 1.806585 14.556915 -0.009901 0.991010
Car -1 -1 -10 16.000000 191.000000 345.000000 297.000000 1.499219 1.584975 3.813434 -6.466826 1.767932 10.622676 -3.084946 0.990592
Car -1 -1 -10 308.000000 182.000000 483.000000 238.000000 1.455759 1.607431 4.051181 -6.061651 1.772659 20.837544 0.067789 0.985518
Car -1 -1 -10 -3.000000 194.000000 220.000000 346.000000 1.508235 1.578442 4.002341 -6.606391 1.782409 8.039115 -3.196183 0.964681
Car -1 -1 -10 659.000000 179.000000 713.000000 218.000000 1.451873 1.620050 4.012427 3.000647 1.722350 27.986749 -1.587986 0.956460
Car -1 -1 -10 639.000000 171.000000 674.000000 198.000000 1.590768 1.659941 3.903168 3.556611 1.576539 46.724569 -1.537726 0.921821
Car -1 -1 -10 5.000000 198.000000 112.000000 372.000000 1.509265 1.586435 3.951442 -6.502117 1.719422 5.824344 -0.056571 0.492903
Car -1 -1 -10 378.000000 174.000000 475.000000 222.000000 1.543347 1.569166 3.706703 -6.360117 1.607171 23.441184 -3.192529 0.422673
Car -1 -1 -10 482.000000 174.000000 545.000000 202.000000 1.560449 1.591596 3.712214 -5.815456 1.582996 42.458639 0.075657 0.019367
