Pedestrian -1 -1 -10 710.000000 159.000000 729.000000 215.000000 1.842345 0.637294 0.887890 3.919426 1.457424 26.210144 -1.711486 0.295392
Pedestrian -1 -1 -10 491.000000 177.000000 513.000000 223.000000 1.632282 0.739365 0.570372 -3.654895 1.776984 24.149746 1.503075 0.130307
Pedestrian -1 -1 -10 347.000000 183.000000 357.000000 223.000000 1.756373 0.546029 0.676587 -8.270991 1.749990 22.565012 0.342709 0.077687
Pedestrian -1 -1 -10 390.000000 177.000000 416.000000 260.000000 1.705730 0.637387 0.631260 -5.016378 2.339088 17.144366 -2.366621 0.027578
Pedestrian -1 -1 -10 343.000000 183.000000 366.000000 229.000000 1.749092 0.546726 0.731577 -8.278661 1.751189 22.345167 0.334678 0.021040
Pedestrian -1 -1 -10 368.000000 181.000000 429.000000 272.000000 1.697120 0.530197 0.691738 -4.288486 1.704062 14.300791 2.692023 0.011560
Car -1 -1 -10 639.000000 178.000000 674.000000 204.000000 1.575820 1.634471 3.925345 2.522014 1.769138 40.069269 -1.507693 0.925567
Car -1 -1 -10 338.000000 190.000000 451.000000 257.000000 1.558634 1.596002 3.931302 -5.505190 2.049624 19.116620 1.639950 0.619440
Car -1 -1 -10 485.000000 183.000000 523.000000 216.000000 1.524349 1.654364 4.046532 -5.348618 2.041840 37.763751 1.550491 0.245566
Cyclist -1 -1 -10 293.000000 182.000000 383.000000 325.000000 1.739015 0.605055 1.770760 -3.576994 1.895002 9.809983 1.555492 0.999529
Cyclist -1 -1 -10 491.000000 175.000000 514.000000 233.000000 1.748724 0.595269 1.787673 -3.596867 1.930236 23.983942 1.476103 0.999484
Cyclist -1 -1 -10 356.000000 178.000000 439.000000 312.000000 1.787233 0.696984 1.823012 -3.101369 1.830816 10.186478 1.700735 0.999426
Cyclist -1 -1 -10 710.000000 161.000000 729.000000 215.000000 1.870828 0.466260 1.696262 3.971499 1.514354 26.405816 -1.329149 0.842111
Cyclist -1 -1 -10 341.000000 191.000000 449.000000 260.000000 1.703919 0.668950 1.825763 -5.134947 2.075219 18.474596 1.673841 0.682018
Cyclist -1 -1 -10 484.000000 183.000000 523.000000 216.000000 1.752364 0.602469 1.753673 -3.669703 1.810571 24.214911 1.487490 0.294912
Cyclist -1 -1 -10 375.000000 181.000000 427.000000 259.000000 1.785725 0.650299 1.797794 -5.005019 2.143811 17.892656 2.228052 0.074713
Cyclist -1 -1 -10 343.000000 184.000000 364.000000 232.000000 1.673613 0.575141 1.768860 -8.431297 1.510302 22.358913 -1.712796 0.062670
Cyclist -1 -1 -10 498.000000 177.000000 511.000000 221.000000 1.684276 0.449518 1.682203 -3.589582 1.760017 24.040744 1.454684 0.021794
Cyclist -1 -1 -10 380.000000 183.000000 403.000000 256.000000 1.687362 0.484580 1.659267 -5.411682 2.184969 17.877963 -2.368918 0.020303
