Pedestrian -1 -1 -10 0.000000 194.000000 74.000000 323.000000 1.801333 0.664427 0.819029 -7.293796 2.258748 8.730203 -0.001616 0.018129
Car -1 -1 -10 116.000000 196.000000 377.000000 357.000000 1.446677 1.580603 3.634062 -3.913093 1.569597 8.414498 -1.597883 0.999519
Car -1 -1 -10 564.000000 178.000000 605.000000 214.000000 1.530115 1.616546 3.690660 -1.142791 1.217221 34.338809 -1.601730 0.999451
Car -1 -1 -10 59.000000 184.000000 250.000000 280.000000 1.462331 1.616472 3.788866 -8.639476 1.558993 14.176601 -1.565902 0.997513
Car -1 -1 -10 0.000000 195.000000 73.000000 321.000000 1.491780 1.607393 3.838727 -7.874987 1.750686 7.544172 -1.566266 0.617105
Car -1 -1 -10 245.000000 179.000000 293.000000 220.000000 1.535562 1.643932 3.989243 -12.999607 1.370047 28.645454 -1.473535 0.464918
Car -1 -1 -10 377.000000 187.000000 431.000000 220.000000 1.446181 1.626240 3.921610 -8.451388 1.612233 30.087866 1.453010 0.422476
Car -1 -1 -10 345.000000 172.000000 433.000000 225.000000 1.600115 1.586774 3.586916 -8.546723 1.397895 29.379789 1.476359 0.051797
Car -1 -1 -10 409.000000 182.000000 453.000000 214.000000 1.545663 1.660632 3.888735 -8.647636 1.408426 36.415919 -0.372077 0.042423
Car -1 -1 -10 325.000000 160.000000 408.000000 238.000000 2.181006 1.772228 4.369818 -7.867523 1.431964 23.625220 -1.577806 0.023782
Car -1 -1 -10 -9.000000 192.000000 139.000000 299.000000 1.452557 1.603449 3.756208 -8.837437 1.555705 14.142694 -1.651269 0.023055
