Pedestrian -1 -1 -10 851.000000 143.000000 904.000000 278.000000 1.778836 0.620895 0.952010 3.596648 1.241836 9.565526 -1.599241 0.998415
Pedestrian -1 -1 -10 567.000000 161.000000 600.000000 254.000000 1.744065 0.568862 0.856871 -0.374172 1.422624 13.396709 -0.641600 0.994589
Pedestrian -1 -1 -10 485.000000 158.000000 522.000000 250.000000 1.762172 0.662245 0.950718 -1.965055 1.352918 14.570135 1.499096 0.985194
Pedestrian -1 -1 -10 728.000000 145.000000 786.000000 279.000000 1.824842 0.712709 0.841927 2.169371 1.466892 10.165090 2.881642 0.968589
Pedestrian -1 -1 -10 3.000000 151.000000 209.000000 374.000000 1.686360 0.683461 0.815554 -2.456341 1.493384 3.567322 1.483383 0.968312
Pedestrian -1 -1 -10 359.000000 159.000000 398.000000 269.000000 1.767726 0.599987 0.757575 -4.154329 1.228284 13.111586 1.766166 0.326883
Pedestrian -1 -1 -10 543.000000 164.000000 562.000000 209.000000 1.711100 0.628526 0.815900 -1.812104 1.000603 26.557264 -1.642132 0.169578
Pedestrian -1 -1 -10 568.000000 163.000000 586.000000 228.000000 1.713315 0.538345 0.491207 -0.884596 1.005986 24.886788 -1.452107 0.160017
Pedestrian -1 -1 -10 600.000000 163.000000 616.000000 213.000000 1.702069 0.572606 0.692977 0.153079 1.036755 24.846909 -1.615468 0.145346
Pedestrian -1 -1 -10 533.000000 165.000000 560.000000 221.000000 1.786883 0.525701 0.776006 -1.267417 1.194468 14.127512 2.893935 0.090300
Pedestrian -1 -1 -10 522.000000 165.000000 553.000000 235.000000 1.708742 0.774591 0.528999 -1.695579 1.304054 18.453020 1.524445 0.079486
Pedestrian -1 -1 -10 586.000000 162.000000 602.000000 215.000000 1.765727 0.582964 0.711420 -0.308346 1.067923 25.725872 2.605039 0.061836
Pedestrian -1 -1 -10 -1.000000 190.000000 94.000000 373.000000 1.749693 0.507873 0.644277 -2.859933 1.597199 3.954478 -1.679316 0.045974
Pedestrian -1 -1 -10 658.000000 157.000000 690.000000 217.000000 1.789105 0.655132 0.743861 1.703495 1.773903 19.181239 2.136590 0.031310
Pedestrian -1 -1 -10 514.000000 159.000000 528.000000 210.000000 1.850844 0.639154 0.660293 -3.467350 0.980706 30.803518 1.525290 0.024139
Pedestrian -1 -1 -10 649.000000 158.000000 676.000000 206.000000 1.809887 0.685072 0.804336 2.389849 0.841943 28.663853 -1.668571 0.020662
Pedestrian -1 -1 -10 811.000000 151.000000 826.000000 209.000000 1.754427 0.574787 0.754597 5.609557 0.849797 18.677570 2.844657 0.018715
Pedestrian -1 -1 -10 409.000000 177.000000 434.000000 249.000000 1.759701 0.527476 0.731973 -4.009781 1.704508 15.410720 1.296780 0.016563
Pedestrian -1 -1 -10 593.000000 161.000000 609.000000 214.000000 1.771413 0.566323 0.816559 -0.056185 1.045078 25.559673 2.154344 0.016366
Pedestrian -1 -1 -10 844.000000 154.000000 861.000000 207.000000 1.789484 0.629475 0.715841 5.229148 1.003429 15.020836 3.016198 0.012476
Cyclist -1 -1 -10 521.000000 164.000000 553.000000 234.000000 1.720381 0.573473 1.784969 -1.698323 1.292616 18.380864 1.536570 0.976814
Cyclist -1 -1 -10 -3.000000 153.000000 211.000000 374.000000 1.695884 0.646838 1.690014 -2.485903 1.436399 3.510155 1.553319 0.883897
Cyclist -1 -1 -10 717.000000 146.000000 798.000000 281.000000 1.733703 0.521405 1.742654 2.122013 1.354423 10.168100 1.228886 0.758968
Cyclist -1 -1 -10 657.000000 160.000000 694.000000 216.000000 1.676763 0.660132 1.729234 2.002074 1.407415 20.860737 3.152855 0.530683
Cyclist -1 -1 -10 -3.000000 182.000000 103.000000 371.000000 1.697493 0.581522 1.647899 -2.603015 1.502908 3.892362 1.887256 0.218600
Cyclist -1 -1 -10 533.000000 165.000000 560.000000 221.000000 1.595654 0.306804 1.413212 -1.500767 1.300343 21.220621 -1.607096 0.167742
Cyclist -1 -1 -10 649.000000 158.000000 676.000000 206.000000 1.684477 0.627499 1.708792 2.270940 0.477733 29.186188 -1.548751 0.020952
Cyclist -1 -1 -10 484.000000 158.000000 523.000000 249.000000 1.806716 0.603765 1.808652 -2.081934 1.397307 14.801428 1.787921 0.019665
Cyclist -1 -1 -10 567.000000 161.000000 600.000000 253.000000 1.786087 0.547952 1.769947 -0.351373 1.412142 13.587342 -2.009309 0.010017
