Car -1 -1 -10 708.000000 185.000000 893.000000 302.000000 1.454246 1.665881 4.092638 2.702817 1.627313 11.177888 -1.565605 0.999480
Car -1 -1 -10 392.000000 173.000000 512.000000 216.000000 1.490659 1.609993 3.996212 -6.207099 1.661018 25.114744 -3.175770 0.993619
Car -1 -1 -10 783.000000 180.000000 987.000000 252.000000 1.464116 1.598199 3.967333 6.280966 1.687438 16.280876 0.173530 0.984181
Car -1 -1 -10 0.000000 169.000000 238.000000 316.000000 1.487136 1.620472 4.073019 -6.960883 1.541800 8.219482 -0.114755 0.973679
Car -1 -1 -10 38.000000 171.000000 436.000000 272.000000 1.478160 1.633207 4.212416 -6.133895 1.536333 12.403182 -0.113612 0.971751
Car -1 -1 -10 679.000000 176.000000 745.000000 203.000000 1.547224 1.669465 3.847204 5.649417 1.737201 40.305862 0.006259 0.938824
Car -1 -1 -10 721.000000 177.000000 802.000000 215.000000 1.493449 1.562596 3.836704 6.399188 1.665431 29.878474 -0.021200 0.877125
Car -1 -1 -10 1114.000000 235.000000 1241.000000 371.000000 1.499540 1.617766 3.945751 4.495824 1.304944 4.521643 2.268512 0.403316
Car -1 -1 -10 298.000000 175.000000 500.000000 224.000000 1.562386 1.647249 4.108974 -6.514211 1.632803 24.471095 -2.984004 0.306031
Car -1 -1 -10 439.000000 170.000000 525.000000 208.000000 1.743853 1.628080 3.918744 -6.017589 1.620712 34.538904 -3.134528 0.281283
Cyclist -1 -1 -10 1119.000000 236.000000 1242.000000 371.000000 1.642661 0.630207 1.724249 3.271695 1.805077 3.891051 -0.963581 0.036033
