Car -1 -1 -10 634.000000 187.000000 674.000000 217.000000 1.479433 1.638986 3.888661 2.044160 2.192860 36.723616 -1.643489 0.998255
Car -1 -1 -10 756.000000 189.000000 930.000000 256.000000 1.554417 1.607246 4.026285 6.119506 2.038467 18.554003 3.050024 0.991494
Car -1 -1 -10 13.000000 194.000000 306.000000 317.000000 1.461183 1.598220 4.139024 -6.680101 1.763163 10.127748 -3.191879 0.991096
Car -1 -1 -10 921.000000 188.000000 1242.000000 328.000000 1.623171 1.671928 3.950256 5.800128 1.706477 9.059408 0.050273 0.985142
Car -1 -1 -10 819.000000 191.000000 1012.000000 278.000000 1.530004 1.589674 3.794763 6.042521 1.866126 13.372459 0.002806 0.984876
Car -1 -1 -10 230.000000 178.000000 426.000000 256.000000 1.585873 1.635626 3.959778 -6.929776 1.857694 17.281078 -3.166992 0.980442
Car -1 -1 -10 729.000000 184.000000 862.000000 243.000000 1.672338 1.626460 3.913995 5.610923 2.033840 21.523690 0.023195 0.967555
Car -1 -1 -10 876.000000 193.000000 1110.000000 298.000000 1.472486 1.582057 3.863611 6.184277 1.821401 10.478283 0.035401 0.906273
Car -1 -1 -10 -4.000000 190.000000 171.000000 359.000000 1.546485 1.581607 3.644738 -6.728046 1.732408 8.082890 -3.113331 0.824292
Car -1 -1 -10 97.000000 189.000000 359.000000 281.000000 1.503036 1.583700 3.776471 -6.552123 1.803227 12.568976 -3.180805 0.788087
Car -1 -1 -10 394.000000 186.000000 509.000000 221.000000 1.500656 1.570471 3.862419 -6.562576 2.200596 31.147455 -0.102761 0.730704
Cyclist -1 -1 -10 526.000000 183.000000 546.000000 223.000000 1.675794 0.555650 1.702171 -3.205331 2.148456 30.887649 1.481983 0.657201
