Pedestrian -1 -1 -10 854.000000 175.000000 940.000000 374.000000 1.698764 0.653709 0.649222 2.310351 1.688560 5.900779 -1.037767 0.994752
Pedestrian -1 -1 -10 999.000000 147.000000 1160.000000 379.000000 1.738537 0.652047 0.796346 2.577794 1.405595 4.186568 -2.099085 0.927597
Pedestrian -1 -1 -10 888.000000 145.000000 1250.000000 380.000000 1.664124 0.506773 0.624009 2.305688 1.418719 3.961771 1.586488 0.232467
Pedestrian -1 -1 -10 996.000000 141.000000 1096.000000 318.000000 1.747350 0.590401 0.747707 4.724122 0.984932 8.086908 3.531137 0.180157
Pedestrian -1 -1 -10 88.000000 193.000000 119.000000 244.000000 1.693144 0.664809 0.746069 -15.513323 2.229618 22.266189 -2.639039 0.108265
Car -1 -1 -10 602.000000 184.000000 630.000000 210.000000 1.524230 1.676616 3.860367 0.417007 2.012784 46.429409 -1.574129 0.998856
Car -1 -1 -10 316.000000 194.000000 396.000000 238.000000 1.492139 1.631858 3.915676 -9.593780 2.329043 27.652070 1.580011 0.996559
Car -1 -1 -10 352.000000 190.000000 405.000000 223.000000 1.483492 1.661726 3.871835 -9.762774 2.218460 28.549819 1.463423 0.623268
Cyclist -1 -1 -10 882.000000 148.000000 1236.000000 379.000000 1.729840 0.642621 1.772405 2.374437 1.386469 4.143149 3.072070 0.997333
Cyclist -1 -1 -10 958.000000 137.000000 1119.000000 370.000000 1.703237 0.569428 1.676681 2.270113 1.270849 3.986516 2.732001 0.380876
Cyclist -1 -1 -10 851.000000 167.000000 964.000000 375.000000 1.714618 0.563044 1.718210 2.257255 1.659847 5.734990 1.791018 0.200169
Cyclist -1 -1 -10 890.000000 161.000000 1053.000000 381.000000 1.698154 0.697852 1.772680 2.617240 1.659236 5.241559 0.438589 0.193823
Cyclist -1 -1 -10 1148.000000 184.000000 1234.000000 374.000000 1.638152 0.718794 1.795245 3.471782 1.952488 4.546250 2.276906 0.050498
Cyclist -1 -1 -10 1006.000000 136.000000 1097.000000 318.000000 1.706743 0.631961 1.663677 2.162937 0.853593 3.909425 -1.009099 0.017075
