Pedestrian -1 -1 -10 547.000000 139.000000 581.000000 226.000000 1.817195 0.700010 0.819164 -0.951109 0.955545 15.170302 1.473233 0.997239
Pedestrian -1 -1 -10 712.000000 137.000000 779.000000 332.000000 1.836075 0.782329 0.982109 1.387785 1.435870 7.079704 1.191965 0.996579
Pedestrian -1 -1 -10 587.000000 136.000000 616.000000 223.000000 1.805679 0.591379 0.765971 -0.148446 0.823844 15.360623 1.132251 0.995446
Pedestrian -1 -1 -10 507.000000 141.000000 538.000000 217.000000 1.804570 0.669928 0.925076 -1.981883 0.896346 16.646864 1.022570 0.994561
Pedestrian -1 -1 -10 778.000000 136.000000 850.000000 316.000000 1.802689 0.658702 0.960188 2.196104 1.358969 7.496104 1.329234 0.994355
Pedestrian -1 -1 -10 479.000000 138.000000 503.000000 212.000000 1.794475 0.646717 0.869881 -2.868607 0.804809 17.323365 0.951993 0.915350
Pedestrian -1 -1 -10 571.000000 141.000000 590.000000 207.000000 1.714118 0.534975 0.586352 -0.564373 0.656921 19.076173 1.086838 0.736298
Pedestrian -1 -1 -10 457.000000 147.000000 480.000000 215.000000 1.830824 0.678636 0.812001 -3.422212 0.897532 17.506076 1.423518 0.732397
Pedestrian -1 -1 -10 246.000000 136.000000 280.000000 248.000000 1.760562 0.588208 0.753696 -5.889427 1.069823 12.019764 -0.022081 0.681821
Pedestrian -1 -1 -10 432.000000 142.000000 457.000000 213.000000 1.732914 0.614375 0.648454 -3.747387 0.748219 16.450244 0.921676 0.472546
Pedestrian -1 -1 -10 678.000000 144.000000 697.000000 202.000000 1.765633 0.619915 0.734471 2.533257 0.643273 21.931105 0.519229 0.396824
Pedestrian -1 -1 -10 260.000000 136.000000 305.000000 239.000000 1.802860 0.540938 0.628979 -5.735836 1.353297 12.182729 0.135729 0.386190
Pedestrian -1 -1 -10 562.000000 142.000000 584.000000 210.000000 1.726992 0.535704 0.615768 -1.003010 0.695508 16.912210 -1.239575 0.277345
Pedestrian -1 -1 -10 542.000000 142.000000 567.000000 209.000000 1.799213 0.677583 0.895466 -1.257480 0.887070 17.076548 -1.102245 0.262945
Pedestrian -1 -1 -10 521.000000 140.000000 538.000000 186.000000 1.837631 0.573393 0.825695 -1.390421 0.963943 11.518164 2.902625 0.239494
Pedestrian -1 -1 -10 490.000000 140.000000 508.000000 203.000000 1.775940 0.591385 0.642190 -2.900150 1.458467 19.144552 2.816376 0.174344
Cyclist -1 -1 -10 427.000000 143.000000 460.000000 220.000000 1.742062 0.609251 1.782192 -3.812592 0.835783 16.437678 1.423459 0.753630
Cyclist -1 -1 -10 271.000000 135.000000 313.000000 232.000000 1.697031 0.481972 1.444753 -6.539276 0.901994 15.464590 -2.020172 0.476515
Cyclist -1 -1 -10 452.000000 144.000000 480.000000 218.000000 1.757467 0.496641 1.619526 -3.431665 0.850347 17.743782 1.910946 0.398565
Cyclist -1 -1 -10 284.000000 150.000000 351.000000 210.000000 1.630466 0.457613 1.482395 -5.285904 1.056719 12.810361 -1.988613 0.210380
Cyclist -1 -1 -10 333.000000 152.000000 386.000000 198.000000 1.689998 0.477046 1.513226 -3.816812 0.790517 10.641207 -1.955194 0.183172
Cyclist -1 -1 -10 237.000000 137.000000 323.000000 240.000000 1.687669 0.503306 1.578677 -5.928448 1.869208 12.524619 -2.023255 0.145681
Cyclist -1 -1 -10 306.000000 152.000000 370.000000 200.000000 1.628199 0.451131 1.475745 -5.085385 1.122907 13.196923 -1.963903 0.117498
Cyclist -1 -1 -10 520.000000 141.000000 538.000000 183.000000 1.724137 0.485472 1.510318 -1.895118 1.100550 17.185782 -1.674394 0.081065
Cyclist -1 -1 -10 248.000000 134.000000 282.000000 249.000000 1.674750 0.654438 1.693014 -5.817774 1.114200 12.051693 0.591217 0.063585
Cyclist -1 -1 -10 544.000000 143.000000 573.000000 208.000000 1.751019 0.496093 1.525140 -1.137339 0.675485 18.115444 0.096857 0.050129
Cyclist -1 -1 -10 509.000000 141.000000 538.000000 212.000000 1.758962 0.581028 1.728268 -1.931581 0.776096 16.531672 1.920348 0.042513
Cyclist -1 -1 -10 450.000000 140.000000 467.000000 207.000000 1.809878 0.560470 1.629260 -3.942210 0.715334 19.511536 2.050375 0.023749
Cyclist -1 -1 -10 477.000000 139.000000 502.000000 212.000000 1.798896 0.589856 1.763105 -2.832829 0.784631 17.395341 1.478951 0.012330
Cyclist -1 -1 -10 494.000000 142.000000 508.000000 194.000000 1.690378 0.448740 1.486019 -2.692711 1.150315 18.339946 -1.693241 0.010136
