Pedestrian -1 -1 -10 244.000000 160.000000 337.000000 350.000000 1.797707 0.659349 0.937656 -3.041698 1.540199 6.913249 1.632677 0.997795
Pedestrian -1 -1 -10 627.000000 159.000000 655.000000 241.000000 1.794930 0.639776 1.045895 0.814815 1.301066 16.887641 -2.013230 0.996349
Pedestrian -1 -1 -10 1072.000000 143.000000 1194.000000 372.000000 1.762745 0.657751 0.739441 4.037655 1.475391 5.490640 1.340226 0.995833
Pedestrian -1 -1 -10 808.000000 168.000000 867.000000 345.000000 1.724597 0.581572 0.930061 2.224483 1.526129 7.055247 -1.673476 0.992691
Pedestrian -1 -1 -10 103.000000 163.000000 182.000000 340.000000 1.780441 0.717903 0.916677 -4.602280 1.615058 7.293562 1.582553 0.965333
Pedestrian -1 -1 -10 729.000000 174.000000 770.000000 294.000000 1.726445 0.608759 0.880743 1.946284 1.511661 9.850304 -1.880153 0.953726
Pedestrian -1 -1 -10 700.000000 171.000000 740.000000 277.000000 1.725721 0.631437 0.829225 1.872958 1.538949 11.292942 -0.908782 0.937223
Pedestrian -1 -1 -10 794.000000 170.000000 844.000000 323.000000 1.781566 0.605555 0.825682 2.215919 1.506515 7.254220 0.790792 0.801302
Pedestrian -1 -1 -10 1174.000000 139.000000 1237.000000 371.000000 1.766032 0.583500 0.527790 4.517230 1.468405 5.228659 0.058085 0.587166
Pedestrian -1 -1 -10 747.000000 173.000000 784.000000 287.000000 1.732449 0.588327 0.676915 2.588892 1.557257 10.995087 3.246182 0.573306
Car -1 -1 -10 544.000000 170.000000 597.000000 212.000000 1.528156 1.668985 3.946839 -1.233261 1.105701 28.713824 1.626481 0.999124
Cyclist -1 -1 -10 1177.000000 143.000000 1238.000000 369.000000 1.771324 0.615072 1.806766 4.437603 1.445653 5.184868 -1.389292 0.086424
Cyclist -1 -1 -10 97.000000 166.000000 198.000000 332.000000 1.801359 0.606337 1.788292 -4.645740 1.634464 7.256275 1.106563 0.077527
Cyclist -1 -1 -10 805.000000 169.000000 869.000000 325.000000 1.767968 0.492850 1.721265 2.250359 1.554124 7.013557 -1.270888 0.062115
Cyclist -1 -1 -10 792.000000 167.000000 837.000000 316.000000 1.777391 0.574036 1.567112 2.354268 1.618166 7.856518 -1.286060 0.031442
