Car -1 -1 -10 337.000000 193.000000 438.000000 253.000000 1.474267 1.638111 4.041799 -6.044862 2.053994 19.872137 1.574002 0.997858
Car -1 -1 -10 681.000000 176.000000 757.000000 227.000000 1.534510 1.640186 4.026226 3.173079 1.546717 21.827839 -1.585690 0.997595
Car -1 -1 -10 207.000000 200.000000 367.000000 294.000000 1.491471 1.564706 3.747101 -6.052099 2.051768 13.891304 1.554625 0.997439
Car -1 -1 -10 416.000000 189.000000 487.000000 232.000000 1.448496 1.626551 3.910621 -5.881069 2.103240 27.342188 1.617773 0.995718
Car -1 -1 -10 904.000000 142.000000 1140.000000 218.000000 1.538661 1.685492 4.144652 9.134470 0.979083 15.844659 3.168920 0.989565
Car -1 -1 -10 -2.000000 211.000000 272.000000 371.000000 1.479229 1.595674 3.846918 -5.931384 2.030494 9.121755 1.587525 0.987013
Car -1 -1 -10 668.000000 175.000000 727.000000 218.000000 1.518658 1.623080 3.943869 3.133529 1.570245 27.314779 -1.584471 0.887915
Car -1 -1 -10 456.000000 186.000000 507.000000 220.000000 1.617378 1.620901 3.976777 -5.914160 2.143772 33.632033 1.580014 0.792001
Car -1 -1 -10 652.000000 177.000000 698.000000 207.000000 1.508199 1.607530 4.059287 3.210306 1.820942 37.138554 1.503308 0.782503
Car -1 -1 -10 790.000000 156.000000 959.000000 207.000000 1.514600 1.634682 3.944323 7.577180 1.170498 22.158020 -1.782050 0.666239
Car -1 -1 -10 829.000000 147.000000 1039.000000 210.000000 1.554880 1.560471 3.765475 9.441559 0.923399 18.465429 3.066386 0.345582
Car -1 -1 -10 489.000000 184.000000 530.000000 210.000000 1.563952 1.602324 3.975574 -5.910236 2.152017 42.451598 1.736841 0.081444
