Pedestrian -1 -1 -10 875.000000 146.000000 968.000000 363.000000 1.758948 0.648665 0.713150 2.521501 1.499454 5.814312 1.471371 0.998605
Pedestrian -1 -1 -10 792.000000 141.000000 875.000000 367.000000 1.783825 0.639033 0.772247 1.909449 1.461249 5.987216 1.456486 0.998301
Pedestrian -1 -1 -10 1065.000000 144.000000 1197.000000 371.000000 1.724129 0.598800 0.793893 3.760313 1.430123 5.032426 1.261309 0.996920
Pedestrian -1 -1 -10 536.000000 146.000000 599.000000 352.000000 1.791379 0.613004 0.896001 -0.438863 1.478833 6.361863 0.994059 0.996421
Pedestrian -1 -1 -10 706.000000 139.000000 768.000000 309.000000 1.802683 0.720875 0.840991 1.385536 1.374705 8.062704 1.811053 0.994940
Pedestrian -1 -1 -10 678.000000 158.000000 730.000000 316.000000 1.755219 0.575474 0.922445 1.210450 1.479461 7.976841 0.661501 0.988356
Pedestrian -1 -1 -10 620.000000 137.000000 677.000000 325.000000 1.822964 0.663747 0.888649 0.389214 1.467941 7.462827 1.056200 0.980400
Pedestrian -1 -1 -10 516.000000 140.000000 552.000000 246.000000 1.810592 0.668021 0.903890 -1.289544 1.104493 12.139104 1.036827 0.967878
Pedestrian -1 -1 -10 773.000000 154.000000 829.000000 312.000000 1.763524 0.538715 0.702754 2.049176 1.423921 7.783478 1.303198 0.942249
Pedestrian -1 -1 -10 585.000000 156.000000 641.000000 334.000000 1.760664 0.644098 0.816224 0.035718 1.456931 7.213798 1.072625 0.913591
Pedestrian -1 -1 -10 688.000000 140.000000 724.000000 213.000000 1.691201 0.528552 0.626619 1.767625 0.791763 12.545157 0.652945 0.843593
Pedestrian -1 -1 -10 648.000000 140.000000 674.000000 201.000000 1.761099 0.650182 0.595687 1.780659 0.538407 22.235411 1.646650 0.386257
Pedestrian -1 -1 -10 258.000000 135.000000 296.000000 232.000000 1.764860 0.566669 0.706894 -5.497311 0.619531 12.004427 -2.007339 0.352875
Pedestrian -1 -1 -10 1171.000000 133.000000 1222.000000 367.000000 1.763053 0.589665 0.707022 4.252712 1.572869 5.100553 1.237574 0.346692
Pedestrian -1 -1 -10 549.000000 145.000000 565.000000 192.000000 1.687601 0.532885 0.689001 -1.979055 0.245342 28.813507 1.454155 0.346645
Pedestrian -1 -1 -10 591.000000 146.000000 625.000000 225.000000 1.665879 0.519008 0.517189 -0.010588 0.859725 12.115865 2.664266 0.276240
Pedestrian -1 -1 -10 545.000000 148.000000 585.000000 198.000000 1.742853 0.568977 0.737562 -0.668309 0.645013 8.199479 2.960436 0.276183
Pedestrian -1 -1 -10 627.000000 138.000000 668.000000 208.000000 1.808107 0.571727 0.760287 0.532264 0.926282 9.823873 3.101810 0.220975
Pedestrian -1 -1 -10 305.000000 141.000000 330.000000 217.000000 1.690804 0.605714 0.584688 -6.776388 1.500021 17.009717 -2.396648 0.212465
Cyclist -1 -1 -10 551.000000 146.000000 588.000000 194.000000 1.701418 0.553584 1.645562 -1.669388 0.423961 28.970953 -1.599661 0.574532
Cyclist -1 -1 -10 247.000000 137.000000 306.000000 231.000000 1.711922 0.523045 1.666557 -7.419674 0.634113 16.473927 -3.128161 0.351500
Cyclist -1 -1 -10 298.000000 142.000000 337.000000 219.000000 1.734889 0.629742 1.517499 -6.858362 1.381720 17.577292 -0.319127 0.297038
Cyclist -1 -1 -10 591.000000 148.000000 627.000000 220.000000 1.659866 0.469971 1.484692 0.031759 0.964559 13.272464 -1.609508 0.186273
Cyclist -1 -1 -10 286.000000 141.000000 320.000000 226.000000 1.819137 0.537401 1.690017 -7.704778 0.769871 17.600034 -1.949398 0.140410
Cyclist -1 -1 -10 547.000000 146.000000 568.000000 192.000000 1.645555 0.635981 1.703556 -2.165672 0.243474 28.955074 2.604685 0.134952
Cyclist -1 -1 -10 517.000000 140.000000 553.000000 248.000000 1.883586 0.718277 1.756563 -1.278488 1.081305 12.114881 0.981239 0.115376
Cyclist -1 -1 -10 643.000000 140.000000 674.000000 202.000000 1.770670 0.578991 1.755589 1.724973 0.535707 22.369364 -1.453549 0.083606
Cyclist -1 -1 -10 341.000000 152.000000 387.000000 198.000000 1.702914 0.524879 1.545216 -6.346046 1.369405 17.763407 -1.935446 0.072847
Cyclist -1 -1 -10 686.000000 140.000000 733.000000 236.000000 1.675689 0.577568 1.668203 1.707162 0.762687 12.596393 1.008917 0.057886
Cyclist -1 -1 -10 618.000000 147.000000 675.000000 309.000000 1.783531 0.568768 1.684354 0.365622 1.353885 7.405075 2.144527 0.046639
Cyclist -1 -1 -10 540.000000 142.000000 557.000000 196.000000 1.709343 0.513354 1.629725 -2.380713 0.607753 29.108814 -1.652289 0.036728
Cyclist -1 -1 -10 533.000000 139.000000 551.000000 202.000000 1.688041 0.473809 1.515139 -1.102233 0.643039 10.757078 -1.713381 0.032934
Cyclist -1 -1 -10 626.000000 137.000000 665.000000 220.000000 1.675359 0.685341 1.725675 0.646917 0.678475 12.443086 0.996470 0.032624
Cyclist -1 -1 -10 585.000000 153.000000 646.000000 330.000000 1.801252 0.612769 1.691498 0.117090 1.488920 7.370474 0.954833 0.019278
Cyclist -1 -1 -10 1171.000000 133.000000 1222.000000 367.000000 1.666981 0.456792 1.698097 4.286379 1.371226 5.223709 -0.653516 0.012231
