Car -1 -1 -10 297.000000 181.000000 453.000000 274.000000 1.498854 1.646812 4.167650 -4.387351 1.495483 14.088222 -1.579495 0.999642
Car -1 -1 -10 588.000000 175.000000 668.000000 252.000000 1.545353 1.664857 3.895508 0.414070 1.388818 17.385128 -1.528053 0.999491
Car -1 -1 -10 153.000000 181.000000 271.000000 232.000000 1.437288 1.599667 3.873754 -12.326358 1.403660 22.812030 -1.593973 0.992216
Car -1 -1 -10 0.000000 186.000000 206.000000 274.000000 1.505741 1.598349 3.768479 -8.287392 1.496346 11.428263 -1.553470 0.932676
Car -1 -1 -10 -5.000000 206.000000 258.000000 372.000000 1.466600 1.620193 3.894958 -4.507493 1.665564 5.721450 -1.563867 0.929277
Car -1 -1 -10 623.000000 178.000000 667.000000 215.000000 1.500401 1.619752 3.714314 2.220033 1.117427 39.143729 -1.421226 0.264606
Car -1 -1 -10 99.000000 174.000000 166.000000 211.000000 1.596324 1.611157 3.844661 -30.091865 1.058193 46.270779 1.564469 0.102030
Car -1 -1 -10 619.000000 169.000000 652.000000 198.000000 1.543330 1.601541 3.674373 0.137738 0.906679 8.162733 -0.994914 0.043577
Car -1 -1 -10 295.000000 184.000000 371.000000 220.000000 1.564883 1.636171 3.907471 -11.894764 0.742180 29.667674 1.561968 0.030137
Car -1 -1 -10 0.000000 191.000000 60.000000 266.000000 1.533505 1.554602 3.518007 -8.892631 1.002809 11.526685 0.875455 0.013342
Car -1 -1 -10 0.000000 194.000000 135.000000 347.000000 1.451855 1.571826 3.808032 -8.834336 1.220364 10.922113 -2.869580 0.011216
