Car -1 -1 -10 520.000000 173.000000 577.000000 220.000000 1.737443 1.719988 4.114205 -2.406180 1.756022 28.336805 1.599450 0.999188
Car -1 -1 -10 703.000000 180.000000 786.000000 260.000000 1.579286 1.561119 3.136668 2.814232 1.792780 15.685280 -1.544703 0.998944
Car -1 -1 -10 217.000000 183.000000 487.000000 357.000000 1.442684 1.573788 3.666630 -2.771753 1.646912 8.370872 -1.545619 0.998723
Car -1 -1 -10 348.000000 171.000000 472.000000 223.000000 1.476394 1.654945 4.088142 -6.404100 1.507460 22.037057 -3.155837 0.987238
Car -1 -1 -10 684.000000 186.000000 738.000000 241.000000 1.501447 1.601587 3.816773 3.025790 1.828939 20.947954 -1.509611 0.984280
Car -1 -1 -10 558.000000 179.000000 593.000000 210.000000 1.468808 1.571011 3.744616 -1.870047 1.725701 35.971738 -1.486971 0.958244
Car -1 -1 -10 -2.000000 199.000000 117.000000 371.000000 1.532515 1.625798 3.974630 -3.825995 1.438662 2.482714 -1.621490 0.412966
Cyclist -1 -1 -10 612.000000 172.000000 626.000000 205.000000 1.759147 0.623074 1.845770 0.535800 1.736419 39.985006 1.517161 0.992762
Cyclist -1 -1 -10 0.000000 205.000000 118.000000 372.000000 1.724305 0.713440 1.737128 -2.648367 1.594297 2.622315 1.452398 0.013551
Cyclist -1 -1 -10 346.000000 169.000000 474.000000 220.000000 1.723392 0.706977 1.834080 -5.438691 1.510976 21.339189 0.120336 0.013191
