Pedestrian -1 -1 -10 157.000000 170.000000 184.000000 258.000000 1.751454 0.747082 0.788910 -12.077981 1.561638 19.773058 -1.614688 0.749265
Car -1 -1 -10 658.000000 179.000000 726.000000 236.000000 1.718710 1.674738 4.102208 2.704820 2.022942 24.724585 -1.607970 0.997303
Car -1 -1 -10 363.000000 185.000000 482.000000 238.000000 1.602256 1.615079 4.144736 -6.404896 2.041908 22.627864 0.065798 0.996218
Car -1 -1 -10 268.000000 186.000000 445.000000 253.000000 1.521630 1.613910 3.986604 -6.900882 1.891713 18.948933 -3.363801 0.967616
Car -1 -1 -10 803.000000 209.000000 1241.000000 377.000000 1.454923 1.628071 4.075220 2.915421 1.762865 5.167697 -1.601922 0.960488
Car -1 -1 -10 402.000000 180.000000 504.000000 226.000000 1.524410 1.606942 3.995930 -6.749062 2.021206 29.055472 -3.167848 0.537630
Car -1 -1 -10 642.000000 185.000000 691.000000 221.000000 1.471526 1.603906 3.835371 2.568773 2.099172 35.760880 -1.586765 0.259774
Car -1 -1 -10 -2.000000 193.000000 191.000000 281.000000 1.439619 1.558769 3.377818 -7.458362 1.742626 11.207936 0.005716 0.161173
Car -1 -1 -10 439.000000 181.000000 521.000000 216.000000 1.514330 1.581033 3.691738 -5.689103 1.441823 34.461639 1.552590 0.139106
Car -1 -1 -10 467.000000 181.000000 540.000000 208.000000 1.506432 1.484031 3.061713 -6.390254 2.338967 48.045403 -3.235770 0.041960
Car -1 -1 -10 129.000000 193.000000 264.000000 252.000000 1.562928 1.566519 3.698335 -8.076414 0.951164 13.438076 0.971078 0.016495
