Car -1 -1 -10 724.000000 193.000000 898.000000 306.000000 1.428774 1.562676 3.627729 2.870315 1.714840 11.118759 -1.691805 0.999556
Car -1 -1 -10 660.000000 184.000000 740.000000 242.000000 1.505654 1.626462 3.938943 2.395895 1.812503 20.685454 -1.614868 0.999217
Car -1 -1 -10 1.000000 192.000000 261.000000 325.000000 1.499056 1.566422 3.911446 -6.608322 1.736069 9.145938 -0.002924 0.996568
Car -1 -1 -10 222.000000 187.000000 424.000000 251.000000 1.527644 1.624999 3.839418 -6.693109 1.879374 16.612867 -3.099608 0.986796
Car -1 -1 -10 58.000000 196.000000 336.000000 285.000000 1.530559 1.611171 3.871405 -6.562318 1.858117 11.857594 -3.226169 0.937853
Car -1 -1 -10 334.000000 184.000000 492.000000 231.000000 1.454346 1.598148 3.976441 -6.281684 1.931537 24.476428 0.083474 0.931973
Car -1 -1 -10 647.000000 181.000000 695.000000 215.000000 1.515943 1.630084 4.000696 2.640822 1.838127 31.667474 1.498798 0.807785
Car -1 -1 -10 631.000000 174.000000 662.000000 199.000000 1.541739 1.599102 3.758828 2.578487 1.817300 50.589925 -1.589994 0.332903
Car -1 -1 -10 400.000000 174.000000 484.000000 221.000000 1.480598 1.577537 3.871142 -6.860345 1.886350 25.686965 0.158897 0.181466
Car -1 -1 -10 476.000000 182.000000 539.000000 208.000000 1.481403 1.504230 3.268704 -5.871541 1.764344 42.840518 1.980221 0.093457
Car -1 -1 -10 458.000000 182.000000 516.000000 212.000000 1.525465 1.659929 3.823041 -6.623588 1.845292 34.709655 -3.267073 0.063519
