Pedestrian -1 -1 -10 1092.000000 155.000000 1123.000000 212.000000 1.756801 0.650888 0.650105 22.163492 0.443290 31.712897 -1.498457 0.037901
Pedestrian -1 -1 -10 1114.000000 149.000000 1144.000000 214.000000 1.729841 0.517613 0.648719 15.682021 1.249117 21.727846 1.234065 0.017708
Car -1 -1 -10 862.000000 171.000000 994.000000 220.000000 1.525008 1.583276 3.859680 9.803758 1.456925 22.375910 3.119583 0.998344
Car -1 -1 -10 1006.000000 159.000000 1188.000000 214.000000 1.637640 1.691446 4.282177 14.742785 1.243500 22.246309 3.283405 0.992028
Car -1 -1 -10 62.000000 184.000000 263.000000 258.000000 1.884358 1.769654 4.243124 -13.082549 2.412845 21.356647 -3.136397 0.780567
Car -1 -1 -10 211.000000 190.000000 309.000000 226.000000 1.526113 1.658487 3.972487 -14.328367 2.241323 30.875880 1.008147 0.313687
Car -1 -1 -10 1.000000 204.000000 86.000000 240.000000 1.480468 1.582804 3.818183 -21.205029 2.794684 27.117151 0.445443 0.234185
Car -1 -1 -10 1182.000000 159.000000 1241.000000 239.000000 1.479111 1.620381 3.918809 13.430854 1.227865 13.798714 0.062728 0.162800
Car -1 -1 -10 54.000000 197.000000 160.000000 235.000000 1.584860 1.615851 3.858176 -21.293222 2.499718 30.415221 0.349748 0.023088
Car -1 -1 -10 271.000000 187.000000 376.000000 217.000000 1.518320 1.643987 3.973521 -13.189168 2.141103 34.450638 0.585695 0.016735
Car -1 -1 -10 1172.000000 161.000000 1237.000000 202.000000 1.447401 1.558038 3.786984 26.968518 0.966149 32.892858 2.871660 0.012998
