Car -1 -1 -10 800.000000 189.000000 1166.000000 367.000000 1.472214 1.620177 4.000424 3.444688 1.665300 7.736256 -1.583387 0.999482
Car -1 -1 -10 465.000000 180.000000 522.000000 220.000000 1.498818 1.552611 3.538393 -4.591699 1.814087 28.616444 1.630250 0.999310
Car -1 -1 -10 233.000000 191.000000 421.000000 289.000000 1.443718 1.649668 4.079377 -4.903181 1.813595 12.755519 1.559027 0.999162
Car -1 -1 -10 5.000000 190.000000 303.000000 373.000000 1.470548 1.622211 3.834132 -4.749490 1.822000 7.485796 1.569114 0.997630
Car -1 -1 -10 743.000000 183.000000 903.000000 282.000000 1.509600 1.624608 3.819013 3.522368 1.753315 12.858497 -1.579544 0.996561
Car -1 -1 -10 693.000000 179.000000 760.000000 228.000000 1.521287 1.634851 3.977218 3.957334 1.756520 23.876041 -1.591536 0.992624
Car -1 -1 -10 717.000000 180.000000 811.000000 248.000000 1.488383 1.613254 3.786473 3.797987 1.713459 18.391475 -1.539694 0.991445
Car -1 -1 -10 497.000000 179.000000 541.000000 213.000000 1.492270 1.603818 3.914879 -4.373564 1.762188 33.463050 1.631250 0.979232
Car -1 -1 -10 1082.000000 205.000000 1244.000000 373.000000 1.487542 1.584775 3.916950 3.527328 1.765848 2.216174 1.591759 0.797902
Car -1 -1 -10 1069.000000 175.000000 1209.000000 232.000000 1.651678 1.620856 3.956050 13.728282 1.445400 18.414074 1.292156 0.203382
Cyclist -1 -1 -10 944.000000 192.000000 1033.000000 229.000000 1.660854 0.648511 1.693978 10.836187 1.760757 20.345295 1.068610 0.042430
Cyclist -1 -1 -10 991.000000 194.000000 1090.000000 228.000000 1.705736 0.717371 1.666119 12.349316 1.879559 20.340180 1.090445 0.031240
Cyclist -1 -1 -10 1068.000000 202.000000 1245.000000 376.000000 1.725452 0.616676 1.794242 3.211939 1.922902 3.344532 -1.443794 0.010781
