Pedestrian -1 -1 -10 769.000000 159.000000 830.000000 300.000000 1.829597 0.622023 0.993604 2.515326 1.546916 9.298927 3.397402 0.998462
Pedestrian -1 -1 -10 1026.000000 136.000000 1142.000000 328.000000 1.817552 0.529716 1.088179 4.533097 1.438179 6.870333 -2.165168 0.998425
Pedestrian -1 -1 -10 139.000000 177.000000 238.000000 372.000000 1.749938 0.688756 1.038695 -3.549681 1.699139 6.051187 -3.131715 0.995118
Pedestrian -1 -1 -10 254.000000 182.000000 294.000000 299.000000 1.738729 0.638870 0.873345 -5.175643 1.741739 11.341389 1.210589 0.991182
Pedestrian -1 -1 -10 511.000000 178.000000 529.000000 232.000000 1.716080 0.610352 0.704011 -2.773702 1.642417 23.788661 1.839053 0.975488
Pedestrian -1 -1 -10 346.000000 187.000000 367.000000 251.000000 1.744134 0.638891 0.758816 -6.571168 2.003240 19.174987 -1.475503 0.806829
Pedestrian -1 -1 -10 245.000000 185.000000 277.000000 288.000000 1.775774 0.547127 0.675869 -5.204194 1.674520 11.296163 1.496463 0.751184
Pedestrian -1 -1 -10 165.000000 184.000000 229.000000 316.000000 1.698513 0.657324 0.759375 -4.658299 1.275939 8.339310 -1.523638 0.430141
Pedestrian -1 -1 -10 176.000000 177.000000 216.000000 278.000000 1.676334 0.598794 0.661859 -8.187623 1.429336 14.386253 -2.534410 0.411017
Pedestrian -1 -1 -10 726.000000 187.000000 752.000000 254.000000 1.720996 0.642907 0.644056 2.969103 1.664542 16.551185 -1.903185 0.124394
Pedestrian -1 -1 -10 594.000000 174.000000 613.000000 233.000000 1.704081 0.537775 0.679491 -0.011299 1.581035 23.026916 -1.760913 0.114613
Pedestrian -1 -1 -10 142.000000 184.000000 176.000000 304.000000 1.742927 0.603543 0.721328 -8.462527 2.253786 13.766165 -0.511706 0.109803
Pedestrian -1 -1 -10 619.000000 175.000000 639.000000 233.000000 1.792619 0.674451 0.853060 0.809530 1.596659 22.748633 -2.113933 0.108222
Pedestrian -1 -1 -10 147.000000 182.000000 205.000000 278.000000 1.803597 0.650156 0.725994 -9.721767 1.906293 15.617413 1.013072 0.082886
Pedestrian -1 -1 -10 154.000000 182.000000 178.000000 261.000000 1.783253 0.686770 0.761634 -9.927823 1.757736 16.156143 2.484995 0.030111
Pedestrian -1 -1 -10 768.000000 186.000000 788.000000 247.000000 1.729822 0.457242 0.487435 3.884669 1.493735 16.368313 -1.323463 0.018548
Car -1 -1 -10 359.000000 170.000000 477.000000 260.000000 1.955436 1.800545 4.218229 -4.463677 1.725500 18.290892 1.575690 0.960551
Car -1 -1 -10 432.000000 173.000000 506.000000 236.000000 1.783391 1.655129 4.113865 -4.412674 1.665073 25.108528 1.522559 0.566064
Car -1 -1 -10 0.000000 183.000000 128.000000 372.000000 1.522752 1.623377 3.872083 -3.443492 1.266665 2.362910 -2.292903 0.150699
Cyclist -1 -1 -10 173.000000 178.000000 218.000000 272.000000 1.667101 0.587136 1.662474 -8.074061 1.184485 14.343480 2.201051 0.060089
Cyclist -1 -1 -10 143.000000 182.000000 214.000000 307.000000 1.814713 0.599288 1.613727 -4.089859 1.599790 6.717887 2.182141 0.025338
