Pedestrian -1 -1 -10 414.000000 180.000000 433.000000 234.000000 1.826306 0.670055 0.663626 -6.129791 2.078077 23.538490 1.442965 0.896890
Pedestrian -1 -1 -10 397.000000 186.000000 409.000000 232.000000 1.782936 0.606824 0.599433 -6.756753 2.190740 23.426960 2.378611 0.038663
Pedestrian -1 -1 -10 412.000000 185.000000 423.000000 229.000000 1.730140 0.636284 0.554808 -6.260603 1.925187 23.512987 -1.282922 0.025339
Pedestrian -1 -1 -10 415.000000 180.000000 430.000000 207.000000 1.707303 0.619789 0.610759 -7.833743 1.473813 29.647452 -2.369394 0.014061
Car -1 -1 -10 719.000000 183.000000 887.000000 299.000000 1.488315 1.582010 3.608427 2.771254 1.655473 11.241357 -1.608614 0.999469
Car -1 -1 -10 375.000000 197.000000 475.000000 264.000000 1.436344 1.581594 3.734187 -4.414459 2.061734 17.467383 -1.619674 0.998874
Car -1 -1 -10 664.000000 182.000000 728.000000 237.000000 1.454936 1.570097 3.606483 2.458717 1.785487 21.581508 -1.579426 0.996738
Car -1 -1 -10 442.000000 182.000000 508.000000 235.000000 1.638311 1.656672 4.168316 -4.760607 2.088592 26.773923 -1.571546 0.990133
Car -1 -1 -10 639.000000 179.000000 673.000000 212.000000 1.575638 1.634100 3.972064 2.396627 1.923001 37.431550 -1.564084 0.954869
Car -1 -1 -10 495.000000 185.000000 533.000000 215.000000 1.545461 1.603463 3.887563 -5.235073 2.202383 40.536176 1.554843 0.695408
