Pedestrian -1 -1 -10 877.000000 187.000000 908.000000 283.000000 1.726639 0.530320 0.709447 4.472728 1.792439 11.535705 0.993427 0.559556
Car -1 -1 -10 715.000000 175.000000 903.000000 311.000000 1.615271 1.638806 3.733480 2.593697 1.673724 10.431633 -1.584572 0.998978
Car -1 -1 -10 523.000000 175.000000 567.000000 210.000000 1.538573 1.709942 3.732963 -3.023145 1.693858 34.196598 1.543349 0.998940
Car -1 -1 -10 312.000000 187.000000 489.000000 315.000000 1.514017 1.537514 3.531506 -2.749520 1.729721 10.025492 1.593182 0.995215
Car -1 -1 -10 662.000000 169.000000 746.000000 239.000000 1.692341 1.643608 3.996298 2.521532 1.610919 20.350766 -1.613241 0.990376
Car -1 -1 -10 688.000000 180.000000 778.000000 263.000000 1.469725 1.594661 3.714267 2.625668 1.670925 15.230177 -1.558345 0.988160
Car -1 -1 -10 649.000000 167.000000 699.000000 212.000000 1.815529 1.692614 4.156295 2.831733 1.624410 34.609304 -1.610953 0.950826
Car -1 -1 -10 638.000000 169.000000 679.000000 205.000000 1.556841 1.533192 3.541303 2.373396 1.480718 35.349946 -1.607781 0.112072
Car -1 -1 -10 431.000000 191.000000 482.000000 236.000000 1.528690 1.552478 3.475459 -5.173619 2.479984 28.362304 -1.787727 0.019706
Car -1 -1 -10 789.000000 188.000000 918.000000 283.000000 1.499867 1.558450 3.814190 5.673268 1.680795 13.202883 1.285207 0.015307
Car -1 -1 -10 636.000000 175.000000 662.000000 201.000000 1.565958 1.573733 3.681101 2.690139 1.677342 42.095396 -1.633857 0.013852
Car -1 -1 -10 361.000000 192.000000 481.000000 263.000000 1.509182 1.586106 3.706814 -5.749124 1.439652 15.204052 1.701983 0.010769
Cyclist -1 -1 -10 873.000000 186.000000 912.000000 282.000000 1.666392 0.497832 1.666762 5.064428 1.396056 12.649977 -1.632911 0.840742
