Pedestrian -1 -1 -10 679.000000 166.000000 690.000000 203.000000 1.706099 0.637596 0.745648 2.716540 1.053314 27.265267 -2.108975 0.170138
Pedestrian -1 -1 -10 690.000000 171.000000 698.000000 198.000000 1.703235 0.616862 0.668997 3.438584 1.051482 30.025565 -2.006499 0.015654
Pedestrian -1 -1 -10 870.000000 176.000000 912.000000 208.000000 1.770807 0.660170 0.954455 12.189239 1.713948 31.988953 -0.839532 0.011533
Pedestrian -1 -1 -10 683.000000 169.000000 699.000000 202.000000 1.627272 0.602072 0.564959 3.039372 0.955943 28.653725 0.603022 0.010054
Car -1 -1 -10 888.000000 169.000000 1021.000000 271.000000 1.581992 1.680626 3.725437 6.156128 1.563982 13.202516 -1.241126 0.999511
Car -1 -1 -10 647.000000 176.000000 739.000000 245.000000 1.505871 1.607005 3.950419 2.045453 1.568929 17.254110 -1.310923 0.999404
Car -1 -1 -10 691.000000 177.000000 772.000000 231.000000 1.488946 1.644548 4.114317 3.799225 1.645873 22.513145 -1.203805 0.995249
Car -1 -1 -10 871.000000 176.000000 913.000000 208.000000 1.481173 1.603738 3.658791 12.974115 1.568478 33.244369 -1.215597 0.851792
Car -1 -1 -10 862.000000 175.000000 897.000000 200.000000 1.616042 1.686835 4.012845 16.926750 1.618701 45.176086 -1.310081 0.038619
Car -1 -1 -10 1164.000000 227.000000 1239.000000 370.000000 1.397144 1.538747 3.747156 7.578011 2.465794 8.328000 2.754705 0.017887
