Pedestrian -1 -1 -10 203.000000 169.000000 230.000000 228.000000 1.797500 0.723458 0.807941 -11.957036 1.668317 22.009799 1.513339 0.455322
Pedestrian -1 -1 -10 1199.000000 184.000000 1241.000000 247.000000 1.723477 0.709398 0.895703 17.684231 2.200671 20.762314 3.760408 0.013993
Car -1 -1 -10 776.000000 202.000000 1138.000000 373.000000 1.450706 1.624925 4.041855 2.916683 1.773213 7.332488 -1.602625 0.998774
Car -1 -1 -10 657.000000 176.000000 718.000000 230.000000 1.695920 1.676330 4.092257 2.704836 1.925349 26.740970 -1.591655 0.997545
Car -1 -1 -10 377.000000 179.000000 498.000000 231.000000 1.554954 1.606580 3.925752 -6.207031 2.007598 24.857040 -3.156859 0.978830
Car -1 -1 -10 300.000000 184.000000 456.000000 241.000000 1.575459 1.628877 3.830377 -5.867912 1.924513 19.069264 0.788958 0.950903
Car -1 -1 -10 415.000000 177.000000 520.000000 219.000000 1.592279 1.625666 4.006530 -6.328173 1.955293 32.642260 0.201379 0.788077
Car -1 -1 -10 645.000000 181.000000 694.000000 218.000000 1.511256 1.585092 3.803286 2.928278 2.072717 37.477370 -1.547102 0.106087
Car -1 -1 -10 477.000000 178.000000 548.000000 206.000000 1.542923 1.636233 3.825464 -5.763809 2.350303 48.673439 -1.702897 0.095550
Car -1 -1 -10 0.000000 184.000000 191.000000 261.000000 1.483346 1.605406 3.818871 -7.282608 1.700169 9.119932 1.877623 0.024478
Car -1 -1 -10 213.000000 190.000000 357.000000 231.000000 1.526094 1.608915 3.943963 -9.084708 1.967690 21.144738 0.547582 0.023884
Car -1 -1 -10 757.000000 207.000000 899.000000 290.000000 1.491224 1.628703 3.914710 3.613475 1.738316 12.533816 1.015399 0.017702
Cyclist -1 -1 -10 1199.000000 184.000000 1241.000000 247.000000 1.702662 0.667255 1.700646 17.675191 2.153287 20.674999 3.300123 0.050267
Cyclist -1 -1 -10 313.000000 185.000000 443.000000 249.000000 1.739634 0.658275 1.716269 -4.560091 2.041957 15.292201 2.730731 0.014093
