Pedestrian -1 -1 -10 696.000000 171.000000 703.000000 206.000000 1.699614 0.628093 0.693592 4.884477 1.636535 39.470154 2.638662 0.028685
Car -1 -1 -10 487.000000 189.000000 549.000000 238.000000 1.519930 1.589487 3.674958 -2.842277 1.972243 22.670970 1.580269 0.999520
Car -1 -1 -10 148.000000 194.000000 464.000000 376.000000 1.492651 1.663733 4.106197 -2.750342 1.785840 7.503993 1.544890 0.999255
Car -1 -1 -10 659.000000 181.000000 727.000000 236.000000 1.525007 1.625543 3.658559 2.488366 1.866267 22.971520 -1.588872 0.999123
Car -1 -1 -10 545.000000 184.000000 576.000000 209.000000 1.554834 1.625487 3.949387 -3.081098 2.355145 47.246315 1.663864 0.998335
Car -1 -1 -10 752.000000 178.000000 957.000000 351.000000 1.560690 1.562168 3.688060 2.829181 1.745690 8.825224 1.528433 0.986490
Car -1 -1 -10 646.000000 181.000000 696.000000 225.000000 1.534507 1.614142 3.758957 2.758330 1.929406 31.353532 -1.575592 0.917603
Car -1 -1 -10 841.000000 213.000000 1235.000000 376.000000 1.491686 1.637651 3.994199 2.436019 1.671053 3.407532 1.556750 0.872151
Car -1 -1 -10 636.000000 177.000000 666.000000 212.000000 1.432698 1.563410 3.421894 1.165389 1.751513 20.936132 2.468132 0.390406
Car -1 -1 -10 806.000000 194.000000 1051.000000 370.000000 1.560550 1.630612 3.978116 2.595416 1.666086 3.387264 1.512397 0.109536
