Car -1 -1 -10 73.000000 187.000000 412.000000 286.000000 1.490133 1.637945 4.249617 -5.957625 1.759004 11.678520 0.103291 0.999537
Car -1 -1 -10 748.000000 189.000000 1093.000000 374.000000 1.511352 1.650774 4.098676 2.795841 1.680493 7.782754 -1.598624 0.999477
Car -1 -1 -10 691.000000 183.000000 785.000000 240.000000 1.379009 1.590360 4.017746 3.224247 1.650747 18.524642 -1.574495 0.998694
Car -1 -1 -10 657.000000 172.000000 698.000000 206.000000 1.547198 1.641070 3.996185 3.469892 1.673398 37.959270 -1.571896 0.993647
Car -1 -1 -10 449.000000 173.000000 535.000000 208.000000 1.497642 1.587982 3.831318 -6.028094 1.452592 32.753627 -3.109971 0.937374
Car -1 -1 -10 221.000000 174.000000 407.000000 249.000000 1.709878 1.668651 3.978789 -6.177673 1.727067 16.184940 -3.126381 0.907952
Car -1 -1 -10 0.000000 209.000000 109.000000 374.000000 1.453970 1.600138 3.861560 -6.542738 1.721780 6.038993 0.038837 0.696692
Car -1 -1 -10 418.000000 178.000000 524.000000 219.000000 1.479520 1.598715 3.778236 -4.770841 1.833372 28.754023 0.815341 0.452047
Car -1 -1 -10 479.000000 172.000000 555.000000 202.000000 1.603088 1.594679 3.751345 -5.376960 1.824769 42.833746 -3.091318 0.441687
Car -1 -1 -10 374.000000 178.000000 479.000000 232.000000 1.565445 1.680145 3.912422 -4.405819 1.629314 22.202628 -0.145320 0.230551
