Car -1 -1 -10 20.000000 203.000000 292.000000 331.000000 1.490144 1.577535 3.698869 -6.135186 1.941682 10.346269 1.569737 0.999581
Car -1 -1 -10 690.000000 179.000000 790.000000 250.000000 1.485622 1.591752 3.815929 2.909038 1.630671 16.803466 -1.572573 0.998664
Car -1 -1 -10 449.000000 182.000000 502.000000 217.000000 1.505864 1.591952 3.815124 -6.047183 1.947868 32.549275 1.582382 0.993744
Car -1 -1 -10 827.000000 155.000000 1049.000000 220.000000 1.540264 1.667794 4.187821 8.196948 1.159525 19.081093 3.115102 0.967454
Car -1 -1 -10 343.000000 182.000000 449.000000 245.000000 1.668623 1.652261 3.987721 -6.142776 1.985975 21.301795 -1.558676 0.920272
Car -1 -1 -10 1025.000000 146.000000 1236.000000 264.000000 1.561394 1.612040 3.872906 8.331769 1.295436 10.324077 3.327949 0.823547
Car -1 -1 -10 704.000000 163.000000 788.000000 203.000000 1.541765 1.645974 4.127256 8.751680 1.299574 45.110580 3.273622 0.737061
Car -1 -1 -10 473.000000 183.000000 513.000000 211.000000 1.538650 1.609434 3.842337 -6.172397 1.990810 38.029469 1.569880 0.414573
Car -1 -1 -10 918.000000 155.000000 1199.000000 240.000000 1.486780 1.567862 3.874528 7.825221 1.191099 13.308501 2.676093 0.247506
Car -1 -1 -10 307.000000 200.000000 399.000000 256.000000 1.499499 1.588218 3.878777 -6.239634 2.088994 18.456286 1.397256 0.111784
Car -1 -1 -10 486.000000 181.000000 525.000000 207.000000 1.520914 1.621949 3.858936 -6.085917 2.018430 42.793303 1.569042 0.042275
Car -1 -1 -10 2.000000 234.000000 60.000000 351.000000 1.562660 1.563822 3.563452 -7.168254 2.253102 9.152884 0.791202 0.026972
Cyclist -1 -1 -10 693.000000 178.000000 790.000000 247.000000 1.744748 0.555251 1.727877 2.773037 1.719008 15.456622 0.302151 0.018324
