Pedestrian -1 -1 -10 681.000000 156.000000 720.000000 246.000000 1.738859 0.607450 0.833120 1.793566 1.246434 13.758299 1.584102 0.996942
Pedestrian -1 -1 -10 40.000000 186.000000 98.000000 319.000000 1.751833 0.577497 0.477324 -6.954489 1.594806 9.393850 -2.178820 0.869228
Pedestrian -1 -1 -10 368.000000 172.000000 388.000000 225.000000 1.680295 0.606369 0.803315 -7.425364 1.322922 23.577544 -2.003207 0.847166
Pedestrian -1 -1 -10 2.000000 183.000000 34.000000 320.000000 1.797619 0.524059 0.894093 -8.961381 1.674347 10.974950 1.893027 0.086346
Pedestrian -1 -1 -10 428.000000 161.000000 438.000000 197.000000 1.911046 0.660876 1.014057 -12.686891 0.838745 53.498251 2.346372 0.073252
Pedestrian -1 -1 -10 17.000000 184.000000 121.000000 350.000000 1.789074 0.781613 0.659830 -5.415960 1.742805 7.105704 -1.885981 0.064740
Pedestrian -1 -1 -10 8.000000 165.000000 293.000000 376.000000 1.710156 0.726648 0.776070 -2.648764 1.588907 4.205297 1.504531 0.045857
Pedestrian -1 -1 -10 495.000000 170.000000 512.000000 220.000000 1.736951 0.549623 0.805781 -3.602608 1.263320 25.854934 -1.818263 0.033240
Pedestrian -1 -1 -10 49.000000 194.000000 136.000000 282.000000 1.783762 0.684514 0.859680 -7.953580 1.633896 11.184654 1.429645 0.018656
Pedestrian -1 -1 -10 458.000000 171.000000 467.000000 203.000000 1.771583 0.595644 0.691955 -8.175376 1.214193 41.714295 0.887471 0.017013
Pedestrian -1 -1 -10 433.000000 170.000000 441.000000 196.000000 1.811855 0.555784 0.893658 -11.933331 1.587934 52.479367 -1.876321 0.011650
Car -1 -1 -10 5.000000 180.000000 321.000000 368.000000 1.641592 1.579661 3.806626 -4.811915 1.800192 7.400847 1.587266 0.315347
Car -1 -1 -10 6.000000 180.000000 126.000000 361.000000 1.483144 1.617361 3.874174 -2.450931 1.301219 5.617681 -1.634730 0.039301
Car -1 -1 -10 1.000000 181.000000 37.000000 343.000000 1.520692 1.498216 3.246927 -13.810641 1.301580 16.515662 0.882230 0.010215
Cyclist -1 -1 -10 23.000000 165.000000 281.000000 376.000000 1.721690 0.592547 1.678944 -2.622289 1.564695 4.193249 1.529052 0.997375
Cyclist -1 -1 -10 7.000000 175.000000 155.000000 369.000000 1.648045 0.648454 1.678076 -2.622695 1.438628 4.115398 0.454581 0.059000
Cyclist -1 -1 -10 43.000000 187.000000 108.000000 311.000000 1.676333 0.612116 1.675242 -8.264289 1.311832 11.092727 -2.707584 0.041252
Cyclist -1 -1 -10 367.000000 172.000000 388.000000 225.000000 1.781461 0.531293 1.714637 -7.647369 1.407273 23.943449 -2.066198 0.014991
Cyclist -1 -1 -10 2.000000 183.000000 34.000000 320.000000 1.729837 0.537397 1.674715 -9.160168 1.532708 11.224416 -2.325237 0.014648
Cyclist -1 -1 -10 68.000000 191.000000 119.000000 285.000000 1.672934 0.695757 1.781507 -8.019577 1.275097 11.224119 1.458565 0.012661
