Car -1 -1 -10 634.000000 177.000000 706.000000 230.000000 1.414090 1.616192 3.890401 1.768460 1.615130 22.214066 -1.619605 0.999234
Car -1 -1 -10 616.000000 172.000000 654.000000 204.000000 1.512202 1.607268 3.764231 1.261663 1.712338 37.221031 1.507164 0.964314
Car -1 -1 -10 885.000000 159.000000 1238.000000 369.000000 1.675202 1.716570 4.216266 5.560294 1.606000 7.525115 3.268197 0.921692
Car -1 -1 -10 185.000000 182.000000 428.000000 249.000000 1.425975 1.631935 4.222733 -7.021487 1.738913 16.610573 -2.990871 0.878726
Car -1 -1 -10 426.000000 178.000000 496.000000 211.000000 1.509060 1.620666 3.609175 -6.878775 1.781318 33.882402 -3.189315 0.649467
Car -1 -1 -10 306.000000 181.000000 437.000000 238.000000 1.482643 1.550687 3.647211 -6.835780 1.894855 19.981317 -2.993031 0.532325
Car -1 -1 -10 405.000000 181.000000 472.000000 213.000000 1.539321 1.609720 3.820093 -7.716071 1.547082 30.667480 -1.687288 0.039999
Car -1 -1 -10 1203.000000 266.000000 1240.000000 373.000000 1.526972 1.556627 3.591377 4.814594 1.875768 3.662648 -1.561642 0.033027
Car -1 -1 -10 252.000000 183.000000 379.000000 241.000000 1.483683 1.479097 3.380553 -8.133303 1.417619 20.702162 1.645091 0.014707
Car -1 -1 -10 912.000000 162.000000 1180.000000 281.000000 1.660500 1.635041 3.940495 5.363448 1.525898 9.544899 0.005196 0.012769
Cyclist -1 -1 -10 343.000000 176.000000 423.000000 304.000000 1.713143 0.596901 1.775532 -3.268519 1.797013 10.390208 1.507537 0.999326
Cyclist -1 -1 -10 295.000000 180.000000 432.000000 252.000000 1.727291 0.802120 1.872311 -5.714816 1.743439 17.409721 0.122668 0.147038
