Car -1 -1 -10 574.000000 174.000000 611.000000 208.000000 1.551587 1.643355 3.870726 -0.828274 1.039401 37.116499 -1.577515 0.999569
Car -1 -1 -10 463.000000 180.000000 512.000000 217.000000 1.433448 1.603330 3.948799 -4.757262 1.267869 29.514119 -1.581312 0.998965
Car -1 -1 -10 172.000000 182.000000 393.000000 319.000000 1.459007 1.590653 3.716951 -4.300565 1.503027 10.175544 -1.546948 0.998830
Car -1 -1 -10 384.000000 181.000000 478.000000 239.000000 1.446212 1.610498 4.000355 -4.809290 1.402751 20.005272 -1.579486 0.997764
Car -1 -1 -10 197.000000 174.000000 328.000000 254.000000 1.501244 1.585529 3.763920 -8.521589 1.407775 18.187013 -1.543471 0.933558
Car -1 -1 -10 336.000000 180.000000 411.000000 221.000000 1.485743 1.634893 3.827860 -8.990171 1.288130 26.772244 -1.746281 0.426122
Car -1 -1 -10 0.000000 158.000000 145.000000 272.000000 2.046676 1.739523 4.249904 -12.258627 1.649112 15.505581 -1.543151 0.364792
Car -1 -1 -10 130.000000 161.000000 210.000000 203.000000 1.501091 1.605714 3.677352 -29.565850 0.920926 48.607939 1.531213 0.053802
Car -1 -1 -10 388.000000 178.000000 442.000000 205.000000 1.530396 1.559877 3.514615 -9.761995 1.638415 36.412050 1.304992 0.015192
Car -1 -1 -10 1017.000000 184.000000 1226.000000 371.000000 1.501393 1.567768 3.653518 4.301342 1.679446 5.979485 1.532088 0.011084
Car -1 -1 -10 453.000000 172.000000 484.000000 199.000000 1.651519 1.708462 3.922583 -8.817005 0.824272 48.110308 -0.068730 0.010884
