Car -1 -1 -10 615.000000 198.000000 700.000000 259.000000 1.480205 1.579847 3.524917 1.218830 2.185102 19.791934 -1.744885 0.998752
Car -1 -1 -10 681.000000 190.000000 774.000000 226.000000 1.565014 1.658388 4.074951 5.189710 2.238543 31.381487 -0.735055 0.995565
Car -1 -1 -10 745.000000 188.000000 832.000000 221.000000 1.478300 1.634959 4.069986 8.778015 2.257840 34.549906 -0.715221 0.995540
Car -1 -1 -10 553.000000 192.000000 632.000000 226.000000 1.505115 1.590244 3.855608 -0.832170 2.585859 35.290160 2.478226 0.988639
Car -1 -1 -10 812.000000 195.000000 1241.000000 373.000000 1.592687 1.567136 3.430021 2.867640 1.726785 5.193406 -1.647258 0.979655
Car -1 -1 -10 809.000000 189.000000 876.000000 218.000000 1.473076 1.562214 3.560008 12.232708 2.343932 37.259485 -0.675979 0.806672
Car -1 -1 -10 854.000000 183.000000 926.000000 216.000000 1.622698 1.608857 3.673422 15.520690 2.303689 39.866873 -0.704069 0.066967
Car -1 -1 -10 953.000000 192.000000 1211.000000 300.000000 1.529131 1.550236 3.489542 3.041012 1.463605 4.351025 2.143797 0.038563
Car -1 -1 -10 663.000000 193.000000 716.000000 223.000000 1.493770 1.629785 3.805603 4.909981 2.265121 31.365729 -0.757038 0.029114
Cyclist -1 -1 -10 860.000000 183.000000 1240.000000 367.000000 1.563795 1.616176 3.939400 2.546416 1.606398 4.341325 -1.540810 0.060524
Cyclist -1 -1 -10 937.000000 194.000000 1070.000000 245.000000 1.785798 0.831719 1.894344 18.541172 2.300217 32.256231 3.543651 0.020885
