Car -1 -1 -10 667.000000 188.000000 745.000000 241.000000 1.449128 1.582667 3.559322 2.797704 1.912254 21.581624 -1.678592 0.998943
Car -1 -1 -10 14.000000 190.000000 313.000000 308.000000 1.527549 1.665078 3.921940 -6.907648 1.801160 10.152295 -3.142857 0.992431
Car -1 -1 -10 245.000000 191.000000 439.000000 254.000000 1.553416 1.630352 3.967381 -6.686103 2.004066 17.655595 -3.100379 0.989095
Car -1 -1 -10 967.000000 193.000000 1239.000000 334.000000 1.488861 1.607333 3.885206 6.653769 1.732215 9.382226 -2.057728 0.981034
Car -1 -1 -10 313.000000 186.000000 481.000000 236.000000 1.549056 1.612859 3.940003 -6.523995 2.035287 22.483022 0.685491 0.977256
Car -1 -1 -10 642.000000 184.000000 691.000000 221.000000 1.454982 1.610942 3.965047 2.357948 2.000443 31.157418 -1.619651 0.975010
Car -1 -1 -10 429.000000 186.000000 523.000000 218.000000 1.589085 1.611106 3.929017 -6.618561 2.350313 36.208164 -3.176735 0.593324
Car -1 -1 -10 133.000000 194.000000 342.000000 283.000000 1.494341 1.554006 3.641699 -6.786394 1.830913 12.764552 -3.114653 0.533556
Car -1 -1 -10 4.000000 165.000000 194.000000 346.000000 1.469585 1.562844 3.774303 -4.864958 1.371252 4.631030 1.616921 0.335517
Car -1 -1 -10 382.000000 185.000000 506.000000 226.000000 1.561140 1.612872 3.918677 -6.817453 2.184514 28.583454 -3.202255 0.175282
