Car -1 -1 -10 376.000000 193.000000 455.000000 243.000000 1.499700 1.568402 3.604316 -6.236042 2.186763 23.420728 1.610869 0.998925
Car -1 -1 -10 661.000000 176.000000 720.000000 221.000000 1.512188 1.632546 3.932568 2.846979 1.679281 27.118562 -1.615080 0.989906
Car -1 -1 -10 420.000000 191.000000 488.000000 229.000000 1.440284 1.579587 3.879719 -6.176931 2.196455 28.838540 1.595795 0.989850
Car -1 -1 -10 42.000000 205.000000 162.000000 244.000000 1.511664 1.622180 3.856232 -20.855605 2.856754 30.307137 -1.570453 0.961838
Car -1 -1 -10 1039.000000 135.000000 1150.000000 181.000000 2.007996 1.677841 4.240753 24.912566 0.332684 37.580916 -1.687121 0.783504
Car -1 -1 -10 6.000000 209.000000 96.000000 247.000000 1.506327 1.608112 3.712255 -23.539309 3.135757 30.767684 -1.548405 0.537267
Car -1 -1 -10 0.000000 210.000000 52.000000 245.000000 1.551630 1.720902 4.118679 -23.916546 3.099875 31.366072 -1.622077 0.164307
Car -1 -1 -10 468.000000 181.000000 512.000000 217.000000 1.641800 1.644499 3.832197 -6.514538 2.263064 37.514679 1.576757 0.162309
Car -1 -1 -10 487.000000 184.000000 527.000000 211.000000 1.503539 1.599832 3.776027 -5.898536 2.287931 43.815090 -1.681153 0.156981
Car -1 -1 -10 118.000000 206.000000 219.000000 241.000000 1.493630 1.610526 3.929513 -20.629248 2.786774 29.757429 -1.569567 0.033772
