Pedestrian -1 -1 -10 1.000000 192.000000 66.000000 369.000000 1.777413 0.693172 0.779560 -5.087957 2.051779 6.039572 -3.212922 0.080073
Car -1 -1 -10 -8.000000 194.000000 344.000000 304.000000 1.472125 1.611743 3.942842 -6.406785 1.795642 10.574074 -3.113765 0.999596
Car -1 -1 -10 692.000000 188.000000 818.000000 270.000000 1.478556 1.596620 3.753582 2.844215 1.815837 14.793813 -1.687367 0.999567
Car -1 -1 -10 651.000000 181.000000 717.000000 229.000000 1.434397 1.611680 3.972128 2.302156 1.752738 24.279826 -1.607941 0.998123
Car -1 -1 -10 210.000000 189.000000 428.000000 250.000000 1.495607 1.605258 3.887294 -6.670574 1.790240 16.897290 -3.134168 0.975442
Car -1 -1 -10 291.000000 185.000000 456.000000 238.000000 1.546171 1.621278 3.880245 -6.724857 1.960745 20.426997 -3.272412 0.916792
Car -1 -1 -10 377.000000 182.000000 506.000000 224.000000 1.443363 1.585627 4.028785 -6.397044 2.133535 27.997175 -3.221412 0.890132
Car -1 -1 -10 116.000000 189.000000 378.000000 273.000000 1.556533 1.507909 3.925708 -6.579517 1.864016 13.027203 -0.066356 0.716493
Car -1 -1 -10 0.000000 196.000000 61.000000 368.000000 1.495412 1.622338 3.906292 -6.995979 1.762939 5.950095 -3.115949 0.277436
Car -1 -1 -10 642.000000 180.000000 679.000000 210.000000 1.516187 1.632673 4.023237 2.560857 1.836778 35.266089 -1.645795 0.090013
