Pedestrian -1 -1 -10 802.000000 143.000000 850.000000 272.000000 1.835341 0.652668 0.968922 3.204261 1.292168 10.458489 -1.833962 0.997485
Pedestrian -1 -1 -10 1053.000000 137.000000 1111.000000 284.000000 1.774348 0.533590 1.022716 5.813754 1.281731 8.666877 -2.054390 0.989322
Pedestrian -1 -1 -10 367.000000 164.000000 419.000000 310.000000 1.781723 0.701707 0.805903 -2.566611 1.556669 8.254802 0.297922 0.941863
Pedestrian -1 -1 -10 494.000000 166.000000 512.000000 214.000000 1.773008 0.674748 0.780292 -3.793581 1.185679 27.575592 1.368937 0.928002
Pedestrian -1 -1 -10 1149.000000 140.000000 1235.000000 312.000000 1.696863 0.585657 0.645991 6.139124 1.270459 7.414108 1.090559 0.788721
Pedestrian -1 -1 -10 355.000000 162.000000 390.000000 304.000000 1.737852 0.633361 0.681816 -2.647997 1.506371 8.238040 2.736932 0.700617
Pedestrian -1 -1 -10 599.000000 165.000000 617.000000 219.000000 1.759242 0.641099 0.929793 0.221760 1.155334 23.968190 -1.517233 0.506339
Pedestrian -1 -1 -10 388.000000 163.000000 427.000000 277.000000 1.738477 0.638362 0.626718 -3.115302 1.617475 10.594025 2.409381 0.304218
Pedestrian -1 -1 -10 578.000000 163.000000 598.000000 221.000000 1.753614 0.633740 0.882858 -0.520387 1.231450 23.853269 -1.993153 0.176706
Pedestrian -1 -1 -10 360.000000 161.000000 452.000000 254.000000 1.690084 0.698590 0.802641 -4.366186 1.517814 16.326396 -3.388789 0.143841
Pedestrian -1 -1 -10 629.000000 162.000000 646.000000 209.000000 1.818850 0.707099 0.828934 1.547884 0.950285 30.506081 -1.594700 0.089250
Pedestrian -1 -1 -10 686.000000 177.000000 710.000000 233.000000 1.823602 0.705537 0.933487 3.246004 1.447477 23.427567 -1.068333 0.076494
Pedestrian -1 -1 -10 301.000000 165.000000 432.000000 293.000000 1.712427 0.624531 0.855707 -2.586914 1.505345 8.462938 -2.440347 0.031561
Pedestrian -1 -1 -10 1209.000000 131.000000 1236.000000 196.000000 1.777799 0.578739 0.726920 10.010084 0.671349 11.660343 1.369502 0.030118
Pedestrian -1 -1 -10 717.000000 176.000000 739.000000 222.000000 1.617846 0.528854 0.826881 3.125592 1.372271 18.845198 -0.852696 0.020890
Pedestrian -1 -1 -10 396.000000 164.000000 420.000000 242.000000 1.739684 0.647916 0.678058 -4.325745 1.429988 16.199380 2.376442 0.013555
Car -1 -1 -10 6.000000 150.000000 394.000000 372.000000 1.555938 1.622817 3.933015 -2.772193 1.423295 4.131566 1.530287 0.989835
Car -1 -1 -10 423.000000 162.000000 492.000000 219.000000 1.788162 1.678397 4.102123 -5.257992 1.166383 27.505651 1.500826 0.368970
Car -1 -1 -10 379.000000 160.000000 468.000000 234.000000 1.943494 1.770129 4.250214 -5.108130 1.246793 20.930713 1.481488 0.342294
Car -1 -1 -10 305.000000 164.000000 430.000000 308.000000 1.595580 1.568612 3.465392 -3.804913 1.277499 8.920632 2.784540 0.012655
Cyclist -1 -1 -10 362.000000 166.000000 424.000000 297.000000 1.755102 0.665845 1.793713 -3.368412 1.562402 10.589698 -2.744834 0.028135
Cyclist -1 -1 -10 494.000000 167.000000 512.000000 214.000000 1.793645 0.593183 1.792129 -3.829606 1.206234 27.580721 1.417000 0.020230
Cyclist -1 -1 -10 1209.000000 131.000000 1236.000000 196.000000 1.698120 0.613470 1.555368 10.096935 0.412045 11.784666 3.304686 0.012302
Cyclist -1 -1 -10 367.000000 161.000000 467.000000 234.000000 1.809014 0.623280 1.776638 -4.515531 1.285659 19.501476 2.331468 0.011064
