Pedestrian -1 -1 -10 450.000000 156.000000 501.000000 320.000000 1.797912 0.664591 0.915842 -1.498435 1.486939 8.222982 1.479373 0.997852
Pedestrian -1 -1 -10 632.000000 159.000000 657.000000 240.000000 1.766872 0.619513 0.981729 0.885096 1.266066 15.849890 -1.358866 0.996652
Pedestrian -1 -1 -10 393.000000 164.000000 459.000000 329.000000 1.807097 0.706229 0.888291 -1.880111 1.580997 7.688747 1.394530 0.993409
Pedestrian -1 -1 -10 676.000000 159.000000 702.000000 237.000000 1.790941 0.577944 0.875221 1.889078 1.268953 15.743966 -1.520993 0.967380
Pedestrian -1 -1 -10 703.000000 165.000000 725.000000 228.000000 1.746444 0.597639 0.811609 2.830815 1.226703 18.310123 -1.584394 0.859206
Pedestrian -1 -1 -10 626.000000 160.000000 645.000000 223.000000 1.792910 0.567879 0.797495 1.015607 1.061764 23.997294 -1.082547 0.656107
Pedestrian -1 -1 -10 5.000000 244.000000 169.000000 370.000000 1.760437 0.703429 0.629236 -2.990401 2.144961 4.082639 0.916313 0.571135
Pedestrian -1 -1 -10 495.000000 163.000000 514.000000 216.000000 1.784533 0.641494 0.820951 -3.490722 1.225989 25.467724 2.843202 0.533896
Pedestrian -1 -1 -10 159.000000 232.000000 322.000000 371.000000 1.778316 0.685514 0.781687 -2.461241 2.047846 4.897351 0.638649 0.480375
Pedestrian -1 -1 -10 388.000000 164.000000 420.000000 253.000000 1.797244 0.693721 0.963480 -4.621810 1.418561 16.262351 -2.299449 0.278483
Pedestrian -1 -1 -10 732.000000 158.000000 753.000000 222.000000 1.710021 0.607576 0.863703 3.920999 0.979869 20.004229 -1.497310 0.067752
Pedestrian -1 -1 -10 1145.000000 153.000000 1233.000000 363.000000 1.649566 0.583608 0.632450 4.007737 1.775519 4.677540 -0.449799 0.055693
Pedestrian -1 -1 -10 672.000000 162.000000 691.000000 219.000000 1.720763 0.644655 0.706130 2.042412 1.215590 18.852614 -0.910546 0.030683
Pedestrian -1 -1 -10 740.000000 155.000000 764.000000 223.000000 1.792180 0.706413 0.722262 4.846944 0.947285 22.737300 -1.735743 0.017113
Pedestrian -1 -1 -10 1203.000000 117.000000 1236.000000 325.000000 1.729421 0.565353 0.846079 6.040072 1.353874 6.889385 3.159621 0.014530
Pedestrian -1 -1 -10 348.000000 191.000000 387.000000 291.000000 1.732355 0.563527 0.768749 -3.634514 1.831674 11.144722 0.255528 0.013990
Car -1 -1 -10 567.000000 170.000000 600.000000 196.000000 1.481626 1.595962 3.696768 -1.098127 0.879777 43.366655 1.695157 0.997485
Car -1 -1 -10 1088.000000 179.000000 1234.000000 367.000000 1.567129 1.591612 3.698204 2.708211 1.525410 2.005569 -1.431037 0.064140
Cyclist -1 -1 -10 0.000000 242.000000 172.000000 373.000000 1.668260 0.636549 1.724209 -2.949981 2.023525 3.934384 1.473532 0.226351
Cyclist -1 -1 -10 733.000000 160.000000 763.000000 223.000000 1.758733 0.548470 1.617786 4.081776 0.983432 20.736247 3.249209 0.123692
Cyclist -1 -1 -10 157.000000 230.000000 323.000000 370.000000 1.705728 0.634078 1.656388 -2.239992 1.867914 4.944050 2.125919 0.120369
Cyclist -1 -1 -10 1146.000000 158.000000 1235.000000 367.000000 1.653145 0.564133 1.660818 3.893606 1.578091 4.637957 -0.940039 0.094015
Cyclist -1 -1 -10 1041.000000 188.000000 1243.000000 367.000000 1.688689 0.530937 1.661610 2.294677 1.720039 3.183049 1.655897 0.074765
Cyclist -1 -1 -10 734.000000 166.000000 796.000000 238.000000 1.706578 0.584989 1.707266 4.265971 1.319997 19.568592 0.780036 0.018039
Cyclist -1 -1 -10 977.000000 180.000000 1161.000000 364.000000 1.620460 0.299915 1.303621 7.821982 1.617739 11.575319 -0.999227 0.010479
