Pedestrian -1 -1 -10 1208.000000 153.000000 1241.000000 271.000000 1.750001 0.588424 0.717798 8.414413 1.410005 9.903118 1.185123 0.453942
Pedestrian -1 -1 -10 1149.000000 151.000000 1219.000000 266.000000 1.760051 0.665373 0.974976 8.121078 1.417378 10.023809 -1.449089 0.203909
Pedestrian -1 -1 -10 1168.000000 157.000000 1240.000000 243.000000 1.709771 0.552780 0.534187 8.770941 2.089831 10.729143 1.202563 0.036392
Pedestrian -1 -1 -10 1056.000000 147.000000 1232.000000 291.000000 1.723423 0.727963 0.976830 6.082299 1.362976 8.211062 -1.455233 0.022000
Pedestrian -1 -1 -10 1166.000000 155.000000 1188.000000 212.000000 1.787487 0.515087 0.694714 7.935302 1.400946 10.363512 0.832564 0.014324
Pedestrian -1 -1 -10 1183.000000 162.000000 1240.000000 206.000000 1.732850 0.587145 0.755497 3.610708 1.149373 4.570490 3.669559 0.013039
Cyclist -1 -1 -10 1064.000000 144.000000 1217.000000 306.000000 1.777738 0.522583 1.798061 6.020826 1.452148 8.230636 -1.573336 0.999840
Cyclist -1 -1 -10 810.000000 165.000000 831.000000 214.000000 1.752216 0.516180 1.664973 7.357757 1.524710 25.548241 -1.667131 0.935261
Cyclist -1 -1 -10 1124.000000 153.000000 1224.000000 272.000000 1.780642 0.686876 1.688493 7.844113 1.426078 9.895246 -0.357737 0.745262
Cyclist -1 -1 -10 1208.000000 145.000000 1242.000000 273.000000 1.786750 0.483596 1.767204 8.380444 1.425415 9.834473 -0.797001 0.326861
Cyclist -1 -1 -10 1169.000000 156.000000 1236.000000 252.000000 1.696559 0.581514 1.635250 9.036774 2.011280 10.919319 0.750605 0.179379
Cyclist -1 -1 -10 1188.000000 162.000000 1241.000000 218.000000 1.726298 0.490318 1.434304 9.529684 1.365237 11.612433 -0.880858 0.036092
Cyclist -1 -1 -10 1091.000000 165.000000 1204.000000 214.000000 1.742695 0.556858 1.510194 10.799118 1.300399 14.790887 -0.993130 0.032004
Cyclist -1 -1 -10 1068.000000 165.000000 1163.000000 204.000000 1.699415 0.514658 1.550197 10.497075 1.257574 15.391848 -1.002050 0.014726
