Car -1 -1 -10 566.000000 202.000000 957.000000 377.000000 1.491214 1.553098 3.623190 1.003482 1.825842 6.372272 -2.041254 0.999545
Car -1 -1 -10 450.000000 216.000000 669.000000 341.000000 1.458264 1.639342 3.865128 -1.075013 2.076362 10.514479 -2.050065 0.998518
Car -1 -1 -10 336.000000 204.000000 433.000000 275.000000 1.571773 1.629660 3.715837 -6.285966 2.428251 19.138732 -2.044075 0.996061
Car -1 -1 -10 0.000000 234.000000 110.000000 329.000000 1.467928 1.623872 3.751964 -7.908708 2.254039 8.374686 -2.148539 0.990535
Car -1 -1 -10 289.000000 212.000000 342.000000 253.000000 1.429949 1.563942 3.798315 -11.933473 2.956551 30.052020 1.683583 0.990494
Car -1 -1 -10 393.000000 212.000000 529.000000 294.000000 1.454648 1.586435 3.604332 -3.217026 2.226138 14.472496 -2.095551 0.990098
Car -1 -1 -10 73.000000 213.000000 159.000000 274.000000 1.554870 1.585780 3.753672 -16.055514 2.847480 23.365918 -2.147983 0.936622
Car -1 -1 -10 142.000000 218.000000 181.000000 245.000000 1.449725 1.579930 3.506637 -10.869462 2.459900 17.716295 1.855559 0.817418
Car -1 -1 -10 309.000000 209.000000 384.000000 263.000000 1.561603 1.560216 3.446572 -7.867696 2.501876 19.300966 1.720129 0.664396
Car -1 -1 -10 278.000000 214.000000 321.000000 247.000000 1.442741 1.583157 3.804744 -12.048387 2.953211 29.947219 1.675966 0.244556
Car -1 -1 -10 -1.000000 242.000000 48.000000 373.000000 1.471514 1.604153 3.732310 -7.716504 2.319676 8.030902 -2.128999 0.118662
