Pedestrian -1 -1 -10 1152.000000 136.000000 1201.000000 236.000000 1.783226 0.631756 1.023148 9.955303 1.013227 12.345976 -0.280359 0.956306
Pedestrian -1 -1 -10 1190.000000 137.000000 1223.000000 235.000000 1.771353 0.601394 0.809060 10.004514 1.010287 11.698845 0.137035 0.869916
Pedestrian -1 -1 -10 1172.000000 140.000000 1213.000000 224.000000 1.804665 0.518206 0.890953 10.520771 0.850644 12.900574 3.812777 0.113305
Pedestrian -1 -1 -10 881.000000 153.000000 900.000000 196.000000 1.854138 0.596780 0.998425 13.494075 0.661571 33.440140 1.005247 0.017178
Pedestrian -1 -1 -10 1183.000000 146.000000 1214.000000 195.000000 1.751765 0.639222 0.706464 27.118691 0.201583 32.768644 0.727262 0.016745
Pedestrian -1 -1 -10 1171.000000 141.000000 1197.000000 202.000000 1.741913 0.627206 0.667903 9.894323 1.295059 12.392623 -0.323445 0.013257
Car -1 -1 -10 633.000000 168.000000 769.000000 216.000000 1.457540 1.643404 4.156074 3.162318 1.042611 23.082804 0.461315 0.999271
Car -1 -1 -10 -1.000000 204.000000 294.000000 365.000000 1.535810 1.613726 3.897465 -3.197607 1.671068 3.477684 -1.591759 0.977375
Cyclist -1 -1 -10 1189.000000 137.000000 1223.000000 237.000000 1.798832 0.543431 1.774350 10.038190 0.992814 11.784095 -1.294637 0.115202
Cyclist -1 -1 -10 1152.000000 136.000000 1207.000000 240.000000 1.792257 0.439547 1.705787 10.045986 1.006947 12.329459 -1.250499 0.034750
Cyclist -1 -1 -10 18.000000 199.000000 278.000000 360.000000 1.690447 0.634817 1.890767 -2.735778 1.721435 3.637504 1.631399 0.017752
Cyclist -1 -1 -10 1176.000000 141.000000 1219.000000 201.000000 1.691820 0.476093 1.526356 6.762939 0.694963 8.272338 -0.924767 0.016858
