Car -1 -1 -10 854.000000 168.000000 979.000000 215.000000 1.512624 1.591308 3.856330 9.922349 1.392527 23.443644 3.134958 0.998434
Car -1 -1 -10 1011.000000 158.000000 1163.000000 206.000000 1.445580 1.633344 4.076072 15.475685 1.151253 23.403287 3.167367 0.988932
Car -1 -1 -10 94.000000 180.000000 280.000000 250.000000 1.893799 1.758796 4.188673 -12.961544 2.324801 22.590616 -3.114507 0.632737
Car -1 -1 -10 237.000000 187.000000 327.000000 220.000000 1.458697 1.630734 3.867002 -13.965731 2.104010 32.162358 1.160639 0.378111
Car -1 -1 -10 1141.000000 159.000000 1241.000000 229.000000 1.444204 1.606693 3.990149 13.440291 1.216286 15.023773 -0.122854 0.084956
Car -1 -1 -10 1.000000 203.000000 29.000000 258.000000 1.459578 1.627230 3.917646 -20.590776 2.497592 22.658188 -3.203923 0.057274
Car -1 -1 -10 28.000000 198.000000 108.000000 232.000000 1.529567 1.558039 3.531574 -22.154558 3.002185 29.357036 1.417228 0.037889
Car -1 -1 -10 289.000000 183.000000 385.000000 213.000000 1.457895 1.544283 3.803145 -13.181098 2.134641 35.575454 1.814133 0.019561
Car -1 -1 -10 90.000000 192.000000 198.000000 228.000000 1.519589 1.563995 3.595179 -20.762212 2.364703 31.717948 0.645747 0.011215
Car -1 -1 -10 1197.000000 149.000000 1237.000000 244.000000 1.466818 1.551585 3.550704 12.590099 1.048498 14.377598 2.219629 0.010254
Cyclist -1 -1 -10 773.000000 172.000000 822.000000 210.000000 1.723339 0.601958 1.813428 6.892374 1.675954 26.212986 3.360979 0.017566
