Pedestrian -1 -1 -10 571.000000 146.000000 623.000000 307.000000 1.784815 0.688570 0.867116 -0.148171 1.414198 8.172925 1.028447 0.996046
Pedestrian -1 -1 -10 738.000000 138.000000 795.000000 300.000000 1.813984 0.682115 0.836949 1.894852 1.332620 8.460683 1.234143 0.995769
Pedestrian -1 -1 -10 688.000000 150.000000 739.000000 305.000000 1.752879 0.573450 0.794161 1.166595 1.407181 8.370053 1.293210 0.994144
Pedestrian -1 -1 -10 495.000000 149.000000 586.000000 368.000000 1.638783 0.548105 0.678197 -0.467209 1.503874 4.580532 0.849602 0.992750
Pedestrian -1 -1 -10 1113.000000 153.000000 1220.000000 367.000000 1.669245 0.527394 0.627902 3.231308 1.455411 3.995401 1.185207 0.986874
Pedestrian -1 -1 -10 959.000000 135.000000 1079.000000 368.000000 1.764419 0.729454 0.412876 2.488060 1.318067 4.386157 -1.042270 0.986296
Pedestrian -1 -1 -10 808.000000 131.000000 1093.000000 362.000000 1.697191 0.564984 0.582689 1.202026 1.396452 2.456229 1.486288 0.981820
Pedestrian -1 -1 -10 790.000000 158.000000 908.000000 370.000000 1.647870 0.495645 0.701419 1.161046 1.443850 3.450292 0.825071 0.978022
Pedestrian -1 -1 -10 862.000000 126.000000 988.000000 366.000000 1.700515 0.543443 0.614895 1.181539 1.405784 2.503506 0.840537 0.972063
Pedestrian -1 -1 -10 602.000000 140.000000 627.000000 211.000000 1.787120 0.574443 1.004247 0.245871 0.693834 19.442365 -2.585060 0.832229
Pedestrian -1 -1 -10 816.000000 133.000000 876.000000 260.000000 1.877067 0.720638 0.901119 2.932926 1.289480 8.678262 1.775042 0.824821
Pedestrian -1 -1 -10 615.000000 147.000000 636.000000 207.000000 1.737332 0.542949 0.734623 0.616960 0.829624 19.889830 0.657894 0.619982
Pedestrian -1 -1 -10 245.000000 135.000000 282.000000 254.000000 1.873595 0.604156 0.927133 -5.632692 1.101143 11.660746 0.047446 0.613482
Pedestrian -1 -1 -10 592.000000 141.000000 625.000000 252.000000 1.758673 0.587329 0.745171 -0.074308 1.036273 10.063865 0.113784 0.374982
Pedestrian -1 -1 -10 638.000000 145.000000 656.000000 198.000000 1.761907 0.595076 0.486764 1.318510 0.536603 21.940680 1.189439 0.254691
Pedestrian -1 -1 -10 236.000000 126.000000 265.000000 274.000000 1.715274 0.630611 0.647436 -4.639557 1.665826 9.156103 -2.565631 0.223363
Pedestrian -1 -1 -10 551.000000 145.000000 569.000000 195.000000 1.833437 0.619487 0.742951 -1.954305 0.446404 28.773781 2.783985 0.170736
Cyclist -1 -1 -10 535.000000 144.000000 560.000000 191.000000 1.737692 0.647533 1.618019 -2.632857 0.078944 31.513207 2.597771 0.467408
Cyclist -1 -1 -10 288.000000 151.000000 384.000000 212.000000 1.676002 0.554271 1.708707 -7.601295 1.055499 19.341276 -2.533304 0.433744
Cyclist -1 -1 -10 305.000000 147.000000 356.000000 203.000000 1.633738 0.468813 1.491892 -4.612450 1.006508 11.682403 -1.985713 0.272222
Cyclist -1 -1 -10 552.000000 144.000000 569.000000 195.000000 1.776902 0.592634 1.734552 -1.972997 0.322540 28.805911 -2.018279 0.164661
Cyclist -1 -1 -10 269.000000 146.000000 323.000000 217.000000 1.691160 0.548494 1.724548 -7.799189 0.624208 17.458932 -1.790010 0.113153
Cyclist -1 -1 -10 328.000000 150.000000 380.000000 201.000000 1.790439 0.468479 1.587643 -5.184434 0.997782 14.216439 -1.920502 0.102413
Cyclist -1 -1 -10 586.000000 143.000000 623.000000 207.000000 1.711032 0.512932 1.793075 0.188831 0.573661 19.482745 -1.583583 0.081250
Cyclist -1 -1 -10 244.000000 132.000000 285.000000 257.000000 1.695556 0.593251 1.713292 -5.773479 1.229999 11.658706 0.649276 0.052145
Cyclist -1 -1 -10 796.000000 155.000000 908.000000 369.000000 1.667754 0.676762 1.676869 1.382713 1.289184 3.400060 1.245015 0.042274
Cyclist -1 -1 -10 811.000000 140.000000 883.000000 285.000000 1.785756 0.615173 1.667238 3.155229 1.101596 9.057010 -0.280179 0.041984
Cyclist -1 -1 -10 427.000000 145.000000 451.000000 181.000000 1.722507 0.469773 1.578623 -8.737934 0.034061 36.870157 -1.817028 0.028484
Cyclist -1 -1 -10 495.000000 151.000000 592.000000 376.000000 1.685547 0.597429 1.666732 -0.422490 1.488880 4.591551 0.729760 0.011561
