Pedestrian -1 -1 -10 948.000000 139.000000 1066.000000 372.000000 1.666277 0.610777 0.848633 2.710905 1.401829 4.853861 2.175175 0.997712
Pedestrian -1 -1 -10 586.000000 162.000000 610.000000 234.000000 1.745811 0.634930 1.004847 -0.191808 1.248276 17.780202 -1.118528 0.996377
Pedestrian -1 -1 -10 1039.000000 117.000000 1126.000000 331.000000 1.807156 0.669621 1.044309 4.420298 1.253138 6.701644 -2.002569 0.993046
Pedestrian -1 -1 -10 501.000000 160.000000 534.000000 259.000000 1.751080 0.651945 0.981683 -1.668092 1.373401 13.646935 1.407975 0.992372
Pedestrian -1 -1 -10 470.000000 166.000000 506.000000 259.000000 1.809152 0.706746 0.913955 -2.139598 1.432404 13.562554 1.517646 0.986623
Pedestrian -1 -1 -10 634.000000 164.000000 658.000000 230.000000 1.803667 0.652242 0.812979 1.093746 1.174413 18.821012 -1.009374 0.964493
Pedestrian -1 -1 -10 143.000000 216.000000 264.000000 369.000000 1.684423 0.455689 0.511986 -2.818255 1.883054 5.079219 -2.117887 0.768270
Pedestrian -1 -1 -10 74.000000 235.000000 232.000000 373.000000 1.726114 0.647886 0.484615 -2.262533 2.009250 3.442148 -2.596939 0.540667
Pedestrian -1 -1 -10 672.000000 166.000000 694.000000 224.000000 1.727475 0.611762 0.792096 2.162451 1.209623 19.865752 -1.464746 0.317572
Pedestrian -1 -1 -10 614.000000 163.000000 631.000000 212.000000 1.728449 0.646545 0.916798 0.746895 0.988812 25.867373 -1.660649 0.287873
Pedestrian -1 -1 -10 1035.000000 125.000000 1087.000000 295.000000 1.781707 0.607450 0.770577 4.314121 1.142990 6.675279 0.506295 0.261209
Pedestrian -1 -1 -10 279.000000 215.000000 339.000000 315.000000 1.739542 0.580411 0.616146 -3.093973 1.949205 7.439919 1.696909 0.249988
Pedestrian -1 -1 -10 116.000000 211.000000 197.000000 345.000000 1.795084 0.621476 0.545707 -2.429587 1.904051 3.554801 -2.237175 0.247037
Pedestrian -1 -1 -10 173.000000 219.000000 249.000000 314.000000 1.768304 0.686531 0.660774 -3.573071 1.613964 6.839804 -1.642698 0.239655
Pedestrian -1 -1 -10 963.000000 150.000000 993.000000 230.000000 1.714892 0.550956 0.779561 6.055164 0.860791 11.802611 3.029210 0.226010
Pedestrian -1 -1 -10 1034.000000 143.000000 1065.000000 232.000000 1.802791 0.744715 0.556274 6.671704 1.124143 11.205834 2.051495 0.147433
Cyclist -1 -1 -10 696.000000 158.000000 736.000000 229.000000 1.846290 0.424859 1.644004 3.513289 1.154966 21.710021 -0.857176 0.293287
Cyclist -1 -1 -10 115.000000 223.000000 268.000000 368.000000 1.701431 0.512961 1.647451 -2.481473 1.803846 3.728271 1.653060 0.166114
Cyclist -1 -1 -10 68.000000 240.000000 215.000000 372.000000 1.703437 0.661442 1.735314 -2.350747 1.874634 3.543963 1.545514 0.084142
Cyclist -1 -1 -10 675.000000 165.000000 708.000000 225.000000 1.758071 0.598845 1.588752 2.449359 1.216449 21.209197 2.159267 0.062784
Cyclist -1 -1 -10 111.000000 213.000000 206.000000 339.000000 1.712878 0.578481 1.716414 -2.495105 1.693549 3.575784 -1.664173 0.017201
