Pedestrian -1 -1 -10 91.000000 167.000000 142.000000 274.000000 1.735003 0.598875 0.719810 -7.346674 1.453536 10.786625 -1.707117 0.070042
Car -1 -1 -10 272.000000 176.000000 414.000000 239.000000 1.524782 1.622276 3.798392 -6.998013 1.676234 19.298619 -3.050310 0.998246
Car -1 -1 -10 743.000000 189.000000 948.000000 331.000000 1.455279 1.580595 3.734888 2.986381 1.705361 9.678559 1.531475 0.992906
Car -1 -1 -10 344.000000 179.000000 475.000000 230.000000 1.545515 1.578184 3.791132 -5.987319 1.608080 22.935690 1.975449 0.979033
Car -1 -1 -10 642.000000 180.000000 679.000000 211.000000 1.461545 1.602868 3.885666 2.797035 1.859263 37.464507 -1.496017 0.965798
Car -1 -1 -10 0.000000 187.000000 163.000000 368.000000 1.494827 1.613995 3.800676 -6.209187 1.644297 6.400005 -3.198603 0.875751
Car -1 -1 -10 396.000000 179.000000 495.000000 222.000000 1.518380 1.598319 3.788459 -5.766912 1.847050 28.256652 -3.236492 0.550728
Car -1 -1 -10 434.000000 178.000000 520.000000 214.000000 1.536096 1.618864 3.884594 -6.519509 1.381644 33.565261 0.834435 0.107292
Car -1 -1 -10 -1.000000 195.000000 78.000000 373.000000 1.494882 1.605640 3.693325 -4.992193 1.449844 4.935396 -2.112807 0.043317
Car -1 -1 -10 858.000000 7.000000 1242.000000 369.000000 1.912152 1.722141 4.262874 2.908375 1.433678 3.483442 -1.575209 0.030267
Car -1 -1 -10 832.000000 183.000000 1044.000000 367.000000 1.546591 1.647164 3.954333 2.728215 1.655200 4.192217 1.554264 0.029789
Car -1 -1 -10 668.000000 181.000000 727.000000 216.000000 1.442610 1.435332 3.007264 3.036721 1.895895 22.572701 -2.137095 0.029491
Car -1 -1 -10 476.000000 177.000000 545.000000 205.000000 1.550072 1.595842 3.883242 -5.985933 1.544112 41.392183 0.009505 0.025736
Car -1 -1 -10 652.000000 181.000000 704.000000 211.000000 1.490182 1.596475 3.704633 2.616415 1.938860 37.262453 -1.536669 0.011921
Car -1 -1 -10 672.000000 171.000000 762.000000 227.000000 1.598646 1.646267 3.821765 2.507400 1.507350 21.123134 -1.596697 0.010600
Cyclist -1 -1 -10 73.000000 174.000000 150.000000 277.000000 1.762822 0.609666 1.496110 -8.521868 1.400158 12.197672 2.310797 0.169893
