Pedestrian -1 -1 -10 773.000000 176.000000 805.000000 271.000000 1.740649 0.670721 0.665750 3.065004 1.724442 12.442773 -1.257768 0.705311
Pedestrian -1 -1 -10 802.000000 167.000000 853.000000 303.000000 1.670193 0.669863 0.843692 2.788557 1.579517 9.131773 -1.255911 0.058756
Pedestrian -1 -1 -10 807.000000 176.000000 839.000000 213.000000 1.723097 0.585679 0.729180 2.377036 1.421179 8.701763 3.251660 0.022933
Pedestrian -1 -1 -10 805.000000 176.000000 845.000000 247.000000 1.728872 0.578861 0.734835 2.834506 1.254065 10.205776 3.268395 0.013620
Car -1 -1 -10 578.000000 180.000000 633.000000 217.000000 1.479008 1.613148 3.907909 -0.137375 1.859932 31.815050 1.787963 0.998947
Car -1 -1 -10 141.000000 193.000000 437.000000 367.000000 1.459835 1.554572 3.649451 -3.295909 1.770055 8.174511 1.645904 0.998084
Car -1 -1 -10 379.000000 174.000000 473.000000 217.000000 1.496856 1.585321 3.939504 -7.414373 1.631847 27.320940 -3.068090 0.969142
Car -1 -1 -10 605.000000 176.000000 652.000000 213.000000 1.610102 1.671451 4.119277 0.857176 1.921618 35.408889 1.787852 0.929509
Car -1 -1 -10 635.000000 178.000000 676.000000 205.000000 1.540982 1.569562 3.821916 3.085851 1.982725 44.991626 1.783113 0.629918
Car -1 -1 -10 756.000000 173.000000 786.000000 202.000000 1.465600 1.627236 3.928376 10.029245 1.815061 42.767388 -1.386438 0.606426
Car -1 -1 -10 950.000000 176.000000 1079.000000 219.000000 1.497316 1.566713 3.902330 12.537344 1.394303 22.960801 2.705809 0.074023
Car -1 -1 -10 832.000000 146.000000 950.000000 196.000000 2.028482 1.788151 4.293411 14.187656 1.046720 37.997554 0.037553 0.029952
Cyclist -1 -1 -10 797.000000 165.000000 864.000000 316.000000 1.792859 0.604761 1.841906 2.748422 1.755590 9.154099 -1.418145 0.999097
Cyclist -1 -1 -10 772.000000 176.000000 805.000000 272.000000 1.711346 0.566082 1.925800 3.040025 1.750930 12.471579 -1.442191 0.773336
Cyclist -1 -1 -10 805.000000 173.000000 840.000000 227.000000 1.764587 0.484607 1.504905 3.393828 1.346634 11.807625 -1.285276 0.016031
