Pedestrian -1 -1 -10 734.000000 164.000000 743.000000 191.000000 1.801802 0.603592 0.698505 9.080405 1.494081 50.737970 1.249692 0.264477
Car -1 -1 -10 652.000000 166.000000 700.000000 206.000000 1.647378 1.642158 3.952413 3.161074 1.472802 32.522308 1.764081 0.999332
Car -1 -1 -10 801.000000 176.000000 870.000000 239.000000 1.567856 1.593897 3.405855 6.239591 1.729804 19.255898 -1.373165 0.999180
Car -1 -1 -10 496.000000 174.000000 630.000000 270.000000 1.498593 1.590238 3.715363 -0.710524 1.553481 13.039270 -1.361062 0.998928
Car -1 -1 -10 128.000000 173.000000 511.000000 375.000000 1.527008 1.573689 3.717900 -2.121586 1.570698 6.222358 1.745923 0.997286
Car -1 -1 -10 892.000000 201.000000 1244.000000 374.000000 1.513257 1.561808 3.656992 3.138024 1.724338 5.328501 -1.396073 0.991249
Car -1 -1 -10 509.000000 163.000000 607.000000 228.000000 1.527718 1.627351 4.112316 -1.701600 0.702062 22.810096 -1.522686 0.975170
Car -1 -1 -10 679.000000 168.000000 713.000000 199.000000 1.529916 1.609372 3.839810 4.890090 1.429798 40.173000 -1.388217 0.949163
Car -1 -1 -10 5.000000 234.000000 165.000000 367.000000 1.516409 1.608023 3.873602 -3.004007 1.583921 1.484368 -1.529366 0.398889
Car -1 -1 -10 795.000000 176.000000 845.000000 224.000000 1.495471 1.574039 3.684078 6.998917 1.789683 24.449839 -1.356507 0.258867
Cyclist -1 -1 -10 733.000000 164.000000 744.000000 191.000000 1.749347 0.724774 1.746699 9.131530 1.396842 50.781654 2.423595 0.527538
