Car -1 -1 -10 674.000000 184.000000 742.000000 236.000000 1.443516 1.594614 3.684033 2.775959 1.760716 21.426291 -1.557283 0.998857
Car -1 -1 -10 277.000000 181.000000 480.000000 245.000000 1.541668 1.636672 4.184574 -5.767015 1.770812 18.971410 0.089023 0.997205
Car -1 -1 -10 760.000000 168.000000 1044.000000 372.000000 1.607295 1.580015 3.696367 2.785493 1.642299 7.802067 -1.604234 0.993868
Car -1 -1 -10 -2.000000 179.000000 269.000000 335.000000 1.526112 1.625531 4.020159 -6.292039 1.619265 9.209308 0.414625 0.985543
Car -1 -1 -10 728.000000 175.000000 823.000000 221.000000 1.515799 1.641117 3.766510 6.187836 1.708168 26.611613 0.043996 0.971080
Car -1 -1 -10 354.000000 178.000000 495.000000 225.000000 1.537983 1.587061 4.210406 -6.348887 1.732115 23.906345 0.108792 0.966915
Car -1 -1 -10 409.000000 179.000000 510.000000 215.000000 1.544309 1.589628 3.755270 -6.230463 1.744500 31.558455 -2.930269 0.760026
Car -1 -1 -10 45.000000 165.000000 325.000000 283.000000 1.543370 1.623444 3.847741 -6.800077 1.417368 11.447921 -3.166662 0.327697
Car -1 -1 -10 189.000000 188.000000 389.000000 264.000000 1.541567 1.647657 4.160723 -7.275249 1.789643 14.714343 -3.134753 0.290165
Car -1 -1 -10 679.000000 174.000000 726.000000 204.000000 1.534311 1.571426 3.852732 5.533590 1.756043 40.684523 2.216673 0.217168
