Pedestrian -1 -1 -10 656.000000 168.000000 676.000000 218.000000 1.770045 0.565862 0.618097 1.804819 1.395274 22.297406 3.088297 0.307559
Pedestrian -1 -1 -10 117.000000 176.000000 142.000000 227.000000 1.762369 0.664623 0.920687 -16.022352 1.899221 24.271053 -1.200872 0.100414
Pedestrian -1 -1 -10 667.000000 165.000000 699.000000 224.000000 1.762925 0.591554 0.621362 2.152770 1.561468 21.928710 3.173383 0.091041
Pedestrian -1 -1 -10 403.000000 176.000000 426.000000 212.000000 1.728265 0.611595 0.631666 -5.928069 1.636695 21.709783 0.249554 0.049807
Pedestrian -1 -1 -10 2.000000 186.000000 19.000000 229.000000 1.717383 0.579721 0.735285 -6.193387 1.612194 7.104303 2.266237 0.010071
Car -1 -1 -10 397.000000 174.000000 521.000000 266.000000 1.601747 1.662058 4.051613 -2.936594 1.633519 14.795878 -1.597453 0.998751
Car -1 -1 -10 587.000000 171.000000 613.000000 198.000000 1.601226 1.673658 3.985561 -0.782277 1.495509 46.977479 -1.598985 0.996362
Car -1 -1 -10 189.000000 186.000000 292.000000 236.000000 1.565619 1.657924 4.034923 -12.540302 2.056946 25.039691 1.548291 0.994193
Cyclist -1 -1 -10 667.000000 161.000000 731.000000 223.000000 1.761165 0.494547 1.739337 2.492058 1.428496 20.793112 -2.482421 0.999580
Cyclist -1 -1 -10 662.000000 165.000000 701.000000 220.000000 1.696789 0.511369 1.787946 2.025963 1.388756 22.104430 1.559951 0.861539
Cyclist -1 -1 -10 656.000000 168.000000 677.000000 217.000000 1.733414 0.540316 1.776935 1.867145 1.375258 22.374546 1.257200 0.677353
Cyclist -1 -1 -10 674.000000 168.000000 709.000000 203.000000 1.698044 0.494969 1.691897 2.661442 1.190253 23.499738 -1.504915 0.017964
Cyclist -1 -1 -10 403.000000 177.000000 430.000000 214.000000 1.680399 0.520071 1.664804 -5.873634 1.294226 21.843780 -1.220666 0.012735
Cyclist -1 -1 -10 662.000000 168.000000 673.000000 209.000000 1.695589 0.516261 1.510760 1.868668 1.343652 24.305797 1.241563 0.010547
