Pedestrian -1 -1 -10 770.000000 154.000000 810.000000 261.000000 1.837403 0.638294 0.845046 3.175083 1.328524 12.005018 1.718911 0.855462
Pedestrian -1 -1 -10 504.000000 162.000000 522.000000 213.000000 1.821430 0.660126 0.801858 -3.504353 1.148281 28.057967 1.551613 0.469180
Pedestrian -1 -1 -10 1150.000000 128.000000 1236.000000 328.000000 1.582089 0.543293 0.653891 5.660394 0.916231 6.417342 -0.870276 0.422921
Pedestrian -1 -1 -10 597.000000 163.000000 609.000000 193.000000 1.766757 0.712662 0.802300 -0.031288 0.466130 42.692368 -1.660900 0.230026
Pedestrian -1 -1 -10 614.000000 164.000000 623.000000 194.000000 1.818596 0.547957 0.608018 1.041863 0.614394 43.114171 1.623526 0.183959
Pedestrian -1 -1 -10 559.000000 163.000000 576.000000 196.000000 1.729095 0.499648 0.612152 -2.092946 0.683643 43.362626 2.523163 0.056033
Pedestrian -1 -1 -10 604.000000 164.000000 614.000000 193.000000 1.691016 0.605019 0.505603 0.242125 0.509385 44.600081 1.691776 0.033807
Pedestrian -1 -1 -10 568.000000 163.000000 577.000000 189.000000 1.746495 0.544705 0.780663 -0.372487 0.942110 4.465370 2.972270 0.031993
Pedestrian -1 -1 -10 1079.000000 150.000000 1232.000000 301.000000 1.621347 0.478905 0.426732 5.295552 1.030963 7.603055 1.679871 0.028102
Pedestrian -1 -1 -10 537.000000 169.000000 561.000000 202.000000 1.848570 0.686166 0.847795 -3.308408 0.988540 38.612256 -2.063391 0.024613
Pedestrian -1 -1 -10 576.000000 163.000000 584.000000 190.000000 1.748400 0.641827 0.882125 -1.526988 0.517148 53.595278 3.054249 0.017742
Pedestrian -1 -1 -10 426.000000 154.000000 442.000000 200.000000 1.776165 0.679478 0.763583 -6.305553 1.564981 27.343890 -1.257914 0.017665
Pedestrian -1 -1 -10 495.000000 165.000000 527.000000 221.000000 1.824557 0.658111 0.799379 -3.499608 1.156263 28.048702 1.543763 0.017617
Car -1 -1 -10 471.000000 174.000000 582.000000 263.000000 1.543569 1.660894 4.049005 -1.280478 1.405906 13.950734 1.605643 0.999346
Car -1 -1 -10 1042.000000 154.000000 1228.000000 248.000000 1.589976 1.608556 3.973483 6.865530 0.829140 10.372491 3.165406 0.089340
Car -1 -1 -10 1136.000000 140.000000 1238.000000 314.000000 1.517461 1.522489 3.336427 6.275142 1.286804 7.075923 2.807201 0.014705
Cyclist -1 -1 -10 1141.000000 138.000000 1236.000000 330.000000 1.697391 0.494719 1.481713 5.887936 0.821365 6.697188 -0.921825 0.256410
Cyclist -1 -1 -10 769.000000 156.000000 812.000000 262.000000 1.664862 0.643491 1.694627 3.180005 0.928883 12.177820 1.042464 0.087649
Cyclist -1 -1 -10 557.000000 163.000000 574.000000 201.000000 1.679590 0.481225 1.647709 -2.198423 0.594247 43.530718 -1.903369 0.064803
Cyclist -1 -1 -10 497.000000 165.000000 523.000000 215.000000 1.674078 0.462983 1.480695 -1.747862 1.002291 13.490372 -1.733491 0.061242
Cyclist -1 -1 -10 535.000000 167.000000 568.000000 206.000000 1.680686 0.563431 1.631454 -3.128232 0.641010 40.234413 0.031417 0.052982
Cyclist -1 -1 -10 1052.000000 153.000000 1232.000000 294.000000 1.683108 0.581105 1.619591 5.748839 1.117593 8.100656 3.176925 0.020130
