Car -1 -1 -10 555.000000 178.000000 608.000000 227.000000 1.512170 1.616732 3.578009 -0.912560 1.310654 25.711145 -1.589354 0.999472
Car -1 -1 -10 414.000000 175.000000 515.000000 250.000000 1.557779 1.654859 3.947654 -3.334325 1.438423 17.920720 -1.606626 0.999228
Car -1 -1 -10 353.000000 181.000000 421.000000 223.000000 1.484246 1.616549 3.789995 -8.364222 1.378781 27.464916 -1.576790 0.999033
Car -1 -1 -10 158.000000 176.000000 329.000000 260.000000 1.532044 1.625786 3.901462 -7.856450 1.400204 15.821316 -1.586454 0.995188
Car -1 -1 -10 485.000000 182.000000 533.000000 218.000000 1.516175 1.608497 3.784200 -4.355034 1.326472 31.380498 -1.608074 0.982346
Car -1 -1 -10 316.000000 180.000000 365.000000 212.000000 1.534731 1.613741 3.769514 -12.812336 1.306651 35.315059 1.624757 0.979285
Car -1 -1 -10 147.000000 180.000000 272.000000 237.000000 1.470987 1.603167 3.802231 -12.742797 1.400453 22.581073 -1.522562 0.624602
Car -1 -1 -10 -6.000000 218.000000 198.000000 374.000000 1.524266 1.609084 3.717987 -3.096712 1.539213 2.522979 -1.631951 0.613427
Car -1 -1 -10 0.000000 200.000000 34.000000 268.000000 1.511897 1.612859 3.844937 -12.715702 1.827751 12.983563 -1.591554 0.035109
Car -1 -1 -10 3.000000 200.000000 93.000000 370.000000 1.544865 1.602154 3.730634 -3.319373 1.424696 2.733078 -1.781204 0.024678
