Pedestrian -1 -1 -10 572.000000 170.000000 583.000000 199.000000 1.825357 0.638012 0.778376 -1.869718 1.055041 46.026783 2.016264 0.211934
Pedestrian -1 -1 -10 509.000000 170.000000 522.000000 203.000000 1.741600 0.624825 0.605694 -5.858452 1.304884 44.884543 -1.179032 0.207511
Pedestrian -1 -1 -10 587.000000 167.000000 602.000000 196.000000 1.784654 0.633285 1.051086 -0.725152 1.013046 47.693472 -2.024527 0.103395
Pedestrian -1 -1 -10 456.000000 172.000000 469.000000 205.000000 1.831027 0.527665 0.899759 -9.163148 1.489899 44.549779 -3.305755 0.084860
Pedestrian -1 -1 -10 575.000000 168.000000 599.000000 198.000000 1.747396 0.562804 0.978103 -1.728435 0.939492 46.391983 3.068795 0.020543
Car -1 -1 -10 518.000000 176.000000 555.000000 203.000000 1.499819 1.639467 3.659184 -3.852514 1.268455 40.080679 -1.631502 0.996244
Car -1 -1 -10 918.000000 148.000000 1042.000000 191.000000 1.521553 1.608849 4.064093 13.905139 0.325877 26.207468 3.109582 0.967429
Cyclist -1 -1 -10 388.000000 177.000000 411.000000 216.000000 1.731626 0.455338 1.741114 -10.456709 1.660191 36.219623 -1.560149 0.965521
Cyclist -1 -1 -10 635.000000 168.000000 668.000000 196.000000 1.737831 0.640385 1.746077 2.897399 0.966262 45.124215 0.035083 0.906671
Cyclist -1 -1 -10 578.000000 169.000000 609.000000 197.000000 1.734520 0.757666 1.801521 -0.816654 0.935381 47.943636 0.004178 0.253429
Cyclist -1 -1 -10 586.000000 168.000000 601.000000 195.000000 1.727804 0.676625 1.751987 -0.738853 0.902882 47.839417 2.705311 0.119488
Cyclist -1 -1 -10 508.000000 171.000000 522.000000 203.000000 1.689115 0.515166 1.659059 -5.711114 1.815182 42.590562 -1.562135 0.030936
Cyclist -1 -1 -10 571.000000 170.000000 591.000000 199.000000 1.762420 0.489931 1.633707 -1.735861 0.897523 46.633830 -1.051113 0.023696
