Pedestrian -1 -1 -10 674.000000 167.000000 689.000000 210.000000 1.799402 0.666905 0.884632 3.213469 1.589352 31.972126 1.141091 0.971011
Car -1 -1 -10 0.000000 190.000000 266.000000 349.000000 1.488640 1.611132 3.802268 -5.843661 1.739536 8.989090 1.533679 0.999013
Car -1 -1 -10 465.000000 178.000000 518.000000 209.000000 1.418054 1.538029 3.694541 -5.906514 1.755295 35.086856 1.080008 0.998772
Car -1 -1 -10 821.000000 184.000000 1248.000000 375.000000 1.471653 1.578156 3.711706 2.992615 1.600192 5.557957 -1.657990 0.996823
Car -1 -1 -10 341.000000 179.000000 414.000000 206.000000 1.491828 1.592083 4.044526 -13.439459 1.860317 41.503624 0.354275 0.990483
Car -1 -1 -10 73.000000 181.000000 174.000000 234.000000 1.546600 1.613818 3.904845 -17.803572 1.790063 27.093369 -1.717900 0.694945
Car -1 -1 -10 145.000000 179.000000 239.000000 254.000000 1.436745 1.525727 3.598802 -7.132044 1.588926 12.140434 1.598164 0.275359
Car -1 -1 -10 672.000000 171.000000 691.000000 197.000000 1.449342 1.561982 3.449315 1.755874 1.265759 18.755085 2.550212 0.066384
Car -1 -1 -10 26.000000 186.000000 205.000000 254.000000 1.579751 1.624524 3.943441 -16.006135 2.108085 25.526951 0.315955 0.013383
Car -1 -1 -10 110.000000 183.000000 269.000000 286.000000 1.509256 1.551087 3.495093 -7.084282 1.546341 10.848079 1.051057 0.010340
Cyclist -1 -1 -10 674.000000 170.000000 691.000000 206.000000 1.795208 0.564209 1.733194 3.165139 1.613207 31.846372 1.125781 0.010599
