Pedestrian -1 -1 -10 828.000000 164.000000 847.000000 216.000000 1.720418 0.621498 0.632428 7.445038 1.453500 23.756714 -1.706742 0.300074
Pedestrian -1 -1 -10 855.000000 166.000000 871.000000 217.000000 1.718896 0.546852 0.641112 8.203990 1.434194 23.558254 -1.750580 0.253103
Pedestrian -1 -1 -10 738.000000 169.000000 751.000000 204.000000 1.713397 0.626284 0.795470 6.685872 1.605683 35.556328 -1.498925 0.062524
Pedestrian -1 -1 -10 1160.000000 158.000000 1241.000000 331.000000 1.574623 0.509161 0.641353 4.464926 1.395426 5.092496 1.678474 0.040605
Car -1 -1 -10 1135.000000 167.000000 1238.000000 201.000000 1.502975 1.525506 3.377694 42.559401 2.001302 52.017428 2.221314 0.010848
Cyclist -1 -1 -10 799.000000 160.000000 835.000000 227.000000 1.766755 0.520356 1.793246 5.519068 1.487821 19.487607 -1.595821 0.998725
Cyclist -1 -1 -10 1157.000000 141.000000 1241.000000 371.000000 1.827525 0.430388 1.688558 4.597309 1.673400 5.479256 -0.277226 0.975270
Cyclist -1 -1 -10 826.000000 166.000000 847.000000 219.000000 1.700592 0.524672 1.634688 7.458152 1.611288 24.178908 -1.801577 0.266921
Cyclist -1 -1 -10 738.000000 169.000000 752.000000 205.000000 1.726061 0.461860 1.638462 6.623220 1.606099 35.942064 -1.582790 0.175078
Cyclist -1 -1 -10 1169.000000 159.000000 1240.000000 256.000000 1.639942 0.467119 1.534859 6.303457 1.185833 7.836270 -0.939958 0.016908
