Pedestrian -1 -1 -10 987.000000 125.000000 1052.000000 294.000000 1.880294 0.746535 1.074347 4.788934 1.294019 8.422946 -1.039569 0.997647
Pedestrian -1 -1 -10 1049.000000 126.000000 1123.000000 302.000000 1.769542 0.669465 0.895503 5.201700 1.242784 8.003622 -1.411815 0.985711
Pedestrian -1 -1 -10 1006.000000 176.000000 1237.000000 371.000000 1.754081 0.638191 0.942789 2.596127 1.883693 3.258975 -1.430331 0.395615
Pedestrian -1 -1 -10 986.000000 140.000000 1032.000000 245.000000 1.796247 0.523097 0.694068 6.419176 1.382337 11.965418 0.657812 0.116563
Pedestrian -1 -1 -10 987.000000 153.000000 1013.000000 223.000000 1.740306 0.659339 0.578895 19.388190 0.724437 36.113305 -1.017114 0.033733
Pedestrian -1 -1 -10 1011.000000 132.000000 1085.000000 272.000000 1.770899 0.621916 0.802614 6.514617 1.961673 10.958266 -1.406597 0.014371
Car -1 -1 -10 0.000000 205.000000 120.000000 246.000000 1.450825 1.541347 3.795400 -20.553745 2.638737 26.495487 -3.123725 0.976258
Car -1 -1 -10 839.000000 169.000000 931.000000 209.000000 1.509509 1.578872 3.867087 10.118077 1.396667 27.358136 3.149026 0.964501
Car -1 -1 -10 1002.000000 202.000000 1246.000000 371.000000 1.466192 1.603769 3.762886 2.994740 1.680980 2.060908 -1.619144 0.875121
Car -1 -1 -10 180.000000 178.000000 337.000000 236.000000 1.902145 1.774296 4.178234 -12.729977 2.304216 26.616494 -3.084055 0.299068
Car -1 -1 -10 284.000000 184.000000 363.000000 212.000000 1.566716 1.610938 3.883155 -14.014067 2.177923 36.015865 0.836607 0.062831
Car -1 -1 -10 949.000000 164.000000 1051.000000 207.000000 1.510704 1.630569 3.924907 14.910180 1.365928 27.403198 3.083113 0.053757
Car -1 -1 -10 0.000000 213.000000 52.000000 270.000000 1.528690 1.552477 3.475459 -16.751167 3.208432 21.455477 -2.257667 0.032123
Car -1 -1 -10 1063.000000 160.000000 1191.000000 211.000000 1.458930 1.554901 3.636015 13.276801 1.045683 18.620959 1.681437 0.023226
Car -1 -1 -10 165.000000 192.000000 246.000000 219.000000 1.481345 1.594046 3.796211 -20.019784 2.392181 36.050899 2.148248 0.021780
Cyclist -1 -1 -10 983.000000 155.000000 1017.000000 217.000000 1.678825 0.681640 1.706246 19.389097 0.694074 36.250004 2.072577 0.126445
Cyclist -1 -1 -10 1004.000000 166.000000 1236.000000 372.000000 1.757708 0.655281 1.739620 2.551417 1.885079 2.948921 1.622834 0.076528
Cyclist -1 -1 -10 1051.000000 126.000000 1148.000000 319.000000 1.825045 0.536559 1.712392 5.207862 1.364875 8.123331 -1.570250 0.030516
Cyclist -1 -1 -10 974.000000 150.000000 1042.000000 215.000000 1.697031 0.481972 1.444754 8.586516 1.435431 16.424639 -1.099646 0.015378
