Car -1 -1 -10 571.000000 181.000000 604.000000 210.000000 1.522431 1.636474 3.812854 -1.165777 1.347876 41.330035 -1.594125 0.999650
Car -1 -1 -10 168.000000 183.000000 322.000000 254.000000 1.498149 1.622549 3.753930 -8.141371 1.528713 16.775750 -1.624766 0.989955
Car -1 -1 -10 -1.000000 206.000000 314.000000 373.000000 1.440388 1.663004 4.215001 -4.814198 1.679926 7.046101 -1.589307 0.982542
Car -1 -1 -10 290.000000 187.000000 369.000000 237.000000 1.513973 1.630074 3.887182 -8.893540 1.555671 22.161837 -1.552899 0.978952
Car -1 -1 -10 467.000000 186.000000 524.000000 223.000000 1.479182 1.604109 3.913451 -4.796426 1.491619 31.777191 -1.581309 0.892344
Car -1 -1 -10 68.000000 180.000000 202.000000 265.000000 1.517536 1.644559 3.896599 -11.532915 1.399770 18.472907 -1.612935 0.507551
Car -1 -1 -10 15.000000 183.000000 218.000000 304.000000 1.460479 1.584511 3.714155 -4.839270 1.650748 6.096445 1.635234 0.187568
Car -1 -1 -10 112.000000 184.000000 252.000000 256.000000 1.531551 1.558292 3.755481 -10.858187 1.489800 17.420745 1.754814 0.085737
Car -1 -1 -10 328.000000 191.000000 402.000000 235.000000 1.442766 1.619269 3.859093 -8.373045 1.574756 22.280708 1.560443 0.084790
Car -1 -1 -10 495.000000 184.000000 536.000000 210.000000 1.530286 1.522754 3.575162 -5.566258 1.302774 42.749918 -1.556263 0.066237
Car -1 -1 -10 243.000000 182.000000 326.000000 227.000000 1.547129 1.577892 3.575026 -9.773430 1.439904 21.618231 -1.903313 0.012590
