Car -1 -1 -10 511.000000 176.000000 562.000000 209.000000 1.529881 1.647440 3.793595 -3.366549 1.645944 34.109950 1.619193 0.999537
Car -1 -1 -10 0.000000 195.000000 321.000000 374.000000 1.459066 1.604062 3.971603 -4.576066 1.778348 7.605484 1.561489 0.999172
Car -1 -1 -10 715.000000 172.000000 784.000000 224.000000 1.530305 1.609668 3.745650 4.564153 1.595569 24.070331 -1.581627 0.989578
Car -1 -1 -10 737.000000 178.000000 816.000000 241.000000 1.473705 1.632240 3.876631 4.292275 1.639321 18.266922 -1.519162 0.988866
Car -1 -1 -10 702.000000 172.000000 750.000000 211.000000 1.497676 1.604413 3.777900 4.768584 1.533564 29.156902 -1.515305 0.835136
Car -1 -1 -10 766.000000 157.000000 972.000000 287.000000 1.719373 1.695561 4.330406 4.008023 1.540252 11.945376 -1.553435 0.818406
Car -1 -1 -10 537.000000 175.000000 574.000000 203.000000 1.490465 1.560472 3.657735 -2.767723 1.986931 38.298642 1.528306 0.584824
Car -1 -1 -10 695.000000 172.000000 729.000000 204.000000 1.504650 1.595020 3.713974 4.938114 1.500381 34.560614 -1.536128 0.557743
Car -1 -1 -10 175.000000 194.000000 314.000000 292.000000 1.485390 1.590239 3.733096 -6.272996 1.250153 12.915358 -1.354416 0.206826
Cyclist -1 -1 -10 175.000000 194.000000 314.000000 292.000000 1.725649 0.501035 1.517590 -4.504187 1.330775 8.713650 -2.053614 0.014807
