Pedestrian -1 -1 -10 615.000000 140.000000 665.000000 264.000000 1.780279 0.713490 0.853087 0.459141 1.213529 10.580501 1.136245 0.998767
Pedestrian -1 -1 -10 672.000000 135.000000 720.000000 262.000000 1.817513 0.625865 1.034474 1.261285 1.150116 10.751920 1.210540 0.998425
Pedestrian -1 -1 -10 558.000000 138.000000 596.000000 237.000000 1.820276 0.719996 0.824691 -0.555785 1.055895 13.372538 1.634562 0.995201
Pedestrian -1 -1 -10 585.000000 142.000000 624.000000 235.000000 1.723577 0.543859 0.501169 -0.058845 0.962227 13.595065 1.442397 0.991240
Pedestrian -1 -1 -10 504.000000 138.000000 541.000000 229.000000 1.820714 0.707476 0.910274 -1.712957 0.984636 14.598036 1.932175 0.987870
Pedestrian -1 -1 -10 1080.000000 138.000000 1221.000000 367.000000 1.648890 0.503078 0.670540 3.075570 1.390720 3.755034 1.116536 0.966409
Pedestrian -1 -1 -10 484.000000 145.000000 519.000000 229.000000 1.737707 0.593508 0.882106 -2.174947 1.100310 14.671926 0.370530 0.901145
Pedestrian -1 -1 -10 450.000000 140.000000 482.000000 235.000000 1.750176 0.763165 0.843670 -2.519641 1.024702 13.044378 1.252981 0.853534
Pedestrian -1 -1 -10 543.000000 145.000000 569.000000 231.000000 1.707441 0.644877 0.694494 -1.097136 1.086047 14.498830 -1.610003 0.623976
Pedestrian -1 -1 -10 528.000000 139.000000 556.000000 205.000000 1.805770 0.612849 0.729736 -1.859119 0.613602 19.811423 1.399063 0.477962
Pedestrian -1 -1 -10 279.000000 134.000000 309.000000 232.000000 1.705730 0.637387 0.631260 -6.002689 1.350845 13.926775 -2.500939 0.435465
Pedestrian -1 -1 -10 503.000000 141.000000 526.000000 211.000000 1.815732 0.675456 0.675472 -2.716151 0.752650 19.610325 1.910623 0.319467
Pedestrian -1 -1 -10 640.000000 141.000000 666.000000 225.000000 1.798498 0.623938 0.609660 0.956090 0.844186 14.656667 2.831636 0.305861
Pedestrian -1 -1 -10 599.000000 141.000000 622.000000 213.000000 1.761020 0.598873 0.684128 -0.053188 0.578839 19.975124 1.636081 0.275258
Cyclist -1 -1 -10 446.000000 140.000000 484.000000 253.000000 1.826843 0.677102 1.825892 -2.518234 1.133201 12.749575 1.538908 0.587164
Cyclist -1 -1 -10 279.000000 138.000000 321.000000 226.000000 1.888411 0.424820 1.650623 -7.958004 0.779402 17.942689 1.213051 0.439119
Cyclist -1 -1 -10 392.000000 149.000000 443.000000 204.000000 1.785582 0.506611 1.549909 -6.042228 0.547178 22.911039 -1.125862 0.410533
Cyclist -1 -1 -10 402.000000 144.000000 428.000000 195.000000 1.755307 0.542387 1.686159 -7.017455 0.412164 25.506231 -2.016301 0.237886
Cyclist -1 -1 -10 291.000000 150.000000 350.000000 211.000000 1.714519 0.484562 1.529826 -4.312154 0.631330 10.468681 -2.000217 0.224278
Cyclist -1 -1 -10 312.000000 151.000000 371.000000 204.000000 1.746982 0.510102 1.498557 -6.462980 1.420919 16.595363 -1.945620 0.159449
Cyclist -1 -1 -10 329.000000 151.000000 405.000000 204.000000 1.705917 0.481554 1.545002 -3.594925 0.607777 10.276929 -1.946944 0.100025
Cyclist -1 -1 -10 410.000000 149.000000 468.000000 219.000000 1.730785 0.538707 1.500852 -4.528890 1.336888 18.275967 -1.851281 0.069102
Cyclist -1 -1 -10 491.000000 145.000000 513.000000 201.000000 1.691954 0.537069 1.642329 -2.694698 0.088985 19.666223 -1.714938 0.025074
Cyclist -1 -1 -10 482.000000 145.000000 516.000000 229.000000 1.759066 0.520530 1.678137 -2.160453 0.954388 14.664710 1.817117 0.023113
Cyclist -1 -1 -10 487.000000 141.000000 505.000000 195.000000 1.684262 0.715843 1.679932 -5.560070 -0.244760 36.878662 0.871113 0.022047
Cyclist -1 -1 -10 600.000000 140.000000 620.000000 204.000000 1.739739 0.704144 1.733054 -0.266701 0.418369 20.070306 0.454231 0.013098
Cyclist -1 -1 -10 1080.000000 135.000000 1220.000000 368.000000 1.693347 0.600098 1.673770 3.050003 1.335699 3.576629 1.415004 0.010688
