Pedestrian -1 -1 -10 83.000000 166.000000 110.000000 210.000000 1.774788 0.536562 1.015310 -21.270892 1.642897 29.700983 -0.005607 0.274335
Pedestrian -1 -1 -10 68.000000 168.000000 91.000000 211.000000 1.776210 0.647864 0.858399 -21.301719 1.636249 29.228713 -0.579263 0.265793
Pedestrian -1 -1 -10 94.000000 168.000000 120.000000 208.000000 1.817062 0.631937 0.836464 -21.690117 1.674204 30.733374 0.550642 0.142516
Pedestrian -1 -1 -10 596.000000 166.000000 605.000000 198.000000 1.822941 0.721759 0.752570 -0.606880 1.409179 41.092516 3.011822 0.115681
Pedestrian -1 -1 -10 594.000000 167.000000 614.000000 196.000000 1.807447 0.641264 0.788205 -0.579801 1.321065 40.886059 3.038733 0.023177
Pedestrian -1 -1 -10 592.000000 166.000000 601.000000 196.000000 1.773948 0.653586 0.633051 -0.752216 2.411064 44.438312 -2.131372 0.023063
Car -1 -1 -10 622.000000 168.000000 678.000000 193.000000 1.513079 1.719356 4.087397 2.685536 1.212624 46.702254 -2.071633 0.968191
Car -1 -1 -10 541.000000 160.000000 596.000000 196.000000 1.538188 1.612329 3.810475 -2.724412 1.380949 44.260417 1.026810 0.331753
Car -1 -1 -10 590.000000 167.000000 626.000000 195.000000 1.522082 1.654993 3.756147 -0.191789 1.306396 46.363487 -2.058123 0.294113
Car -1 -1 -10 -2.000000 173.000000 59.000000 222.000000 1.524138 1.597998 3.693688 -19.076617 1.441638 24.008447 -2.193885 0.044332
Car -1 -1 -10 596.000000 167.000000 612.000000 197.000000 1.515532 1.572731 3.774024 -0.504859 1.528426 46.298098 1.190718 0.012197
Cyclist -1 -1 -10 79.000000 167.000000 109.000000 210.000000 1.742194 0.583265 1.744652 -21.331259 1.598340 29.407447 -1.747260 0.134548
Cyclist -1 -1 -10 69.000000 166.000000 97.000000 211.000000 1.718362 0.563535 1.718813 -21.397087 1.650129 29.362733 -2.216341 0.029379
