Car -1 -1 -10 659.000000 182.000000 718.000000 227.000000 1.433622 1.599552 3.865479 2.621760 1.763286 25.006784 -1.587235 0.998703
Car -1 -1 -10 179.000000 200.000000 419.000000 341.000000 1.459595 1.570232 3.674293 -3.836932 1.884912 9.567775 1.586201 0.997728
Car -1 -1 -10 838.000000 166.000000 1048.000000 231.000000 1.535966 1.675108 4.256001 8.025098 1.465798 17.917534 3.126900 0.997402
Car -1 -1 -10 403.000000 185.000000 481.000000 233.000000 1.534609 1.621608 3.995460 -6.516830 2.176294 27.728299 1.770624 0.991654
Car -1 -1 -10 476.000000 185.000000 515.000000 213.000000 1.551445 1.624803 3.942454 -6.566211 2.263989 40.321417 1.553421 0.978956
Car -1 -1 -10 0.000000 220.000000 174.000000 373.000000 1.523332 1.655080 4.041707 -3.599558 1.725152 2.707289 1.514573 0.599391
Car -1 -1 -10 764.000000 166.000000 882.000000 211.000000 1.598068 1.657458 4.127108 8.022680 1.421214 27.428177 3.028604 0.257668
Car -1 -1 -10 812.000000 164.000000 952.000000 221.000000 1.613107 1.612092 3.935717 7.785608 1.353268 21.115484 3.124931 0.237871
Car -1 -1 -10 300.000000 197.000000 412.000000 259.000000 1.463326 1.610979 3.794555 -6.281862 2.217281 18.509416 -1.675160 0.119768
Car -1 -1 -10 950.000000 157.000000 1069.000000 192.000000 1.529490 1.613283 3.961476 20.989389 0.915452 37.826784 -0.065261 0.097324
Car -1 -1 -10 394.000000 198.000000 452.000000 235.000000 1.460498 1.600801 4.158853 -6.492457 2.246142 26.393714 1.406429 0.073005
Car -1 -1 -10 1012.000000 151.000000 1136.000000 188.000000 1.675530 1.639141 3.774657 21.808924 0.869546 33.697170 -0.035626 0.041534
