Pedestrian -1 -1 -10 444.000000 168.000000 461.000000 200.000000 1.790474 0.771257 0.835277 -7.754765 1.374971 35.476652 -1.401989 0.047588
Pedestrian -1 -1 -10 515.000000 174.000000 552.000000 220.000000 1.732883 0.635742 0.603637 -2.528211 2.200079 21.325847 -1.128080 0.012152
Car -1 -1 -10 642.000000 176.000000 675.000000 205.000000 1.531311 1.633622 3.886222 2.802209 1.785360 40.214315 1.663459 0.999376
Car -1 -1 -10 403.000000 170.000000 521.000000 261.000000 1.601694 1.651028 3.926663 -2.893124 1.613161 15.308347 1.577692 0.998008
Car -1 -1 -10 740.000000 195.000000 1008.000000 367.000000 1.510672 1.562746 3.560517 2.523593 1.761941 7.836923 -1.520199 0.997925
Car -1 -1 -10 2.000000 171.000000 257.000000 305.000000 1.480811 1.647651 4.134181 -7.262727 1.519575 9.036130 -3.167294 0.993432
Car -1 -1 -10 900.000000 194.000000 1246.000000 372.000000 1.499789 1.587314 3.758627 2.567634 1.565770 2.222476 -1.594236 0.951171
Car -1 -1 -10 500.000000 175.000000 559.000000 223.000000 1.451294 1.587698 3.842904 -2.869866 1.642612 22.741108 -1.471132 0.074868
Car -1 -1 -10 496.000000 172.000000 563.000000 281.000000 1.601729 1.548856 3.471019 -0.952372 1.582089 11.566020 -0.566961 0.014473
Cyclist -1 -1 -10 497.000000 168.000000 562.000000 301.000000 1.807710 0.661759 1.830368 -1.152334 1.707705 10.403544 1.676717 0.999180
Cyclist -1 -1 -10 498.000000 174.000000 561.000000 233.000000 1.736721 0.632539 1.743595 -2.485199 1.794032 21.918866 -1.187503 0.348865
Cyclist -1 -1 -10 520.000000 172.000000 554.000000 220.000000 1.723776 0.567648 1.732427 -2.511207 1.875293 21.928970 -1.108324 0.036163
Cyclist -1 -1 -10 898.000000 196.000000 1241.000000 374.000000 1.755960 0.792791 1.861472 1.930591 1.696397 2.605868 1.386093 0.015134
Cyclist -1 -1 -10 406.000000 169.000000 524.000000 265.000000 1.729193 0.707293 1.787105 -2.756669 1.717222 14.105593 2.398454 0.013323
