Pedestrian -1 -1 -10 811.000000 167.000000 831.000000 218.000000 1.771520 0.553498 0.942170 11.202289 1.445471 37.706128 -0.849274 0.034745
Car -1 -1 -10 506.000000 178.000000 548.000000 209.000000 1.521707 1.545920 3.535882 -4.106823 1.771880 35.912827 1.658112 0.999544
Car -1 -1 -10 794.000000 183.000000 1025.000000 315.000000 1.500493 1.623347 3.781700 3.734962 1.623909 9.713516 -1.562049 0.999503
Car -1 -1 -10 305.000000 186.000000 447.000000 272.000000 1.521139 1.589427 3.782088 -4.609851 1.833045 14.697922 1.596557 0.999235
Car -1 -1 -10 54.000000 190.000000 354.000000 356.000000 1.495756 1.605692 3.783024 -4.685542 1.819409 8.971269 1.570663 0.998855
Car -1 -1 -10 396.000000 184.000000 488.000000 242.000000 1.449913 1.646455 4.056487 -4.632062 1.798601 19.871238 1.571851 0.998781
Car -1 -1 -10 731.000000 179.000000 861.000000 262.000000 1.487641 1.662117 4.030853 3.637331 1.666229 14.898388 -1.677509 0.997020
Car -1 -1 -10 709.000000 177.000000 786.000000 238.000000 1.471535 1.592917 3.813013 3.829755 1.648123 20.084188 -1.536112 0.996988
Car -1 -1 -10 960.000000 188.000000 1237.000000 373.000000 1.535677 1.637322 3.835642 3.781244 1.732267 4.145037 -1.561586 0.972869
Car -1 -1 -10 698.000000 176.000000 754.000000 222.000000 1.542738 1.625679 3.768013 4.096726 1.719263 25.601103 -1.542055 0.965417
Car -1 -1 -10 527.000000 176.000000 561.000000 205.000000 1.583872 1.655030 4.125100 -3.835555 1.764968 40.883379 1.648827 0.926040
Car -1 -1 -10 688.000000 176.000000 730.000000 214.000000 1.548871 1.613180 3.817595 4.210523 1.727284 31.128539 -1.547065 0.709397
Car -1 -1 -10 1067.000000 171.000000 1191.000000 219.000000 1.508455 1.632538 3.785605 19.032466 1.412004 25.190645 -0.061545 0.521930
Car -1 -1 -10 924.000000 171.000000 989.000000 206.000000 1.547756 1.641132 4.000514 13.162905 0.891585 30.702020 -1.791586 0.244881
