Pedestrian -1 -1 -10 763.000000 153.000000 782.000000 229.000000 1.733509 0.757117 0.780580 4.985813 1.087286 22.462038 -0.872692 0.123140
Pedestrian -1 -1 -10 768.000000 158.000000 801.000000 223.000000 1.808719 0.715548 0.855191 5.303454 1.233475 22.117547 -0.909907 0.021715
Car -1 -1 -10 221.000000 186.000000 380.000000 282.000000 1.547762 1.567485 3.651791 -5.786067 1.879616 13.987198 1.581564 0.999346
Car -1 -1 -10 335.000000 188.000000 438.000000 248.000000 1.525682 1.546941 3.675741 -5.774098 1.893606 19.084343 1.493474 0.996277
Car -1 -1 -10 775.000000 177.000000 1081.000000 360.000000 1.494936 1.603096 3.765859 3.047238 1.565731 7.888850 -1.614740 0.994362
Car -1 -1 -10 719.000000 176.000000 868.000000 272.000000 1.516703 1.575370 3.468722 3.103757 1.603932 13.181114 -1.674604 0.992308
Car -1 -1 -10 700.000000 177.000000 785.000000 236.000000 1.426163 1.572348 3.803093 3.388140 1.529681 18.968517 -1.559012 0.988493
Car -1 -1 -10 847.000000 170.000000 940.000000 209.000000 1.512667 1.585100 3.854931 11.589869 1.301982 29.511851 1.423124 0.021485
Car -1 -1 -10 3.000000 199.000000 162.000000 263.000000 1.473295 1.597589 3.880904 -15.730356 2.044379 20.616642 1.473581 0.013778
Cyclist -1 -1 -10 852.000000 174.000000 870.000000 223.000000 1.662840 0.657036 1.744386 8.012559 1.348818 23.223152 -0.751985 0.015099
