Pedestrian -1 -1 -10 816.000000 146.000000 854.000000 249.000000 1.815559 0.735053 0.921582 4.743139 1.209253 15.160705 -1.302021 0.939486
Pedestrian -1 -1 -10 852.000000 144.000000 886.000000 243.000000 1.686775 0.658325 0.855839 5.249038 1.114898 14.811653 -0.710705 0.507491
Pedestrian -1 -1 -10 770.000000 165.000000 918.000000 262.000000 1.828161 0.627793 0.833337 4.070898 1.574677 12.784965 1.358192 0.016671
Pedestrian -1 -1 -10 837.000000 148.000000 868.000000 249.000000 1.733072 0.735995 0.593634 4.995673 1.020547 15.025557 2.029138 0.010290
Pedestrian -1 -1 -10 1037.000000 147.000000 1058.000000 192.000000 1.740985 0.521041 0.622160 14.488135 0.926285 23.867307 2.606564 0.010259
Car -1 -1 -10 58.000000 194.000000 298.000000 324.000000 1.509231 1.558831 3.580289 -5.945932 1.876292 10.466379 1.547310 0.997518
Car -1 -1 -10 748.000000 180.000000 938.000000 302.000000 1.461201 1.609911 3.807854 3.149246 1.571298 10.493104 -1.578960 0.997175
Car -1 -1 -10 841.000000 185.000000 1232.000000 372.000000 1.476945 1.593181 3.744559 2.979414 1.585122 4.707259 -1.665095 0.990410
Car -1 -1 -10 289.000000 173.000000 409.000000 222.000000 1.852823 1.747311 4.102752 -12.299800 2.074000 34.891623 -3.082563 0.900268
Car -1 -1 -10 1.000000 209.000000 95.000000 374.000000 1.512859 1.597944 3.783157 -6.121807 1.849602 5.651328 1.563494 0.832336
Car -1 -1 -10 156.000000 193.000000 244.000000 226.000000 1.488923 1.604114 3.867754 -20.019734 2.146593 34.793216 -3.151766 0.089505
Car -1 -1 -10 1024.000000 155.000000 1129.000000 187.000000 1.523066 1.539611 3.582864 20.429530 0.578934 32.252026 2.604919 0.073773
Car -1 -1 -10 780.000000 164.000000 904.000000 268.000000 1.557833 1.600159 3.842633 5.621412 0.973540 16.213753 1.905631 0.019490
Cyclist -1 -1 -10 802.000000 159.000000 865.000000 236.000000 1.703153 0.607634 1.608306 9.879109 1.254055 34.686865 -1.256755 0.577083
Cyclist -1 -1 -10 770.000000 165.000000 918.000000 262.000000 1.939717 0.569046 1.611699 5.043233 1.297237 15.634395 -1.872804 0.276690
Cyclist -1 -1 -10 811.000000 164.000000 835.000000 232.000000 1.659945 0.566794 1.640644 4.703689 1.005061 15.527237 1.365500 0.038915
Cyclist -1 -1 -10 847.000000 147.000000 891.000000 243.000000 1.749055 0.626682 1.725382 5.311457 1.091779 14.893043 -0.572275 0.029385
