Pedestrian -1 -1 -10 786.000000 133.000000 897.000000 371.000000 1.702472 0.565734 0.703367 1.304736 1.408989 4.101327 0.966380 0.998776
Pedestrian -1 -1 -10 1042.000000 128.000000 1173.000000 370.000000 1.690106 0.611323 0.647439 3.179712 1.350020 4.504233 1.285034 0.998561
Pedestrian -1 -1 -10 939.000000 150.000000 1049.000000 367.000000 1.705964 0.541934 0.631352 2.421327 1.501915 4.488971 1.133674 0.997480
Pedestrian -1 -1 -10 636.000000 144.000000 656.000000 201.000000 1.819131 0.646383 0.506830 1.266566 0.564549 22.016832 2.135730 0.948413
Pedestrian -1 -1 -10 418.000000 141.000000 449.000000 213.000000 1.744120 0.592963 0.746953 -2.290623 1.041084 8.805951 2.743814 0.773064
Pedestrian -1 -1 -10 1152.000000 108.000000 1221.000000 368.000000 1.791050 0.638102 0.835159 3.811356 1.403583 4.566126 1.205366 0.693021
Pedestrian -1 -1 -10 372.000000 136.000000 398.000000 197.000000 1.749857 0.623694 0.663070 -7.001108 0.468083 22.400685 0.797458 0.376559
Pedestrian -1 -1 -10 303.000000 139.000000 343.000000 225.000000 1.709364 0.694381 0.676561 -5.288479 1.687825 13.595140 2.194700 0.273112
Pedestrian -1 -1 -10 351.000000 139.000000 377.000000 199.000000 1.709265 0.530581 0.554771 -7.492971 0.472288 21.719489 1.126358 0.192327
Pedestrian -1 -1 -10 967.000000 149.000000 1131.000000 370.000000 1.693049 0.527937 0.618416 2.967885 1.502374 4.562983 1.036237 0.119644
Pedestrian -1 -1 -10 552.000000 144.000000 564.000000 185.000000 1.743930 0.569180 0.736118 -0.748614 0.646655 8.261090 2.952463 0.101310
Pedestrian -1 -1 -10 431.000000 142.000000 452.000000 198.000000 1.726483 0.560937 0.717119 -5.173286 0.709406 22.446609 0.286470 0.080042
Pedestrian -1 -1 -10 416.000000 141.000000 436.000000 189.000000 1.751358 0.608465 0.680191 -10.227217 0.003657 39.342973 -1.645378 0.047200
Pedestrian -1 -1 -10 361.000000 141.000000 388.000000 201.000000 1.751582 0.534394 0.917040 -7.294761 0.389117 22.007659 0.361509 0.038317
Cyclist -1 -1 -10 299.000000 141.000000 344.000000 226.000000 1.736882 0.760218 1.746611 -6.354529 1.288676 16.053812 -2.838870 0.786985
Cyclist -1 -1 -10 411.000000 143.000000 462.000000 216.000000 1.707300 0.523600 1.559515 -4.275768 1.405480 16.859820 -1.844236 0.634623
Cyclist -1 -1 -10 342.000000 142.000000 376.000000 211.000000 1.709873 0.565574 1.649317 -7.562192 0.293987 21.849142 -1.933171 0.330026
Cyclist -1 -1 -10 311.000000 141.000000 378.000000 220.000000 1.632031 0.489139 1.730035 -6.271626 1.179261 16.834421 -1.898618 0.185933
Cyclist -1 -1 -10 329.000000 144.000000 352.000000 205.000000 1.670099 0.632956 1.667596 -7.853336 0.222989 21.202146 2.299551 0.179642
Cyclist -1 -1 -10 369.000000 137.000000 399.000000 202.000000 1.673936 0.633930 1.680890 -7.262664 0.003020 22.263245 1.863852 0.163175
Cyclist -1 -1 -10 426.000000 141.000000 453.000000 205.000000 1.756591 0.571157 1.704400 -5.332607 0.672347 22.401958 -1.226095 0.132803
Cyclist -1 -1 -10 418.000000 143.000000 443.000000 207.000000 1.743320 0.670680 1.690530 -5.450864 0.161963 22.015068 -1.688160 0.130968
Cyclist -1 -1 -10 362.000000 141.000000 386.000000 202.000000 1.675583 0.439838 1.616348 -7.413096 0.039867 22.062344 -1.402725 0.098299
Cyclist -1 -1 -10 268.000000 146.000000 313.000000 199.000000 1.741496 0.497691 1.515837 -5.301977 0.783023 11.769806 -2.040951 0.061474
Cyclist -1 -1 -10 1150.000000 105.000000 1222.000000 363.000000 1.708738 0.487885 1.749156 3.775634 1.313751 4.543421 2.746522 0.020845
Cyclist -1 -1 -10 415.000000 140.000000 433.000000 190.000000 1.696279 0.603728 1.625601 -10.425270 -0.118457 39.921259 -1.888642 0.016462
