Car -1 -1 -10 642.000000 186.000000 699.000000 225.000000 1.409882 1.587271 3.673398 2.326603 1.964075 28.117797 -1.697826 0.997164
Car -1 -1 -10 820.000000 183.000000 1001.000000 253.000000 1.492742 1.560693 3.733230 6.464819 1.700402 15.721187 -2.047689 0.993385
Car -1 -1 -10 304.000000 189.000000 465.000000 239.000000 1.500609 1.658645 4.002600 -6.984031 2.169825 23.844485 -3.225760 0.971669
Car -1 -1 -10 -3.000000 198.000000 259.000000 337.000000 1.507793 1.608858 3.827038 -6.642484 1.860145 9.168995 -3.179994 0.823071
Car -1 -1 -10 250.000000 190.000000 413.000000 253.000000 1.467517 1.642277 3.971884 -6.374032 1.919346 17.897126 1.642648 0.697445
Car -1 -1 -10 376.000000 188.000000 488.000000 226.000000 1.498757 1.545286 3.877822 -7.086778 2.296228 30.627160 -3.094519 0.692402
Car -1 -1 -10 621.000000 184.000000 666.000000 215.000000 1.529434 1.617732 3.983386 1.642226 2.082944 37.768345 -1.629311 0.588461
Car -1 -1 -10 4.000000 200.000000 134.000000 370.000000 1.547458 1.653680 4.049738 -7.200928 1.811965 7.107434 -3.188949 0.575564
Car -1 -1 -10 82.000000 175.000000 402.000000 283.000000 1.683183 1.717210 4.149141 -6.369118 1.670908 11.715976 -3.109700 0.357675
Car -1 -1 -10 434.000000 189.000000 521.000000 215.000000 1.531836 1.667950 3.967947 -6.869783 2.683921 41.241443 -0.049479 0.101715
