Pedestrian -1 -1 -10 270.000000 158.000000 316.000000 283.000000 1.793572 0.695990 0.741183 -4.717051 1.478742 10.862670 -1.882371 0.996989
Pedestrian -1 -1 -10 1084.000000 44.000000 1123.000000 180.000000 1.709718 0.630987 0.649535 7.050791 0.247824 10.458403 -1.478270 0.808034
Pedestrian -1 -1 -10 436.000000 184.000000 478.000000 276.000000 1.661930 0.734670 0.974032 -2.219701 1.710486 10.680485 -1.279090 0.385093
Pedestrian -1 -1 -10 394.000000 188.000000 439.000000 274.000000 1.667576 0.766330 0.801501 -2.860273 1.670970 10.562894 -1.341430 0.158667
Pedestrian -1 -1 -10 452.000000 184.000000 477.000000 241.000000 1.743783 0.665131 0.721005 -5.391675 1.632523 25.932632 -2.368267 0.061487
Pedestrian -1 -1 -10 397.000000 190.000000 428.000000 245.000000 1.751820 0.560071 0.701051 -5.683325 1.698826 19.989150 0.380735 0.058780
Pedestrian -1 -1 -10 1099.000000 67.000000 1155.000000 182.000000 1.782308 0.695382 0.728859 6.421026 0.754228 8.972158 0.683356 0.058751
Pedestrian -1 -1 -10 411.000000 188.000000 468.000000 269.000000 1.732345 0.653495 0.846056 -2.487057 1.651527 11.027208 -0.201073 0.036606
Pedestrian -1 -1 -10 1121.000000 85.000000 1167.000000 174.000000 1.775918 0.531640 0.745928 7.261743 1.107545 9.796896 3.709098 0.034226
Pedestrian -1 -1 -10 427.000000 189.000000 458.000000 246.000000 1.669251 0.575530 0.581748 -5.427584 1.496528 23.342942 -2.346527 0.030374
Car -1 -1 -10 771.000000 138.000000 1102.000000 360.000000 1.850893 1.652032 3.794206 3.204425 1.530797 7.581469 -1.607591 0.992869
Car -1 -1 -10 3.000000 221.000000 160.000000 368.000000 1.466079 1.582268 3.812350 -6.271037 1.807291 7.266870 1.539511 0.010616
Cyclist -1 -1 -10 374.000000 191.000000 425.000000 239.000000 1.637016 0.544632 1.752754 -5.722387 1.546081 19.321575 1.325504 0.013209
Cyclist -1 -1 -10 392.000000 190.000000 440.000000 271.000000 1.747002 0.672789 1.715181 -2.813530 1.695836 10.706889 -1.244564 0.012098
