Pedestrian -1 -1 -10 728.000000 153.000000 739.000000 209.000000 1.792483 0.682960 0.641842 5.223689 1.168700 30.429896 -1.695347 0.196498
Pedestrian -1 -1 -10 742.000000 156.000000 755.000000 207.000000 1.787921 0.681473 0.869560 5.701849 1.057419 29.916600 -1.536548 0.185547
Car -1 -1 -10 391.000000 177.000000 468.000000 229.000000 1.574795 1.556323 3.638682 -5.762361 1.711414 23.168339 1.562188 0.998761
Car -1 -1 -10 777.000000 173.000000 1074.000000 346.000000 1.517007 1.632798 4.015470 3.256733 1.536859 8.488515 -1.623428 0.998726
Car -1 -1 -10 695.000000 172.000000 798.000000 239.000000 1.464449 1.574953 3.696553 3.087054 1.451265 17.079801 -1.605863 0.997244
Car -1 -1 -10 -2.000000 195.000000 289.000000 370.000000 1.508416 1.609921 3.841735 -5.519374 1.850291 8.373827 1.659093 0.988777
Car -1 -1 -10 1004.000000 187.000000 1242.000000 373.000000 1.532287 1.614207 3.743611 3.219920 1.654514 2.660832 1.580094 0.972496
Car -1 -1 -10 433.000000 175.000000 493.000000 216.000000 1.482629 1.544076 3.717543 -5.660793 1.667115 28.180884 1.525433 0.953490
Car -1 -1 -10 677.000000 170.000000 746.000000 217.000000 1.515842 1.564389 3.558994 3.116539 1.484848 22.494402 -1.648355 0.872619
Car -1 -1 -10 95.000000 177.000000 240.000000 227.000000 1.526639 1.584770 3.776354 -14.862773 1.450210 24.639405 -0.133614 0.186373
Car -1 -1 -10 678.000000 172.000000 717.000000 207.000000 1.541311 1.568298 3.685938 2.908613 1.547234 31.050982 1.703721 0.031465
Car -1 -1 -10 798.000000 160.000000 877.000000 193.000000 1.471769 1.648469 4.040926 12.326639 0.757579 37.714871 1.820264 0.019046
Car -1 -1 -10 162.000000 181.000000 266.000000 222.000000 1.521091 1.578724 3.980329 -15.062167 1.500964 24.679080 -0.068800 0.018498
