Car -1 -1 -10 632.000000 178.000000 700.000000 229.000000 1.404227 1.609910 3.870982 1.743399 1.670824 23.153150 -1.634961 0.999233
Car -1 -1 -10 614.000000 174.000000 652.000000 205.000000 1.516931 1.602941 3.930722 1.136454 1.682258 38.448858 -1.579500 0.980501
Car -1 -1 -10 856.000000 172.000000 1238.000000 354.000000 1.510664 1.631672 4.077110 5.521382 1.680802 7.937265 -0.020450 0.947994
Car -1 -1 -10 185.000000 182.000000 448.000000 248.000000 1.491302 1.636444 4.273010 -7.208734 1.761303 17.455870 -3.055451 0.815201
Car -1 -1 -10 1074.000000 203.000000 1241.000000 371.000000 1.488121 1.641866 4.049379 5.802316 1.660730 4.930251 3.172738 0.668844
Car -1 -1 -10 439.000000 179.000000 497.000000 210.000000 1.531114 1.521635 3.554950 -7.755943 1.795966 40.887554 1.456742 0.621593
Car -1 -1 -10 1.000000 179.000000 108.000000 369.000000 1.537037 1.622444 4.110320 -7.060439 1.695929 6.389318 -3.279759 0.543693
Car -1 -1 -10 318.000000 182.000000 450.000000 260.000000 1.537303 1.624526 3.899961 -6.682371 1.802058 18.210049 -3.117421 0.049060
Car -1 -1 -10 892.000000 168.000000 1171.000000 281.000000 1.532653 1.590128 3.820835 5.516060 1.467567 10.118361 -0.046097 0.016383
Car -1 -1 -10 304.000000 181.000000 413.000000 232.000000 1.502761 1.593491 3.895159 -8.303530 1.403522 23.267746 1.681189 0.013368
Car -1 -1 -10 389.000000 181.000000 483.000000 214.000000 1.837465 1.689633 4.219511 -7.611348 1.990315 31.596608 -0.188791 0.011241
Cyclist -1 -1 -10 369.000000 178.000000 442.000000 289.000000 1.736195 0.597799 1.771489 -3.284167 1.802749 11.753845 1.543432 0.999464
Cyclist -1 -1 -10 399.000000 186.000000 447.000000 232.000000 1.796382 0.613899 1.339728 -6.282223 1.928501 23.851533 0.754752 0.131027
Cyclist -1 -1 -10 293.000000 182.000000 432.000000 243.000000 1.697167 0.696880 1.817004 -5.948901 1.729545 17.081908 0.160099 0.079584
