Pedestrian -1 -1 -10 673.000000 168.000000 702.000000 255.000000 1.683529 0.550330 0.734119 1.642855 1.439607 14.144708 1.548712 0.994806
Pedestrian -1 -1 -10 707.000000 167.000000 741.000000 256.000000 1.772649 0.708737 0.987592 2.406973 1.416132 14.394850 1.704710 0.956591
Pedestrian -1 -1 -10 429.000000 171.000000 462.000000 261.000000 1.699409 0.638766 0.947862 -3.046313 1.442978 13.912014 -1.725954 0.901959
Pedestrian -1 -1 -10 749.000000 165.000000 769.000000 208.000000 1.735557 0.659978 0.884394 5.950960 1.034089 27.162282 1.815990 0.061617
Cyclist -1 -1 -10 579.000000 168.000000 613.000000 223.000000 1.770322 0.618462 1.829538 -0.169619 1.389537 23.987151 1.799959 0.998971
Cyclist -1 -1 -10 606.000000 173.000000 636.000000 212.000000 1.703833 0.582128 1.700752 0.755418 1.315286 31.132166 1.078340 0.968584
Cyclist -1 -1 -10 565.000000 169.000000 588.000000 214.000000 1.744976 0.601744 1.785744 -1.165481 1.327832 31.360863 1.215058 0.963992
Cyclist -1 -1 -10 706.000000 167.000000 741.000000 254.000000 1.841361 0.562200 1.746036 2.400997 1.475003 14.404524 1.646617 0.817769
Cyclist -1 -1 -10 522.000000 172.000000 548.000000 213.000000 1.788416 0.538314 1.766641 -2.867720 1.327905 30.056491 -1.664056 0.695278
Cyclist -1 -1 -10 426.000000 171.000000 463.000000 261.000000 1.821919 0.588354 1.732138 -3.185471 1.534564 13.956509 -1.871071 0.270124
Cyclist -1 -1 -10 716.000000 167.000000 762.000000 234.000000 1.690032 0.587408 1.683507 3.732483 1.733525 19.003878 -0.861418 0.114488
Cyclist -1 -1 -10 820.000000 186.000000 902.000000 341.000000 1.634079 0.511952 1.731630 2.340066 1.680174 6.015480 -1.060124 0.114310
Cyclist -1 -1 -10 732.000000 164.000000 773.000000 221.000000 1.721642 0.486021 1.768939 5.640163 1.072668 26.944345 2.648735 0.038290
Cyclist -1 -1 -10 727.000000 167.000000 747.000000 222.000000 1.677603 0.672606 1.749949 4.935497 0.950098 26.594819 3.302336 0.014408
