Car -1 -1 -10 343.000000 185.000000 467.000000 261.000000 1.529482 1.611543 3.771564 -4.516409 1.841433 16.419469 1.600117 0.999516
Car -1 -1 -10 534.000000 178.000000 569.000000 204.000000 1.508844 1.590122 3.575050 -3.509004 1.815527 43.338756 1.669104 0.998538
Car -1 -1 -10 424.000000 184.000000 507.000000 236.000000 1.444318 1.584324 3.815043 -4.367064 1.856201 22.137602 1.603503 0.998301
Car -1 -1 -10 774.000000 187.000000 967.000000 297.000000 1.474297 1.631622 3.860757 3.893419 1.724711 11.594061 -1.544413 0.996993
Car -1 -1 -10 882.000000 184.000000 1238.000000 373.000000 1.536129 1.600683 3.622567 3.858290 1.692215 6.409003 -1.613505 0.996034
Car -1 -1 -10 702.000000 179.000000 779.000000 233.000000 1.467594 1.632125 3.878618 3.981136 1.721498 22.234837 -1.568472 0.995867
Car -1 -1 -10 734.000000 181.000000 834.000000 253.000000 1.506297 1.633826 3.846729 3.970736 1.705521 17.134198 -1.535148 0.995217
Car -1 -1 -10 467.000000 183.000000 529.000000 224.000000 1.443672 1.628057 3.957378 -4.285931 1.821506 27.380316 1.586260 0.993112
Car -1 -1 -10 691.000000 178.000000 740.000000 219.000000 1.489813 1.575366 3.378003 4.747748 1.998292 30.911384 -1.529956 0.957085
Car -1 -1 -10 687.000000 177.000000 722.000000 209.000000 1.527968 1.601563 3.769664 5.462653 1.747807 37.041576 -0.732219 0.229771
Car -1 -1 -10 971.000000 178.000000 1086.000000 218.000000 1.528475 1.659195 3.889274 15.454063 1.544033 26.266213 -1.681593 0.057064
Cyclist -1 -1 -10 960.000000 183.000000 1071.000000 225.000000 1.691831 0.708122 1.838494 11.776337 1.688373 22.282382 1.540572 0.025746
