Pedestrian -1 -1 -10 752.000000 175.000000 775.000000 255.000000 1.704809 0.615092 0.610485 3.140494 1.521668 15.240981 -1.923919 0.419890
Pedestrian -1 -1 -10 761.000000 167.000000 800.000000 272.000000 1.689493 0.742894 0.816658 2.817541 1.576659 12.115349 -1.339482 0.202733
Pedestrian -1 -1 -10 765.000000 171.000000 790.000000 201.000000 1.705730 0.637387 0.631260 10.961638 1.414222 47.560354 -1.859200 0.030154
Pedestrian -1 -1 -10 762.000000 174.000000 793.000000 223.000000 1.819281 0.539265 0.685956 2.859197 1.411516 13.152224 0.789428 0.022673
Pedestrian -1 -1 -10 775.000000 169.000000 798.000000 235.000000 1.763480 0.656020 0.522376 3.572546 1.796714 13.972518 -1.984413 0.011747
Car -1 -1 -10 389.000000 189.000000 524.000000 279.000000 1.478734 1.548056 3.650238 -2.868878 1.861940 14.238088 1.699901 0.999366
Car -1 -1 -10 609.000000 180.000000 656.000000 211.000000 1.461230 1.601809 3.912885 1.229402 1.885705 37.872536 1.824456 0.996917
Car -1 -1 -10 628.000000 177.000000 674.000000 208.000000 1.436678 1.575262 3.824513 1.761201 2.197616 38.990096 2.002442 0.787791
Car -1 -1 -10 466.000000 176.000000 521.000000 213.000000 1.542830 1.587583 3.847859 -5.896149 1.778107 33.771842 -2.977063 0.123308
Cyclist -1 -1 -10 758.000000 165.000000 801.000000 277.000000 1.772710 0.603127 1.893642 2.777350 1.728466 12.066119 -1.417293 0.995324
Cyclist -1 -1 -10 747.000000 173.000000 779.000000 253.000000 1.682315 0.461464 1.732649 3.284458 1.688638 15.662828 -1.602522 0.615670
Cyclist -1 -1 -10 762.000000 172.000000 788.000000 248.000000 1.709628 0.555659 1.631856 3.299216 1.961331 15.499330 -1.369130 0.014724
Cyclist -1 -1 -10 775.000000 169.000000 798.000000 235.000000 1.616489 0.302471 1.353650 4.125921 1.775098 15.934115 -1.292998 0.010206
