Pedestrian -1 -1 -10 655.000000 170.000000 680.000000 217.000000 1.745458 0.696296 0.754778 1.940124 1.734948 26.474574 3.095610 0.026363
Pedestrian -1 -1 -10 440.000000 182.000000 451.000000 222.000000 1.754533 0.604240 0.628623 -6.020109 1.958203 25.836355 0.389050 0.025406
Car -1 -1 -10 446.000000 178.000000 535.000000 248.000000 1.559239 1.636135 3.982705 -2.976349 1.739749 18.879929 -1.582894 0.998781
Car -1 -1 -10 585.000000 176.000000 612.000000 202.000000 1.525861 1.603827 3.797788 -0.705716 1.832638 46.642583 -1.545208 0.994600
Car -1 -1 -10 293.000000 187.000000 362.000000 223.000000 1.502692 1.655571 4.025420 -12.714553 2.241077 33.116036 1.526707 0.993480
Car -1 -1 -10 -1.000000 195.000000 205.000000 300.000000 1.472562 1.656748 4.062701 -9.802084 2.023462 13.781485 1.531867 0.990266
Cyclist -1 -1 -10 653.000000 166.000000 705.000000 219.000000 1.747861 0.530852 1.697289 2.464422 1.546973 24.941972 -2.557045 0.999090
Cyclist -1 -1 -10 650.000000 170.000000 681.000000 215.000000 1.696821 0.481974 1.783652 1.956166 1.501108 26.240232 1.155259 0.485538
Cyclist -1 -1 -10 171.000000 194.000000 206.000000 230.000000 1.682492 0.514796 1.661483 -16.182214 2.129487 27.906716 -2.599267 0.114228
Cyclist -1 -1 -10 650.000000 172.000000 666.000000 211.000000 1.710263 0.497589 1.670051 1.888434 1.455249 27.099521 2.000413 0.075038
Cyclist -1 -1 -10 668.000000 169.000000 694.000000 209.000000 1.708428 0.507442 1.743376 2.385759 1.452490 24.815659 -2.014465 0.016004
