Pedestrian -1 -1 -10 1.000000 167.000000 39.000000 336.000000 1.807015 0.600747 0.834852 -6.886508 1.634416 8.346387 0.289170 0.093434
Car -1 -1 -10 229.000000 176.000000 396.000000 247.000000 1.491210 1.589842 3.617995 -7.006472 1.633724 17.429996 -3.058532 0.997439
Car -1 -1 -10 779.000000 192.000000 1078.000000 375.000000 1.496711 1.582249 3.773477 2.960608 1.731784 7.761753 1.544101 0.996953
Car -1 -1 -10 644.000000 179.000000 681.000000 212.000000 1.480371 1.602421 3.863937 2.825352 1.811966 35.440121 -1.397947 0.995778
Car -1 -1 -10 295.000000 178.000000 467.000000 236.000000 1.580246 1.569501 3.857992 -6.409981 1.635107 20.707576 -0.232576 0.983856
Car -1 -1 -10 363.000000 179.000000 496.000000 224.000000 1.498360 1.613908 3.876023 -5.653939 1.848429 27.252518 1.766427 0.815879
Car -1 -1 -10 945.000000 75.000000 1223.000000 374.000000 1.627113 1.601997 3.789495 2.780501 1.302509 2.122987 1.579055 0.241691
Car -1 -1 -10 421.000000 178.000000 514.000000 215.000000 1.561216 1.550704 3.676030 -5.967347 1.430649 35.194056 1.292241 0.187507
Car -1 -1 -10 936.000000 186.000000 1096.000000 375.000000 1.570358 1.632121 3.946802 2.771268 1.354577 2.260384 -1.603738 0.035343
Car -1 -1 -10 672.000000 174.000000 760.000000 225.000000 1.462517 1.482883 3.211435 3.501050 1.827092 21.446503 0.741040 0.018891
Car -1 -1 -10 458.000000 178.000000 541.000000 207.000000 1.555130 1.586951 3.761972 -5.643234 1.737922 39.473491 -3.171395 0.013590
Car -1 -1 -10 674.000000 135.000000 797.000000 250.000000 2.190133 1.772570 4.369256 2.852130 1.614232 17.619458 -1.576975 0.012819
