Car -1 -1 -10 214.000000 196.000000 386.000000 289.000000 1.548462 1.608042 3.888950 -5.767000 2.043298 13.984700 1.593237 0.999623
Car -1 -1 -10 807.000000 153.000000 931.000000 199.000000 1.553729 1.625418 3.977738 9.390941 0.941816 26.077904 3.169724 0.998326
Car -1 -1 -10 337.000000 193.000000 439.000000 255.000000 1.514055 1.592041 3.864620 -5.820011 2.039292 19.338878 1.581060 0.996585
Car -1 -1 -10 391.000000 190.000000 472.000000 238.000000 1.481208 1.596740 3.825683 -5.872254 2.088826 24.054685 1.557357 0.994262
Car -1 -1 -10 663.000000 175.000000 711.000000 209.000000 1.544345 1.620662 3.889047 3.392644 1.579471 32.011184 1.564366 0.970577
Car -1 -1 -10 438.000000 187.000000 501.000000 223.000000 1.453511 1.587575 3.812513 -5.750378 2.039102 30.087914 1.590217 0.969629
Car -1 -1 -10 482.000000 184.000000 524.000000 215.000000 1.536057 1.640843 4.000929 -5.717736 2.045891 37.796028 1.613228 0.957084
Car -1 -1 -10 746.000000 160.000000 850.000000 196.000000 1.538918 1.612254 3.990821 8.324852 1.233817 31.962522 2.929898 0.479923
Car -1 -1 -10 1120.000000 132.000000 1242.000000 176.000000 1.548358 1.596863 3.882389 21.834879 0.112502 28.514342 1.756551 0.148936
Car -1 -1 -10 650.000000 175.000000 692.000000 203.000000 1.559033 1.623575 3.645229 3.823202 1.667414 42.675326 -0.007659 0.134517
