Pedestrian -1 -1 -10 852.000000 160.000000 862.000000 190.000000 1.748214 0.712892 0.772984 15.664775 0.948308 45.907203 -0.768024 0.019293
Car -1 -1 -10 630.000000 180.000000 735.000000 255.000000 1.486190 1.568027 3.513677 1.500085 1.667212 16.273816 -1.720596 0.998947
Car -1 -1 -10 558.000000 173.000000 648.000000 212.000000 1.482520 1.598505 3.894580 -0.319714 1.633366 31.797439 2.459122 0.998113
Car -1 -1 -10 775.000000 166.000000 869.000000 205.000000 1.516033 1.629098 3.968506 9.151245 1.290786 30.782529 -0.697006 0.996387
Car -1 -1 -10 706.000000 169.000000 809.000000 211.000000 1.500721 1.607589 3.799788 5.505928 1.394427 27.842436 -0.654645 0.990771
Car -1 -1 -10 846.000000 169.000000 915.000000 201.000000 1.464484 1.563756 3.557629 12.825410 1.249956 33.651180 -0.642067 0.984341
Car -1 -1 -10 893.000000 161.000000 974.000000 197.000000 1.688152 1.693256 4.049137 16.324007 1.232453 36.332614 -0.670615 0.841325
Car -1 -1 -10 686.000000 172.000000 741.000000 204.000000 1.486007 1.526951 3.587012 5.642084 1.329483 35.795936 -1.532107 0.094792
Car -1 -1 -10 1093.000000 206.000000 1240.000000 367.000000 1.559401 1.607029 3.816189 2.860265 1.488637 1.272862 -1.520532 0.032881
Cyclist -1 -1 -10 680.000000 172.000000 735.000000 204.000000 1.692865 0.549724 1.603804 4.823051 1.419719 35.700830 -1.564230 0.032464
Cyclist -1 -1 -10 662.000000 177.000000 684.000000 212.000000 1.796372 0.617386 1.590796 3.370633 1.596156 38.081194 1.008856 0.029189
Cyclist -1 -1 -10 664.000000 176.000000 704.000000 208.000000 1.761954 0.715569 1.660080 3.717732 1.686458 38.244312 0.212475 0.020493
Cyclist -1 -1 -10 651.000000 176.000000 675.000000 207.000000 1.717287 0.495343 1.685631 2.414995 1.756547 37.753378 -0.591340 0.017904
Cyclist -1 -1 -10 689.000000 170.000000 712.000000 208.000000 1.708487 0.578257 1.580514 4.721885 1.347101 36.711856 -1.521225 0.012544
Cyclist -1 -1 -10 630.000000 180.000000 736.000000 254.000000 1.750401 0.672193 1.763955 1.581155 1.716706 15.130226 0.219436 0.011739
Cyclist -1 -1 -10 670.000000 175.000000 690.000000 217.000000 1.678296 0.606532 1.639181 3.370827 1.655857 35.268890 0.132076 0.011617
