Pedestrian -1 -1 -10 303.000000 169.000000 353.000000 304.000000 1.777509 0.648198 0.941739 -3.850292 1.558733 10.033375 -1.472741 0.998352
Pedestrian -1 -1 -10 728.000000 164.000000 762.000000 246.000000 1.796679 0.658235 0.931370 2.836122 1.610441 15.461086 -1.383714 0.980846
Pedestrian -1 -1 -10 480.000000 169.000000 502.000000 209.000000 1.844278 0.718863 0.999286 -5.178364 1.216349 33.119705 1.883802 0.111881
Pedestrian -1 -1 -10 527.000000 177.000000 545.000000 210.000000 1.692320 0.737160 0.990006 -3.031237 1.399782 32.714018 -2.057320 0.047451
Pedestrian -1 -1 -10 534.000000 177.000000 551.000000 209.000000 1.758324 0.742789 0.597309 -2.888871 1.692857 33.076236 2.966182 0.021470
Car -1 -1 -10 648.000000 166.000000 703.000000 213.000000 1.729729 1.634016 3.866662 2.908051 1.103788 29.737190 -1.586122 0.979640
Car -1 -1 -10 15.000000 89.000000 240.000000 371.000000 1.494244 1.605438 3.848438 -2.851093 1.029410 1.857047 1.622047 0.102716
Car -1 -1 -10 669.000000 176.000000 708.000000 218.000000 1.614150 1.651222 3.975681 3.407163 1.124857 29.743847 -1.437443 0.013187
Cyclist -1 -1 -10 480.000000 170.000000 502.000000 209.000000 1.807471 0.596094 1.713286 -5.191329 1.199903 33.153018 1.807025 0.037277
Cyclist -1 -1 -10 648.000000 164.000000 704.000000 216.000000 1.842739 0.634309 1.440169 2.650856 1.384651 27.422996 1.080225 0.011639
Cyclist -1 -1 -10 727.000000 164.000000 763.000000 245.000000 1.722074 0.530798 1.695640 2.836112 1.424300 15.131750 1.841090 0.010630
