Car -1 -1 -10 670.000000 180.000000 746.000000 232.000000 1.484595 1.611939 3.903532 2.825046 1.698003 21.551159 -1.559999 0.998801
Car -1 -1 -10 228.000000 196.000000 373.000000 278.000000 1.466242 1.583943 3.723850 -6.261118 1.987914 14.934690 1.551096 0.998623
Car -1 -1 -10 894.000000 161.000000 1163.000000 241.000000 1.499164 1.665706 4.240005 8.034377 1.349846 14.401265 3.167743 0.998218
Car -1 -1 -10 466.000000 183.000000 510.000000 214.000000 1.582338 1.640957 3.878446 -6.319562 2.057977 37.245444 1.595035 0.991552
Car -1 -1 -10 375.000000 183.000000 470.000000 238.000000 1.605709 1.694176 4.194872 -6.432121 2.069341 25.305548 1.692037 0.980938
Car -1 -1 -10 3.000000 211.000000 312.000000 371.000000 1.456562 1.583005 3.697634 -3.783560 1.824233 5.434631 1.607619 0.943659
Car -1 -1 -10 792.000000 159.000000 940.000000 213.000000 1.665129 1.676425 4.101134 8.118024 1.396218 23.810920 3.082286 0.500525
Car -1 -1 -10 852.000000 161.000000 1048.000000 231.000000 1.686069 1.649550 4.008772 8.068329 1.363442 17.676714 3.130837 0.316215
Car -1 -1 -10 1030.000000 149.000000 1139.000000 191.000000 1.578177 1.592333 3.623989 21.650170 0.649112 33.289177 2.767573 0.198930
Car -1 -1 -10 368.000000 199.000000 440.000000 242.000000 1.386114 1.593919 4.118726 -6.753770 2.086334 22.718484 1.467072 0.087354
Car -1 -1 -10 485.000000 183.000000 520.000000 209.000000 1.573308 1.493821 3.300696 -6.688763 2.212630 41.497860 -3.156947 0.067367
Car -1 -1 -10 698.000000 167.000000 772.000000 192.000000 1.575943 1.599983 3.945709 8.500426 1.357666 49.786059 3.209559 0.052629
Car -1 -1 -10 1149.000000 139.000000 1238.000000 187.000000 1.531493 1.680899 4.025346 22.765690 0.647777 26.950915 0.002873 0.022672
Car -1 -1 -10 931.000000 160.000000 1056.000000 206.000000 1.615973 1.590360 3.854141 16.681115 0.689121 29.944205 -2.646413 0.012055
Car -1 -1 -10 1193.000000 132.000000 1241.000000 188.000000 1.806578 1.680354 4.167364 21.069529 0.433443 22.724347 1.555391 0.011080
