Car -1 -1 -10 571.000000 179.000000 604.000000 209.000000 1.534163 1.599620 3.745731 -1.100856 1.138437 40.354603 -1.588280 0.999604
Car -1 -1 -10 345.000000 188.000000 460.000000 252.000000 1.464780 1.639813 4.057123 -4.987058 1.503957 17.910134 -1.603141 0.999203
Car -1 -1 -10 226.000000 187.000000 334.000000 245.000000 1.471864 1.587671 3.597211 -8.826101 1.566319 19.837708 -1.606230 0.998053
Car -1 -1 -10 25.000000 188.000000 254.000000 289.000000 1.518533 1.613692 3.762433 -7.848498 1.577967 12.611804 -1.602904 0.997649
Car -1 -1 -10 0.000000 233.000000 197.000000 375.000000 1.503403 1.606973 3.824326 -3.432305 1.758607 2.687085 -1.594295 0.946789
Car -1 -1 -10 -3.000000 178.000000 143.000000 263.000000 1.478974 1.587113 3.705068 -12.725085 1.509574 16.688557 -1.665321 0.874007
Car -1 -1 -10 371.000000 183.000000 424.000000 212.000000 1.546016 1.600040 3.657994 -8.675726 1.322947 29.482464 -1.653349 0.628601
Car -1 -1 -10 284.000000 183.000000 340.000000 222.000000 1.637028 1.644867 3.849228 -11.615607 1.498122 27.720998 -1.599680 0.309735
Car -1 -1 -10 352.000000 179.000000 400.000000 210.000000 1.584785 1.642563 4.029171 -13.537884 1.250962 41.000813 -1.889077 0.082827
Car -1 -1 -10 505.000000 183.000000 539.000000 209.000000 1.515627 1.588664 3.738143 -5.037792 1.252107 42.776900 -1.556232 0.049177
Car -1 -1 -10 408.000000 183.000000 453.000000 212.000000 1.735983 1.755844 4.090260 -13.589078 1.806014 57.047289 -2.775848 0.048677
