Pedestrian -1 -1 -10 843.000000 153.000000 886.000000 270.000000 1.764465 0.634651 0.800378 3.692388 1.236071 10.374849 -1.603230 0.996539
Pedestrian -1 -1 -10 572.000000 160.000000 600.000000 249.000000 1.750492 0.593591 0.831628 -0.384886 1.328019 14.359629 -0.630908 0.993269
Pedestrian -1 -1 -10 509.000000 158.000000 539.000000 241.000000 1.805613 0.689136 0.906830 -1.772285 1.369108 16.284286 1.425955 0.959461
Pedestrian -1 -1 -10 410.000000 157.000000 440.000000 251.000000 1.758128 0.668991 0.864822 -3.492768 1.332525 13.918432 2.755148 0.919560
Pedestrian -1 -1 -10 719.000000 146.000000 779.000000 269.000000 1.841599 0.680505 0.798201 2.293854 1.479327 11.102080 2.872754 0.822042
Pedestrian -1 -1 -10 607.000000 164.000000 625.000000 212.000000 1.796326 0.647182 0.969844 0.373141 1.130943 26.084347 1.235500 0.311949
Pedestrian -1 -1 -10 591.000000 163.000000 608.000000 213.000000 1.735166 0.611296 0.678766 -0.153443 1.072998 26.601706 -1.108916 0.221714
Pedestrian -1 -1 -10 555.000000 162.000000 572.000000 211.000000 1.735411 0.594268 0.733293 -1.486243 0.964316 27.301837 -1.688305 0.212659
Pedestrian -1 -1 -10 174.000000 160.000000 340.000000 378.000000 1.658096 0.773884 0.690206 -2.497125 1.449432 5.100321 1.104706 0.139550
Pedestrian -1 -1 -10 667.000000 155.000000 695.000000 221.000000 1.743314 0.605471 0.766076 2.121046 1.661731 20.600326 -1.976880 0.123948
Pedestrian -1 -1 -10 529.000000 163.000000 556.000000 228.000000 1.790698 0.685565 0.839039 -1.614003 1.281581 20.526365 1.457806 0.120917
Pedestrian -1 -1 -10 652.000000 157.000000 677.000000 204.000000 1.749535 0.577057 0.593555 2.333587 0.855742 27.929536 -0.965249 0.016180
Car -1 -1 -10 1062.000000 227.000000 1237.000000 367.000000 1.518186 1.583582 3.720753 2.698326 1.243113 3.160427 -1.869402 0.059283
Car -1 -1 -10 0.000000 244.000000 143.000000 369.000000 1.486927 1.615822 3.990715 -4.361614 1.430865 5.317855 0.871520 0.038158
Cyclist -1 -1 -10 165.000000 162.000000 341.000000 377.000000 1.714612 0.548040 1.723050 -2.490095 1.521874 5.056739 1.176382 0.996079
Cyclist -1 -1 -10 712.000000 148.000000 787.000000 269.000000 1.722040 0.481319 1.753322 2.140900 1.297421 11.143381 -1.789742 0.955424
Cyclist -1 -1 -10 664.000000 157.000000 696.000000 219.000000 1.684671 0.538200 1.632532 2.128073 1.542815 21.153965 0.713187 0.287486
Cyclist -1 -1 -10 2.000000 215.000000 47.000000 292.000000 1.725160 0.529540 1.450720 -7.699161 1.366818 9.375686 -2.293841 0.012594
Cyclist -1 -1 -10 655.000000 157.000000 679.000000 208.000000 1.652541 0.456516 1.481681 1.237378 1.098273 14.294454 -1.512190 0.010687
