Pedestrian -1 -1 -10 794.000000 161.000000 836.000000 266.000000 1.670910 0.652701 0.696918 3.177437 1.321059 11.069573 -1.714308 0.989920
Pedestrian -1 -1 -10 925.000000 147.000000 963.000000 268.000000 1.755819 0.564932 0.723856 4.837145 1.120240 10.150706 1.491406 0.153525
Pedestrian -1 -1 -10 786.000000 172.000000 811.000000 267.000000 1.745660 0.537748 0.731285 3.054305 1.422247 10.961312 2.335182 0.080971
Pedestrian -1 -1 -10 894.000000 151.000000 923.000000 247.000000 1.772876 0.637606 0.601487 5.978146 1.694914 13.622547 3.402686 0.068524
Pedestrian -1 -1 -10 913.000000 145.000000 944.000000 263.000000 1.703339 0.628460 0.717962 4.549869 1.715467 10.063329 -0.562264 0.037655
Pedestrian -1 -1 -10 849.000000 156.000000 873.000000 219.000000 1.768585 0.624967 0.574751 7.514948 0.727474 20.932366 -0.709460 0.032773
Pedestrian -1 -1 -10 593.000000 152.000000 601.000000 180.000000 1.835179 0.661618 0.850531 -0.307939 -0.113029 51.417163 -1.065266 0.018141
Pedestrian -1 -1 -10 346.000000 158.000000 397.000000 209.000000 1.749464 0.672862 0.701217 -7.243530 0.745534 22.311510 -0.217128 0.016527
Pedestrian -1 -1 -10 336.000000 156.000000 401.000000 270.000000 1.672148 0.694769 0.716647 -3.196122 1.286410 9.884932 1.453300 0.011208
Pedestrian -1 -1 -10 360.000000 155.000000 386.000000 200.000000 1.747526 0.661457 0.808811 -7.275622 0.528360 22.377654 2.795730 0.011177
Car -1 -1 -10 1211.000000 172.000000 1238.000000 269.000000 1.497164 1.663920 3.925497 12.982899 0.917079 13.432144 0.623934 0.016121
Cyclist -1 -1 -10 430.000000 159.000000 490.000000 264.000000 1.679265 0.529921 1.738343 -2.458818 1.338313 12.482126 1.675909 0.999636
Cyclist -1 -1 -10 326.000000 148.000000 409.000000 297.000000 1.735540 0.601584 1.819036 -3.140349 1.382955 9.694535 1.520551 0.998958
Cyclist -1 -1 -10 446.000000 159.000000 501.000000 231.000000 1.681588 0.534803 1.681316 -3.949650 0.587518 21.351699 -1.611230 0.102885
Cyclist -1 -1 -10 342.000000 160.000000 399.000000 241.000000 1.710280 0.531805 1.553422 -5.323923 1.392529 15.784904 -1.905787 0.039963
Cyclist -1 -1 -10 353.000000 159.000000 393.000000 206.000000 1.638035 0.622661 1.679990 -7.554220 0.916829 23.155666 1.737559 0.023241
