Pedestrian -1 -1 -10 746.000000 165.000000 795.000000 299.000000 1.669484 0.659643 0.699780 2.046423 1.447415 8.811641 -1.343258 0.998298
Pedestrian -1 -1 -10 676.000000 152.000000 739.000000 322.000000 1.785587 0.690890 0.930382 1.058540 1.462607 7.410870 3.261792 0.995346
Pedestrian -1 -1 -10 542.000000 165.000000 573.000000 250.000000 1.725362 0.472340 0.921625 -0.969327 1.416036 15.009077 -2.750671 0.981472
Pedestrian -1 -1 -10 342.000000 165.000000 365.000000 235.000000 1.726471 0.696702 0.717388 -6.390845 1.240322 18.272670 -1.896501 0.905563
Pedestrian -1 -1 -10 605.000000 163.000000 635.000000 239.000000 1.728795 0.631036 0.947350 0.395445 1.311004 16.818634 -2.119410 0.882987
Pedestrian -1 -1 -10 633.000000 162.000000 664.000000 247.000000 1.722963 0.578573 0.883695 0.935128 1.342085 14.988283 -2.053602 0.872784
Pedestrian -1 -1 -10 556.000000 164.000000 589.000000 242.000000 1.712210 0.620349 0.841106 -0.651165 1.299168 16.732351 -1.723729 0.850633
Pedestrian -1 -1 -10 1143.000000 138.000000 1228.000000 297.000000 1.704113 0.618829 0.696041 6.039144 1.293307 7.482534 1.145390 0.705491
Pedestrian -1 -1 -10 628.000000 171.000000 649.000000 245.000000 1.762649 0.590956 0.779447 0.801268 1.560549 15.684090 0.633682 0.208949
Pedestrian -1 -1 -10 711.000000 173.000000 740.000000 236.000000 1.757197 0.652077 0.629177 2.799394 1.522986 16.611332 3.150108 0.133138
Pedestrian -1 -1 -10 678.000000 162.000000 714.000000 237.000000 1.761405 0.587693 0.722310 2.341314 1.425557 17.837833 2.244965 0.126924
Car -1 -1 -10 300.000000 157.000000 511.000000 301.000000 1.732192 1.672271 4.007604 -2.737697 1.463707 11.025863 1.682995 0.891440
Cyclist -1 -1 -10 630.000000 162.000000 662.000000 244.000000 1.750481 0.500478 1.686478 0.849576 1.326162 15.089558 -2.079001 0.152945
Cyclist -1 -1 -10 340.000000 166.000000 365.000000 235.000000 1.721490 0.517184 1.669384 -6.537806 1.070843 18.525872 -2.536606 0.057888
Cyclist -1 -1 -10 673.000000 165.000000 710.000000 232.000000 1.716312 0.635660 1.763163 2.433869 1.601567 17.883381 2.789603 0.052662
Cyclist -1 -1 -10 607.000000 162.000000 639.000000 240.000000 1.783332 0.538626 1.636606 0.435371 1.325461 17.320517 -1.614237 0.050900
Cyclist -1 -1 -10 697.000000 174.000000 736.000000 238.000000 1.586107 0.391648 1.594834 2.708888 1.303365 17.225899 3.155900 0.029592
Cyclist -1 -1 -10 678.000000 161.000000 727.000000 283.000000 1.696093 0.520253 1.544446 2.284108 1.255769 17.965206 -1.479546 0.014722
Cyclist -1 -1 -10 1140.000000 132.000000 1227.000000 306.000000 1.685424 0.517868 1.794429 6.036330 1.207478 7.436922 2.651788 0.014300
