Pedestrian -1 -1 -10 812.000000 146.000000 887.000000 284.000000 1.797334 0.609057 1.088038 3.341134 1.329436 9.762136 -0.109008 0.996258
Pedestrian -1 -1 -10 475.000000 145.000000 554.000000 305.000000 1.887154 0.757065 1.019887 -1.260547 1.445606 8.510070 -0.002328 0.987136
Pedestrian -1 -1 -10 98.000000 171.000000 138.000000 303.000000 1.704743 0.605008 0.755670 -8.565641 1.579744 12.423601 0.005037 0.923407
Pedestrian -1 -1 -10 72.000000 175.000000 118.000000 314.000000 1.710462 0.577054 0.680784 -8.695024 1.559492 12.079340 -0.022704 0.807733
Pedestrian -1 -1 -10 502.000000 157.000000 609.000000 281.000000 1.773061 0.597256 1.099325 -0.661138 1.333355 11.065171 2.626699 0.136957
Pedestrian -1 -1 -10 826.000000 151.000000 838.000000 187.000000 1.734365 0.614041 0.622527 12.671987 0.253024 39.459017 1.844230 0.070746
Pedestrian -1 -1 -10 18.000000 180.000000 169.000000 319.000000 1.792969 0.800236 0.745563 -8.670074 1.585747 12.209632 -2.716322 0.039183
Pedestrian -1 -1 -10 -1.000000 195.000000 296.000000 362.000000 1.741740 0.687775 1.011055 -2.714852 1.843986 4.051323 0.162411 0.035026
Pedestrian -1 -1 -10 835.000000 156.000000 857.000000 195.000000 1.740730 0.593960 0.745066 2.707514 1.078476 8.444548 3.308195 0.025958
Car -1 -1 -10 449.000000 169.000000 482.000000 194.000000 1.595118 1.615807 3.759140 -8.719923 0.876463 44.278897 1.504847 0.998863
Car -1 -1 -10 1.000000 192.000000 318.000000 368.000000 1.493125 1.606423 3.814019 -3.236759 1.633551 3.900903 -1.580929 0.991902
Car -1 -1 -10 1166.000000 142.000000 1223.000000 185.000000 1.713603 1.569881 3.544091 26.481326 0.124763 32.860520 -0.895128 0.103292
Cyclist -1 -1 -10 519.000000 154.000000 639.000000 271.000000 1.713703 0.568084 1.732381 -0.470071 1.347567 11.121189 -0.327335 0.999717
Cyclist -1 -1 -10 481.000000 151.000000 584.000000 288.000000 1.810171 0.483162 1.731671 -1.372999 1.552531 9.199980 -0.749187 0.847255
Cyclist -1 -1 -10 36.000000 191.000000 186.000000 297.000000 1.692763 0.534075 1.711371 -8.776601 1.538424 12.284553 -1.252968 0.150607
Cyclist -1 -1 -10 824.000000 153.000000 840.000000 187.000000 1.779945 0.507533 1.642209 12.960744 0.255883 40.116765 1.802799 0.108310
Cyclist -1 -1 -10 64.000000 176.000000 141.000000 317.000000 1.757951 0.562634 1.735760 -8.539400 1.436651 12.246472 -1.549177 0.057197
Cyclist -1 -1 -10 -1.000000 195.000000 296.000000 362.000000 1.675991 0.645507 2.023902 -2.769328 1.690086 3.826019 1.647130 0.023976
Cyclist -1 -1 -10 490.000000 166.000000 527.000000 198.000000 1.693909 0.639131 1.672630 -5.534485 0.691981 38.845318 0.971412 0.016027
