Pedestrian -1 -1 -10 355.000000 168.000000 373.000000 228.000000 1.749044 0.566335 0.734878 -3.923152 1.228676 11.036193 -0.204700 0.012051
Car -1 -1 -10 377.000000 186.000000 511.000000 276.000000 1.487833 1.595818 3.722853 -3.019894 1.771074 13.655089 -1.563915 0.999419
Car -1 -1 -10 635.000000 180.000000 680.000000 217.000000 1.475009 1.639216 3.881317 2.001811 1.827063 30.699184 1.585416 0.999398
Car -1 -1 -10 543.000000 172.000000 575.000000 200.000000 1.812658 1.689515 4.173977 -3.408492 1.879399 49.399694 1.656307 0.999263
Car -1 -1 -10 -4.000000 171.000000 412.000000 374.000000 1.639989 1.674684 4.072293 -3.126491 1.603504 5.988008 1.539893 0.995455
Car -1 -1 -10 631.000000 173.000000 654.000000 200.000000 1.721329 1.692543 4.053850 2.324900 1.695900 48.912265 -1.529920 0.552888
Car -1 -1 -10 476.000000 176.000000 533.000000 202.000000 1.593031 1.659379 4.029727 -6.626221 1.916347 45.928431 -2.718793 0.237180
Car -1 -1 -10 280.000000 183.000000 386.000000 263.000000 1.536920 1.574742 3.744445 -6.838604 1.589997 16.741562 -3.241093 0.015363
Cyclist -1 -1 -10 106.000000 171.000000 304.000000 236.000000 1.774348 0.752801 1.842096 -8.325701 1.502680 15.629283 -0.007942 0.014801
Cyclist -1 -1 -10 340.000000 181.000000 360.000000 239.000000 1.681007 0.497216 1.565990 -9.442979 1.305563 25.840159 -1.896865 0.013333
