Car -1 -1 -10 644.000000 177.000000 676.000000 204.000000 1.512173 1.655155 3.961670 2.882996 1.870139 42.360311 1.584824 0.999446
Car -1 -1 -10 436.000000 173.000000 542.000000 252.000000 1.674691 1.688419 3.969609 -2.752558 1.704561 17.418346 1.600978 0.999386
Car -1 -1 -10 725.000000 190.000000 895.000000 319.000000 1.485789 1.563342 3.592837 2.566628 1.733803 10.049984 -1.482817 0.998959
Car -1 -1 -10 33.000000 172.000000 323.000000 276.000000 1.429076 1.631067 3.989151 -7.003108 1.475710 11.250222 -3.118898 0.996548
Car -1 -1 -10 804.000000 193.000000 1207.000000 375.000000 1.590696 1.555242 3.527984 2.518713 1.741838 5.327774 -1.546410 0.993825
Car -1 -1 -10 511.000000 177.000000 569.000000 226.000000 1.484401 1.598778 3.895818 -2.561389 1.694066 25.480008 -1.551250 0.948555
Car -1 -1 -10 533.000000 176.000000 583.000000 242.000000 1.513759 1.614678 3.870476 -2.508448 1.757819 25.435039 -1.528067 0.033687
Car -1 -1 -10 769.000000 193.000000 965.000000 352.000000 1.554102 1.654579 3.756424 2.471969 1.617073 4.468284 -1.587768 0.027074
Car -1 -1 -10 781.000000 191.000000 823.000000 225.000000 1.525900 1.627518 3.881164 5.484897 1.304788 21.288011 1.837056 0.024799
Cyclist -1 -1 -10 552.000000 171.000000 592.000000 256.000000 1.772592 0.654394 1.825805 -0.777869 1.689787 15.250090 1.702354 0.998432
Cyclist -1 -1 -10 533.000000 176.000000 583.000000 242.000000 1.703678 0.639288 1.835291 -2.149353 1.846851 24.062455 2.974294 0.131376
Cyclist -1 -1 -10 511.000000 177.000000 566.000000 231.000000 1.708551 0.625834 1.792467 -2.247731 1.754122 24.060313 -1.301572 0.011633
