Pedestrian -1 -1 -10 135.000000 178.000000 163.000000 248.000000 1.744560 0.543457 0.719600 -7.242420 1.336147 10.962598 -0.435157 0.097767
Car -1 -1 -10 737.000000 173.000000 1000.000000 359.000000 1.653053 1.677132 3.990504 2.745377 1.707728 8.541541 -1.574417 0.998856
Car -1 -1 -10 644.000000 178.000000 679.000000 206.000000 1.438622 1.584926 3.585589 2.709283 1.725160 37.315313 -1.544769 0.996022
Car -1 -1 -10 8.000000 190.000000 295.000000 335.000000 1.499357 1.618263 3.886935 -6.209933 1.711984 8.704669 -3.205261 0.991187
Car -1 -1 -10 690.000000 182.000000 820.000000 269.000000 1.453600 1.657352 4.047680 2.754264 1.682642 14.546172 -1.609806 0.990389
Car -1 -1 -10 663.000000 175.000000 725.000000 228.000000 1.584846 1.598711 3.831108 2.677051 1.598243 23.817857 -1.601051 0.714913
Car -1 -1 -10 329.000000 184.000000 484.000000 231.000000 1.503626 1.553101 4.047256 -5.964841 1.839713 21.919917 0.142829 0.599633
Car -1 -1 -10 5.000000 198.000000 162.000000 376.000000 1.539595 1.650967 4.004859 -6.310446 1.828583 6.138657 0.048225 0.588082
Car -1 -1 -10 114.000000 190.000000 332.000000 296.000000 1.487661 1.581569 3.930538 -6.525845 1.741084 11.310903 -3.156184 0.486951
Car -1 -1 -10 427.000000 177.000000 521.000000 212.000000 1.549952 1.595778 4.011556 -6.261186 1.930405 33.532283 -3.124594 0.272346
Car -1 -1 -10 403.000000 190.000000 489.000000 221.000000 1.455573 1.561245 3.709518 -6.089413 1.424806 27.961837 1.507822 0.048216
Car -1 -1 -10 176.000000 188.000000 327.000000 251.000000 1.548056 1.615572 4.039716 -8.722159 1.607151 17.959848 -3.061856 0.029601
Car -1 -1 -10 106.000000 180.000000 175.000000 251.000000 1.464277 1.548527 3.733626 -14.493521 1.187742 21.763493 -2.642207 0.027035
Car -1 -1 -10 728.000000 176.000000 874.000000 274.000000 1.508031 1.575604 3.708417 3.045632 1.584047 14.234626 -1.416324 0.023339
Car -1 -1 -10 468.000000 176.000000 535.000000 205.000000 1.519881 1.575971 3.722712 -6.721413 1.563893 42.013047 0.764484 0.020466
Car -1 -1 -10 202.000000 183.000000 304.000000 228.000000 1.526993 1.576481 3.668611 -9.070616 1.222274 19.039633 1.576128 0.012849
Car -1 -1 -10 805.000000 179.000000 984.000000 279.000000 1.505022 1.627712 3.763935 2.993224 1.400641 8.480953 -1.223234 0.012362
Cyclist -1 -1 -10 126.000000 179.000000 169.000000 246.000000 1.700699 0.522550 1.537722 -10.489030 1.328290 15.879039 -2.176160 0.154091
Cyclist -1 -1 -10 102.000000 187.000000 190.000000 241.000000 1.710741 0.723307 1.694658 -13.662574 1.586400 21.109961 -2.087104 0.024719
