Car -1 -1 -10 331.000000 188.000000 443.000000 254.000000 1.506376 1.605658 3.833833 -5.642302 1.970784 18.600399 1.610324 0.999699
Car -1 -1 -10 396.000000 186.000000 476.000000 234.000000 1.461471 1.573045 3.783442 -5.692830 1.926502 23.986256 1.567615 0.996318
Car -1 -1 -10 961.000000 164.000000 1231.000000 371.000000 1.490132 1.642907 3.928721 3.085685 1.606518 2.900106 -1.510033 0.981200
Car -1 -1 -10 437.000000 184.000000 499.000000 224.000000 1.497618 1.581588 3.734546 -5.604074 1.928574 28.947253 1.565347 0.977728
Car -1 -1 -10 785.000000 156.000000 884.000000 194.000000 1.577383 1.568469 3.581608 9.266653 1.052702 31.605925 2.514136 0.961279
Car -1 -1 -10 1.000000 198.000000 233.000000 376.000000 1.678819 1.661363 3.866963 -5.935368 2.010633 7.521782 -1.552608 0.942135
Car -1 -1 -10 663.000000 174.000000 705.000000 202.000000 1.621337 1.683299 4.096589 3.573535 1.443099 36.681499 -1.590184 0.774002
Car -1 -1 -10 1102.000000 135.000000 1241.000000 176.000000 1.535456 1.641182 3.991169 23.181917 0.325789 29.959542 -0.176293 0.707685
Car -1 -1 -10 470.000000 182.000000 519.000000 214.000000 1.502188 1.631246 3.986476 -5.510697 1.950604 34.870489 1.585696 0.679585
Car -1 -1 -10 736.000000 159.000000 846.000000 191.000000 1.508553 1.577068 3.815823 9.331087 0.981496 36.169550 0.081508 0.275844
Car -1 -1 -10 1022.000000 144.000000 1117.000000 174.000000 1.519020 1.601353 3.823572 23.770004 0.115834 37.846507 -0.025390 0.247546
Car -1 -1 -10 501.000000 180.000000 540.000000 207.000000 1.586404 1.633013 4.020253 -5.147838 1.970407 42.435652 1.638507 0.202657
Car -1 -1 -10 1058.000000 139.000000 1163.000000 174.000000 1.485059 1.588919 3.728045 22.667471 0.032027 33.794219 1.955081 0.117285
Cyclist -1 -1 -10 958.000000 147.000000 1230.000000 381.000000 1.726779 0.743438 1.890300 2.515037 1.768967 3.157829 1.474149 0.018563
