Pedestrian -1 -1 -10 836.000000 164.000000 871.000000 261.000000 1.719293 0.677991 0.911238 4.475197 1.558340 13.276982 1.393682 0.993735
Pedestrian -1 -1 -10 396.000000 187.000000 410.000000 213.000000 1.794056 0.655876 0.637355 -14.142041 2.902485 49.614459 -2.431470 0.224482
Pedestrian -1 -1 -10 391.000000 185.000000 404.000000 212.000000 1.770341 0.575561 0.623251 -11.982181 2.391403 39.771600 -2.328414 0.133711
Pedestrian -1 -1 -10 384.000000 187.000000 413.000000 214.000000 1.775668 0.582908 0.625168 -11.983848 2.393015 39.775926 -2.328056 0.014923
Car -1 -1 -10 323.000000 189.000000 419.000000 266.000000 1.414532 1.602926 3.918387 -5.020053 1.769670 15.354900 1.285210 0.999460
Car -1 -1 -10 191.000000 180.000000 324.000000 227.000000 1.596531 1.689322 4.139380 -12.975098 1.925546 26.863365 -0.018726 0.993168
Car -1 -1 -10 482.000000 176.000000 579.000000 211.000000 1.522421 1.659617 4.191561 -3.684428 1.891239 34.280096 2.536531 0.978077
Car -1 -1 -10 624.000000 175.000000 717.000000 205.000000 1.569669 1.630538 4.261999 3.089525 1.734285 37.314169 2.706684 0.968258
Car -1 -1 -10 2.000000 216.000000 183.000000 374.000000 1.500044 1.575167 3.753492 -3.616638 1.880813 3.124626 1.534808 0.796795
Car -1 -1 -10 177.000000 181.000000 239.000000 214.000000 1.711371 1.638238 3.991475 -25.298172 2.120279 45.831378 -2.997272 0.117830
Cyclist -1 -1 -10 8.000000 195.000000 55.000000 251.000000 1.697517 0.599414 1.717964 -11.847138 2.058056 14.884980 -1.737964 0.174301
Cyclist -1 -1 -10 387.000000 187.000000 411.000000 213.000000 1.689959 0.643473 1.696360 -12.089898 2.035123 40.035896 -1.725073 0.073405
