Car -1 -1 -10 741.000000 178.000000 933.000000 295.000000 1.547373 1.634198 3.915912 3.278391 1.597767 11.260537 -1.576795 0.999373
Car -1 -1 -10 104.000000 196.000000 356.000000 314.000000 1.461590 1.659298 4.127420 -5.761245 1.922811 11.661993 1.613018 0.999195
Car -1 -1 -10 691.000000 180.000000 763.000000 233.000000 1.486149 1.522952 3.749509 3.327271 1.714460 21.109279 1.532493 0.998446
Car -1 -1 -10 309.000000 190.000000 427.000000 260.000000 1.497268 1.528466 3.624336 -5.719035 1.968185 17.449695 1.589048 0.998160
Car -1 -1 -10 426.000000 185.000000 495.000000 229.000000 1.555755 1.583331 3.976553 -5.692727 2.006564 26.562711 1.664864 0.997913
Car -1 -1 -10 831.000000 185.000000 1247.000000 375.000000 1.473862 1.588763 3.785325 3.286465 1.676259 5.740427 -1.595421 0.996278
Car -1 -1 -10 670.000000 180.000000 731.000000 220.000000 1.519114 1.635678 4.005181 3.353091 1.665083 26.881267 1.528698 0.918374
Car -1 -1 -10 655.000000 178.000000 699.000000 209.000000 1.475083 1.593765 3.788897 3.210683 1.730737 35.549417 -1.593100 0.265588
Car -1 -1 -10 493.000000 178.000000 532.000000 206.000000 1.549674 1.639434 3.855563 -5.599404 1.987174 41.604599 1.525821 0.161963
Car -1 -1 -10 209.000000 186.000000 319.000000 225.000000 1.543932 1.502363 3.308522 -13.284566 1.784766 30.799366 0.623513 0.068062
Car -1 -1 -10 -1.000000 186.000000 77.000000 253.000000 1.533691 1.567225 3.854169 -15.075643 1.795751 18.135838 -3.557780 0.030855
