Pedestrian -1 -1 -10 1010.000000 146.000000 1102.000000 330.000000 1.729928 0.670466 0.882116 4.102194 1.387696 6.613863 -1.974050 0.995323
Pedestrian -1 -1 -10 554.000000 164.000000 567.000000 204.000000 1.790389 0.579916 0.783712 -1.874300 0.920523 33.564377 1.542741 0.842468
Pedestrian -1 -1 -10 628.000000 165.000000 637.000000 192.000000 1.766385 0.595923 0.665634 1.938914 0.723808 44.848762 2.090094 0.543620
Pedestrian -1 -1 -10 617.000000 164.000000 626.000000 190.000000 1.762510 0.628445 0.911710 1.599397 0.518860 55.704051 -1.605421 0.305060
Pedestrian -1 -1 -10 634.000000 165.000000 642.000000 192.000000 1.754633 0.719484 0.563987 2.314763 0.579966 46.808535 2.971163 0.262682
Pedestrian -1 -1 -10 642.000000 164.000000 651.000000 192.000000 1.752929 0.629546 0.801844 2.979984 0.554891 45.558251 -0.943148 0.155941
Pedestrian -1 -1 -10 603.000000 163.000000 613.000000 193.000000 1.705729 0.637387 0.631258 0.142429 0.373961 45.417296 -2.077434 0.140839
Pedestrian -1 -1 -10 551.000000 167.000000 562.000000 201.000000 1.765906 0.600661 0.733354 -2.474988 1.091631 37.936599 -1.218607 0.105472
Pedestrian -1 -1 -10 639.000000 164.000000 648.000000 192.000000 1.816771 0.536837 0.870204 2.816119 0.747901 46.382974 1.642272 0.087229
Pedestrian -1 -1 -10 609.000000 164.000000 617.000000 192.000000 1.727049 0.670471 0.763741 0.859473 0.408966 55.466531 0.120755 0.079111
Pedestrian -1 -1 -10 1031.000000 164.000000 1065.000000 210.000000 1.639512 0.493831 0.513500 7.401939 0.991548 12.403788 1.078906 0.050807
Pedestrian -1 -1 -10 1071.000000 135.000000 1101.000000 215.000000 1.759066 0.604524 0.756394 8.314785 0.833075 12.409491 -1.490905 0.043515
Pedestrian -1 -1 -10 462.000000 171.000000 482.000000 220.000000 1.749701 0.503960 0.735347 -3.491579 0.934473 20.094150 -1.164826 0.041642
Pedestrian -1 -1 -10 626.000000 164.000000 633.000000 191.000000 1.787106 0.573486 0.545773 1.834259 0.676685 44.933958 0.612670 0.027780
Pedestrian -1 -1 -10 1003.000000 146.000000 1022.000000 192.000000 1.721259 0.565188 0.553659 7.094032 0.716526 12.515787 -1.537435 0.027268
Pedestrian -1 -1 -10 594.000000 168.000000 615.000000 198.000000 1.801820 0.669499 0.731210 -0.163610 0.831562 45.287531 -1.528861 0.026122
Pedestrian -1 -1 -10 568.000000 170.000000 580.000000 202.000000 1.778391 0.554636 0.727899 -1.648045 0.755150 43.929592 -1.603392 0.014475
Pedestrian -1 -1 -10 1018.000000 157.000000 1066.000000 268.000000 1.744631 0.552046 0.625574 7.352777 0.983954 12.521882 0.504534 0.014069
Car -1 -1 -10 562.000000 172.000000 620.000000 221.000000 1.539078 1.671445 4.134338 -0.252217 1.241440 23.427943 1.665654 0.998811
Car -1 -1 -10 948.000000 159.000000 1039.000000 207.000000 1.596143 1.595646 3.478951 7.374162 0.833237 13.932747 -0.385550 0.577533
Cyclist -1 -1 -10 1025.000000 155.000000 1062.000000 211.000000 1.723864 0.613613 1.671346 7.586170 1.034036 12.488547 -1.051516 0.029605
Cyclist -1 -1 -10 1003.000000 150.000000 1104.000000 328.000000 1.743345 0.500040 1.673945 4.071201 1.364091 6.747948 2.853453 0.014618
