Pedestrian -1 -1 -10 872.000000 162.000000 928.000000 283.000000 1.695634 0.668057 0.838740 4.087364 1.422551 10.010942 -1.691248 0.991146
Pedestrian -1 -1 -10 -2.000000 155.000000 244.000000 379.000000 1.694452 0.770956 0.727740 -2.719491 1.509070 4.002500 1.904803 0.381992
Pedestrian -1 -1 -10 575.000000 162.000000 585.000000 196.000000 1.834568 0.609600 0.756554 -1.252669 0.621059 41.316244 1.936642 0.353555
Pedestrian -1 -1 -10 556.000000 161.000000 569.000000 196.000000 1.758955 0.589115 0.770111 -2.251917 0.613048 39.787795 -3.119176 0.170784
Pedestrian -1 -1 -10 636.000000 162.000000 645.000000 190.000000 1.827246 0.640729 0.875707 2.627252 0.519555 48.308292 -1.553830 0.090798
Pedestrian -1 -1 -10 746.000000 159.000000 767.000000 224.000000 1.760628 0.610920 0.644471 3.888798 1.113521 18.243433 -1.376998 0.066556
Pedestrian -1 -1 -10 1147.000000 252.000000 1190.000000 318.000000 1.638018 0.490055 0.483343 6.223611 1.618310 7.492095 3.692941 0.053808
Pedestrian -1 -1 -10 5.000000 176.000000 122.000000 371.000000 1.720260 0.579148 0.665510 -2.816538 1.633480 3.853145 -2.156708 0.030249
Pedestrian -1 -1 -10 865.000000 159.000000 899.000000 249.000000 1.586760 0.503767 0.587362 5.156492 0.758501 13.522916 2.889218 0.017088
Pedestrian -1 -1 -10 859.000000 153.000000 877.000000 214.000000 1.704376 0.627239 0.640317 6.710777 1.669197 18.044399 -0.661140 0.016080
Pedestrian -1 -1 -10 645.000000 163.000000 651.000000 190.000000 1.804659 0.643847 0.883038 3.268571 0.589187 48.965263 -2.010655 0.015957
Pedestrian -1 -1 -10 864.000000 155.000000 885.000000 224.000000 1.911088 0.654625 0.869157 6.844537 1.103189 18.172085 -1.297465 0.013922
Pedestrian -1 -1 -10 285.000000 167.000000 433.000000 362.000000 1.678771 0.800785 0.604249 -2.186169 1.570467 6.629290 1.455007 0.010225
Car -1 -1 -10 594.000000 170.000000 627.000000 197.000000 1.582319 1.685989 4.043401 0.497221 0.816651 39.304535 1.603899 0.998218
Cyclist -1 -1 -10 293.000000 163.000000 433.000000 373.000000 1.727828 0.573891 1.795710 -2.122303 1.577644 6.494396 1.568102 0.999094
Cyclist -1 -1 -10 -5.000000 155.000000 253.000000 373.000000 1.654288 0.450862 1.678180 -2.642307 1.440427 3.747162 1.665895 0.991771
Cyclist -1 -1 -10 3.000000 184.000000 119.000000 366.000000 1.633554 0.572122 1.702562 -2.556763 1.424961 3.834197 1.405194 0.049924
