Car -1 -1 -10 574.000000 175.000000 611.000000 208.000000 1.524306 1.634124 3.810715 -0.844335 1.046051 37.546076 -1.571845 0.999272
Car -1 -1 -10 268.000000 184.000000 436.000000 286.000000 1.443138 1.588823 3.670497 -4.327574 1.460169 12.868779 -1.534900 0.999221
Car -1 -1 -10 473.000000 181.000000 520.000000 214.000000 1.448026 1.565650 3.783405 -4.834541 1.230684 32.047465 -1.575144 0.996904
Car -1 -1 -10 413.000000 181.000000 486.000000 231.000000 1.436330 1.611667 3.998414 -4.880505 1.330614 22.731042 -1.599602 0.995566
Car -1 -1 -10 258.000000 175.000000 357.000000 239.000000 1.549737 1.618621 3.798250 -8.678559 1.400907 20.993381 -1.589266 0.993844
Car -1 -1 -10 0.000000 199.000000 171.000000 312.000000 1.435194 1.643084 3.973872 -8.406543 1.682980 10.506111 -1.630062 0.284631
Car -1 -1 -10 360.000000 183.000000 420.000000 212.000000 1.502485 1.607598 3.754652 -8.902241 1.289343 29.343737 -1.664443 0.125965
Car -1 -1 -10 4.000000 162.000000 199.000000 249.000000 2.114556 1.760251 4.361963 -12.343797 1.663020 18.253781 -1.547856 0.033295
Car -1 -1 -10 898.000000 223.000000 1197.000000 369.000000 1.460078 1.580743 3.842645 3.572013 1.830111 4.973516 1.537209 0.023866
Car -1 -1 -10 0.000000 202.000000 111.000000 278.000000 1.474469 1.600236 3.913475 -13.017984 1.152677 17.150314 -1.729603 0.015064
Car -1 -1 -10 514.000000 167.000000 549.000000 201.000000 1.682499 1.655969 3.550148 -4.741235 0.620921 47.214714 -1.656083 0.012277
