Pedestrian -1 -1 -10 3.000000 191.000000 128.000000 379.000000 1.743035 0.644946 0.889710 -4.758116 2.108582 5.763886 -2.754977 0.013136
Car -1 -1 -10 681.000000 182.000000 774.000000 249.000000 1.447234 1.635086 3.860479 2.827260 1.710992 17.788763 -1.581655 0.998751
Car -1 -1 -10 169.000000 174.000000 418.000000 251.000000 1.529676 1.655248 4.103551 -6.668666 1.628589 16.269464 0.072297 0.988899
Car -1 -1 -10 -6.000000 167.000000 291.000000 320.000000 1.560428 1.641142 3.990968 -6.433668 1.571647 8.581910 -3.143984 0.988100
Car -1 -1 -10 804.000000 194.000000 1246.000000 374.000000 1.508440 1.605839 3.801472 2.867557 1.727975 5.548055 -1.582622 0.977133
Car -1 -1 -10 404.000000 175.000000 504.000000 217.000000 1.544672 1.588101 3.749375 -5.476511 1.551910 29.702363 -1.712029 0.927448
Car -1 -1 -10 654.000000 173.000000 707.000000 219.000000 1.629222 1.634032 3.976291 2.690687 1.744632 28.724069 -1.552025 0.920780
Car -1 -1 -10 278.000000 168.000000 469.000000 231.000000 1.705407 1.699592 3.996863 -6.419285 1.621171 21.110002 -3.118264 0.609347
Car -1 -1 -10 91.000000 181.000000 306.000000 279.000000 1.482602 1.631759 3.717757 -6.860206 1.638515 11.385662 -3.181167 0.409550
Car -1 -1 -10 0.000000 191.000000 142.000000 376.000000 1.488492 1.596803 3.800182 -6.130157 1.807060 6.141516 -2.834526 0.369871
Car -1 -1 -10 439.000000 176.000000 536.000000 207.000000 1.723425 1.709262 4.220097 -5.949872 1.750560 38.227399 -2.946378 0.099638
Car -1 -1 -10 705.000000 184.000000 770.000000 224.000000 1.514032 1.506903 3.320106 2.796066 1.589388 17.964517 -1.391617 0.032894
Car -1 -1 -10 641.000000 175.000000 681.000000 205.000000 1.541404 1.592895 3.705919 2.527961 1.661184 43.678705 -1.563941 0.026495
