Pedestrian -1 -1 -10 468.000000 176.000000 481.000000 204.000000 1.723162 0.582191 0.555098 -7.417967 1.449958 38.630533 -2.315065 0.187227
Car -1 -1 -10 758.000000 191.000000 1007.000000 350.000000 1.491053 1.554706 3.602772 2.912627 1.714736 8.467691 -1.568635 0.999070
Car -1 -1 -10 50.000000 194.000000 360.000000 364.000000 1.518436 1.612048 3.868564 -4.405052 1.835085 8.664975 1.563467 0.999021
Car -1 -1 -10 670.000000 181.000000 737.000000 241.000000 1.502908 1.594354 3.819719 2.576560 1.818172 20.408447 -1.590138 0.997418
Car -1 -1 -10 453.000000 182.000000 513.000000 227.000000 1.497579 1.619519 3.811024 -4.728095 1.969570 26.977908 1.543987 0.997148
Car -1 -1 -10 722.000000 184.000000 851.000000 289.000000 1.481479 1.559109 3.476548 2.974651 1.745383 12.806214 -1.582315 0.936906
Car -1 -1 -10 660.000000 182.000000 715.000000 226.000000 1.519244 1.544881 3.564682 2.638748 1.802693 26.357733 -1.604931 0.902427
Car -1 -1 -10 480.000000 177.000000 526.000000 219.000000 1.605978 1.611062 3.911964 -4.772490 1.891251 32.646282 1.569457 0.870436
Car -1 -1 -10 645.000000 179.000000 683.000000 213.000000 1.516654 1.598813 3.516469 2.761383 1.968191 34.864308 -1.567788 0.720678
Car -1 -1 -10 501.000000 178.000000 540.000000 211.000000 1.544989 1.499391 3.394409 -4.693059 1.826617 34.169707 -1.608728 0.502907
Car -1 -1 -10 272.000000 186.000000 370.000000 234.000000 1.474596 1.604420 4.028409 -9.712987 1.777432 22.469405 0.127230 0.170661
