Pedestrian -1 -1 -10 183.000000 162.000000 249.000000 319.000000 1.838686 0.711543 0.731019 -4.700979 1.629057 8.631642 2.072327 0.995548
Pedestrian -1 -1 -10 393.000000 197.000000 447.000000 303.000000 1.674339 0.652164 0.836713 -2.212755 1.768786 8.320206 -3.322001 0.616166
Pedestrian -1 -1 -10 426.000000 191.000000 455.000000 261.000000 1.755258 0.662572 0.654387 -2.697548 1.446453 11.555907 -2.365118 0.363068
Pedestrian -1 -1 -10 386.000000 198.000000 421.000000 274.000000 1.706885 0.597144 0.573061 -2.740521 1.533183 9.625798 -1.321973 0.278111
Pedestrian -1 -1 -10 345.000000 199.000000 402.000000 305.000000 1.637867 0.661786 0.728779 -2.760472 1.712944 8.335350 -1.520192 0.253641
Pedestrian -1 -1 -10 401.000000 199.000000 428.000000 266.000000 1.677077 0.567171 0.651628 -2.256912 1.337686 8.297288 -2.363432 0.105160
Pedestrian -1 -1 -10 412.000000 197.000000 446.000000 261.000000 1.670320 0.636683 0.626266 -2.780953 1.373085 11.240428 0.349898 0.087040
Pedestrian -1 -1 -10 350.000000 201.000000 388.000000 270.000000 1.710255 0.642379 0.692419 -5.049832 1.519305 15.621235 -2.405460 0.085690
Car -1 -1 -10 830.000000 126.000000 1236.000000 374.000000 1.773442 1.628467 3.765547 3.173044 1.440104 5.294683 -1.586157 0.869344
Cyclist -1 -1 -10 512.000000 171.000000 558.000000 211.000000 1.734250 0.716527 1.822903 -2.897056 1.189429 29.966144 0.083074 0.065702
Cyclist -1 -1 -10 393.000000 197.000000 453.000000 301.000000 1.683955 0.595458 1.736834 -2.219859 1.733647 8.481566 -1.379326 0.019839
