Car -1 -1 -10 699.000000 185.000000 919.000000 335.000000 1.578601 1.671072 4.134143 2.369823 1.754465 9.857386 -1.629101 0.999081
Car -1 -1 -10 32.000000 217.000000 435.000000 371.000000 1.487510 1.584429 3.756075 -2.815023 1.834535 6.145480 1.565386 0.994899
Car -1 -1 -10 630.000000 188.000000 662.000000 213.000000 1.528097 1.635941 3.992951 2.210302 2.332191 43.567608 -1.589772 0.970607
Car -1 -1 -10 61.000000 197.000000 403.000000 289.000000 1.494489 1.643452 4.161397 -7.002724 1.934154 13.042116 -3.124651 0.941835
Car -1 -1 -10 265.000000 191.000000 421.000000 252.000000 1.533090 1.643095 3.999730 -6.899299 1.992486 17.947119 -3.192018 0.831122
Car -1 -1 -10 382.000000 190.000000 500.000000 229.000000 1.476814 1.560052 3.981096 -6.332268 2.140001 27.813519 0.144372 0.727665
Car -1 -1 -10 435.000000 186.000000 513.000000 220.000000 1.509329 1.544173 3.776539 -6.764509 2.165942 33.064387 0.165257 0.175163
Car -1 -1 -10 352.000000 193.000000 468.000000 239.000000 1.511965 1.608231 3.759968 -5.879235 2.130392 24.673279 -0.276022 0.048528
Car -1 -1 -10 722.000000 189.000000 777.000000 221.000000 1.599982 1.640283 4.085523 7.685206 2.431648 44.434874 2.846894 0.030660
Car -1 -1 -10 189.000000 201.000000 328.000000 261.000000 1.485185 1.545119 3.655564 -6.305041 2.082153 12.891298 0.673238 0.026039
