Pedestrian -1 -1 -10 310.000000 159.000000 355.000000 281.000000 1.856203 0.674221 0.928581 -4.258939 1.527868 11.053613 0.666273 0.993093
Pedestrian -1 -1 -10 341.000000 158.000000 384.000000 276.000000 1.800763 0.674042 0.863053 -3.982645 1.451287 11.377853 0.720375 0.979008
Pedestrian -1 -1 -10 483.000000 166.000000 491.000000 194.000000 1.837424 0.672169 0.741270 -8.493155 0.930066 50.327879 -3.289489 0.507550
Pedestrian -1 -1 -10 362.000000 165.000000 381.000000 221.000000 1.725726 0.647025 0.632347 -7.617018 0.924884 23.019300 -1.336925 0.054910
Pedestrian -1 -1 -10 336.000000 161.000000 363.000000 270.000000 1.754623 0.636689 0.646608 -4.331113 2.588990 11.735974 -1.360218 0.049632
Pedestrian -1 -1 -10 356.000000 160.000000 389.000000 240.000000 1.801094 0.543633 0.661150 -4.176291 1.287577 12.153793 -0.171548 0.021413
Pedestrian -1 -1 -10 361.000000 164.000000 372.000000 202.000000 1.717905 0.644637 0.646272 -12.505634 0.460056 36.576524 -2.435758 0.020093
Pedestrian -1 -1 -10 365.000000 166.000000 377.000000 203.000000 1.617165 0.477935 0.483463 -7.688228 1.070865 22.952580 2.280102 0.016077
Car -1 -1 -10 537.000000 159.000000 583.000000 209.000000 1.756278 1.686617 3.811347 -1.968008 1.037667 29.595987 -1.720985 0.911663
Cyclist -1 -1 -10 483.000000 165.000000 491.000000 193.000000 1.764097 0.630631 1.843490 -8.500254 0.843313 50.537679 1.425393 0.079356
Cyclist -1 -1 -10 342.000000 161.000000 387.000000 273.000000 1.838627 0.595027 1.757467 -3.990101 1.469361 11.267733 1.771453 0.040960
Cyclist -1 -1 -10 356.000000 166.000000 387.000000 214.000000 1.703472 0.516857 1.506169 -6.100118 1.288119 17.721612 -1.929416 0.011505
