Car -1 -1 -10 711.000000 164.000000 913.000000 309.000000 1.692886 1.719606 4.247711 2.709447 1.658317 11.077262 -1.610501 0.999418
Car -1 -1 -10 -2.000000 187.000000 347.000000 295.000000 1.471503 1.571557 3.918775 -6.543082 1.742861 10.890391 -3.260084 0.997218
Car -1 -1 -10 186.000000 173.000000 412.000000 260.000000 1.613218 1.626669 3.946871 -6.625831 1.744323 15.328691 -3.160279 0.993766
Car -1 -1 -10 688.000000 181.000000 786.000000 254.000000 1.465250 1.611400 3.634215 2.822113 1.695891 16.350361 -1.592917 0.980872
Car -1 -1 -10 269.000000 169.000000 449.000000 243.000000 1.811820 1.642825 4.013250 -6.326493 1.739032 18.017873 0.102877 0.978867
Car -1 -1 -10 666.000000 176.000000 748.000000 232.000000 1.496227 1.622995 3.800019 2.841064 1.658840 21.821916 -1.582474 0.967798
Car -1 -1 -10 646.000000 175.000000 690.000000 208.000000 1.475886 1.607342 3.854931 2.577409 1.614804 33.920879 -1.582237 0.962750
Car -1 -1 -10 391.000000 172.000000 516.000000 210.000000 1.493809 1.643833 4.147466 -6.784593 1.692459 32.349457 0.148835 0.804584
Car -1 -1 -10 360.000000 170.000000 472.000000 223.000000 1.592706 1.625723 3.794298 -6.159424 1.594991 24.699628 -2.993992 0.680875
Car -1 -1 -10 2.000000 190.000000 98.000000 375.000000 1.469325 1.619525 3.960354 -6.651180 1.649580 6.087139 -2.887893 0.165510
