Car -1 -1 -10 251.000000 194.000000 403.000000 278.000000 1.509702 1.616080 3.844453 -5.742164 1.977715 15.142929 1.582836 0.999696
Car -1 -1 -10 358.000000 189.000000 450.000000 247.000000 1.449162 1.595512 3.880446 -5.785500 1.951243 20.483321 1.583813 0.996779
Car -1 -1 -10 798.000000 153.000000 918.000000 197.000000 1.579049 1.647041 4.119476 9.303699 0.944091 27.359940 3.176657 0.994479
Car -1 -1 -10 404.000000 188.000000 481.000000 234.000000 1.471552 1.613464 3.987700 -5.756503 2.031303 25.342214 1.605172 0.986652
Car -1 -1 -10 443.000000 185.000000 506.000000 220.000000 1.475483 1.629805 4.002770 -5.676901 1.936667 31.359781 1.593046 0.955615
Car -1 -1 -10 488.000000 182.000000 529.000000 212.000000 1.610596 1.638721 4.058278 -5.508189 2.081361 38.975253 1.608184 0.923161
Car -1 -1 -10 664.000000 174.000000 708.000000 207.000000 1.544497 1.605012 3.808881 3.548255 1.570371 33.043613 -1.581525 0.893217
Car -1 -1 -10 1091.000000 135.000000 1241.000000 174.000000 1.540585 1.669172 4.033398 22.399042 0.021428 30.169977 -1.421632 0.409692
Car -1 -1 -10 747.000000 160.000000 846.000000 194.000000 1.488964 1.608724 3.896748 8.258532 1.344183 34.843297 2.552479 0.211814
Car -1 -1 -10 1055.000000 141.000000 1153.000000 175.000000 1.495722 1.578944 3.828445 23.539428 0.095866 34.448176 0.046757 0.093317
