Car -1 -1 -10 522.000000 178.000000 561.000000 206.000000 1.506006 1.664269 4.018541 -3.731697 1.859946 39.954318 1.562990 0.999361
Car -1 -1 -10 209.000000 175.000000 382.000000 279.000000 1.624595 1.650033 3.999050 -6.141140 1.812314 14.588799 1.547172 0.998868
Car -1 -1 -10 332.000000 179.000000 436.000000 241.000000 1.654550 1.635517 4.000119 -6.354404 1.869622 21.245828 1.570478 0.995853
Car -1 -1 -10 845.000000 171.000000 1229.000000 375.000000 1.532369 1.619078 3.930716 2.898411 1.635611 4.397144 -1.590849 0.982520
Car -1 -1 -10 436.000000 182.000000 487.000000 215.000000 1.478410 1.625530 4.040893 -6.592242 1.906902 32.087871 1.573484 0.980727
Car -1 -1 -10 691.000000 165.000000 772.000000 192.000000 1.647969 1.667441 4.133499 8.039477 1.300310 48.483619 3.262716 0.934202
Car -1 -1 -10 -2.000000 219.000000 162.000000 370.000000 1.454285 1.618755 3.973828 -6.139624 1.920594 6.234204 1.580404 0.740497
Car -1 -1 -10 1012.000000 154.000000 1225.000000 212.000000 1.499726 1.630648 3.936017 15.271972 0.757523 21.338482 0.699661 0.073328
Car -1 -1 -10 994.000000 157.000000 1235.000000 292.000000 1.464391 1.642211 4.206163 8.703644 1.401923 11.673994 2.660895 0.045741
Cyclist -1 -1 -10 -3.000000 218.000000 163.000000 371.000000 1.766410 0.603229 1.951760 -5.643536 2.077198 6.925958 -1.569755 0.016614
