Car -1 -1 -10 774.000000 162.000000 1152.000000 377.000000 1.511756 1.608151 3.685976 2.724788 1.574018 6.572700 -1.587458 0.999639
Car -1 -1 -10 702.000000 174.000000 866.000000 277.000000 1.474167 1.634245 3.981563 2.743975 1.566472 12.467933 -1.577369 0.997980
Car -1 -1 -10 84.000000 196.000000 407.000000 376.000000 1.493241 1.629235 3.893329 -3.545695 1.825161 7.830363 1.540382 0.997522
Car -1 -1 -10 349.000000 190.000000 477.000000 284.000000 1.510508 1.593259 3.876346 -3.672644 1.826293 13.490668 1.534351 0.997363
Car -1 -1 -10 463.000000 179.000000 526.000000 228.000000 1.462629 1.602990 3.869228 -3.835568 1.731885 23.765820 1.615096 0.992074
Car -1 -1 -10 686.000000 171.000000 776.000000 237.000000 1.527209 1.635405 3.930949 2.998334 1.541173 18.723802 -1.592383 0.987445
Car -1 -1 -10 421.000000 180.000000 495.000000 245.000000 1.463794 1.544779 3.602613 -3.985347 1.762122 19.065284 1.573217 0.980097
Car -1 -1 -10 671.000000 169.000000 733.000000 220.000000 1.538983 1.568739 3.619531 2.992024 1.492019 24.322132 -1.581094 0.948260
Car -1 -1 -10 634.000000 170.000000 671.000000 196.000000 1.574503 1.653071 3.939908 2.403445 1.459204 45.852474 -2.103790 0.734704
Car -1 -1 -10 1054.000000 180.000000 1246.000000 372.000000 1.550641 1.611856 3.774938 2.832923 1.420789 1.368225 -1.523178 0.514616
Cyclist -1 -1 -10 1047.000000 175.000000 1245.000000 370.000000 1.792840 0.631031 1.834066 2.147069 1.684458 2.275873 -1.528418 0.011570
