Pedestrian -1 -1 -10 300.000000 169.000000 368.000000 330.000000 1.794614 0.687051 0.810776 -3.062204 1.643685 8.272158 1.654745 0.997126
Pedestrian -1 -1 -10 777.000000 177.000000 839.000000 339.000000 1.693325 0.645830 0.765710 2.204963 1.599405 7.789883 -1.318459 0.996051
Pedestrian -1 -1 -10 975.000000 163.000000 1053.000000 349.000000 1.731015 0.627246 0.768279 4.052412 1.596278 7.161487 1.528133 0.995105
Pedestrian -1 -1 -10 634.000000 172.000000 667.000000 251.000000 1.783077 0.706681 1.135867 1.148435 1.621739 17.598105 -1.981773 0.994212
Pedestrian -1 -1 -10 1049.000000 159.000000 1152.000000 348.000000 1.715258 0.745421 0.739287 4.627838 1.590340 6.797949 3.087404 0.972231
Pedestrian -1 -1 -10 721.000000 177.000000 761.000000 297.000000 1.697143 0.542457 0.780687 1.903541 1.646814 10.374953 -1.610128 0.959509
Pedestrian -1 -1 -10 691.000000 182.000000 733.000000 285.000000 1.678099 0.618007 0.751618 1.846233 1.702823 11.853111 -1.505521 0.947605
Pedestrian -1 -1 -10 186.000000 172.000000 242.000000 321.000000 1.764457 0.672225 0.871473 -4.617559 1.737809 8.578072 1.056983 0.935626
Pedestrian -1 -1 -10 739.000000 180.000000 768.000000 287.000000 1.745892 0.631578 0.755924 2.530428 1.739007 11.862770 2.873593 0.253231
Pedestrian -1 -1 -10 777.000000 179.000000 812.000000 301.000000 1.751812 0.620957 0.858057 2.509018 1.510395 9.126593 -0.865746 0.234675
Pedestrian -1 -1 -10 783.000000 180.000000 832.000000 259.000000 1.810890 0.712594 0.529880 4.270473 1.419978 15.414717 -0.971697 0.088745
Pedestrian -1 -1 -10 804.000000 178.000000 829.000000 227.000000 1.782816 0.626791 0.723577 7.988941 1.375021 26.530598 -1.766519 0.072669
Pedestrian -1 -1 -10 783.000000 176.000000 807.000000 249.000000 1.713030 0.514345 0.666971 3.291482 1.267581 12.647068 -1.364108 0.066781
Pedestrian -1 -1 -10 793.000000 180.000000 818.000000 237.000000 1.690167 0.559330 0.634287 3.596882 1.388869 13.138784 -1.946894 0.047720
Car -1 -1 -10 545.000000 183.000000 597.000000 223.000000 1.542237 1.649725 4.034193 -1.246863 1.626989 29.957673 1.661742 0.999356
Cyclist -1 -1 -10 174.000000 176.000000 247.000000 324.000000 1.833156 0.605725 1.808884 -4.675903 1.762601 8.667537 1.103547 0.382483
Cyclist -1 -1 -10 636.000000 176.000000 673.000000 251.000000 1.796920 0.633329 1.740577 1.147415 1.685780 17.567198 -2.119268 0.374413
Cyclist -1 -1 -10 0.000000 212.000000 56.000000 331.000000 1.696682 0.559939 1.738915 -7.041472 1.865373 8.620584 0.886337 0.082206
Cyclist -1 -1 -10 775.000000 180.000000 833.000000 329.000000 1.770782 0.599816 1.739602 2.296729 1.650723 7.938008 -1.205149 0.075112
Cyclist -1 -1 -10 650.000000 179.000000 691.000000 249.000000 1.673188 0.559831 1.795931 1.435813 1.684283 17.468637 1.143928 0.060724
Cyclist -1 -1 -10 780.000000 179.000000 814.000000 290.000000 1.753444 0.575011 1.566517 2.704364 1.141491 10.043455 -1.346481 0.027085
