Pedestrian -1 -1 -10 747.000000 172.000000 762.000000 220.000000 1.698208 0.527426 0.697514 2.720190 1.716733 14.138928 0.364851 0.034584
Car -1 -1 -10 489.000000 187.000000 548.000000 225.000000 1.512904 1.614083 3.724714 -3.746558 2.107088 29.870771 1.610100 0.999514
Car -1 -1 -10 763.000000 191.000000 896.000000 278.000000 1.447731 1.605101 3.832163 4.111173 1.851484 14.145520 -1.528429 0.996953
Car -1 -1 -10 726.000000 183.000000 822.000000 247.000000 1.503177 1.619625 3.779696 4.314075 1.868032 20.044603 -1.570321 0.990005
Car -1 -1 -10 711.000000 184.000000 769.000000 231.000000 1.451576 1.601579 3.874006 4.527035 1.902353 25.199648 -1.502788 0.973117
Car -1 -1 -10 698.000000 183.000000 740.000000 219.000000 1.504015 1.597015 3.665270 4.688861 1.976434 30.588949 -1.511955 0.926746
Car -1 -1 -10 1.000000 219.000000 160.000000 376.000000 1.529098 1.612358 3.904088 -4.773396 1.786338 3.667629 1.570846 0.624041
Car -1 -1 -10 522.000000 186.000000 562.000000 218.000000 1.574761 1.624568 3.899340 -3.263549 2.136099 36.193142 1.627104 0.621247
Car -1 -1 -10 688.000000 182.000000 725.000000 214.000000 1.611053 1.676792 4.117136 4.955110 2.007859 35.712115 -1.564328 0.406451
Car -1 -1 -10 823.000000 161.000000 1232.000000 375.000000 1.834580 1.719958 4.360735 3.987823 1.773393 8.000548 -1.531056 0.296774
