Car -1 -1 -10 625.000000 182.000000 724.000000 250.000000 1.495030 1.548936 3.508866 1.418774 1.698776 17.465905 -1.718017 0.998339
Car -1 -1 -10 557.000000 175.000000 644.000000 212.000000 1.491445 1.619600 3.983961 -0.396931 1.720562 33.031984 2.488665 0.996900
Car -1 -1 -10 760.000000 166.000000 857.000000 204.000000 1.511735 1.647713 4.062467 9.051771 1.298480 32.070074 -0.691142 0.996109
Car -1 -1 -10 696.000000 170.000000 797.000000 209.000000 1.535521 1.627697 3.954485 5.509812 1.404724 29.022184 -0.666420 0.992418
Car -1 -1 -10 835.000000 168.000000 904.000000 199.000000 1.493815 1.584488 3.570432 12.748122 1.302014 34.874506 -0.627487 0.972451
Car -1 -1 -10 938.000000 176.000000 1243.000000 374.000000 1.527937 1.601712 3.722315 2.948150 1.696331 2.968031 -1.623942 0.848426
Car -1 -1 -10 878.000000 160.000000 962.000000 195.000000 1.661974 1.662078 3.944483 16.071354 0.989393 37.515020 -0.665312 0.457586
Car -1 -1 -10 680.000000 172.000000 746.000000 203.000000 1.496603 1.610796 3.857434 5.269468 1.362961 29.131224 -0.515697 0.039908
Cyclist -1 -1 -10 650.000000 174.000000 676.000000 209.000000 1.707296 0.558629 1.677167 2.714915 1.398382 39.078571 -0.605268 0.052034
Cyclist -1 -1 -10 656.000000 175.000000 695.000000 204.000000 1.706381 0.402358 1.587993 3.005808 1.376328 39.521447 -0.626057 0.035435
Cyclist -1 -1 -10 624.000000 180.000000 724.000000 252.000000 1.753470 0.689490 1.792734 1.482482 1.765646 16.345776 0.185854 0.028213
Cyclist -1 -1 -10 666.000000 174.000000 717.000000 203.000000 1.711842 0.577018 1.670312 4.730589 1.525015 36.399740 0.131749 0.014626
Cyclist -1 -1 -10 665.000000 173.000000 682.000000 213.000000 1.675323 0.477617 1.565139 3.129028 1.376728 39.683054 2.232736 0.012995
