Car -1 -1 -10 630.000000 178.000000 682.000000 219.000000 1.412935 1.616084 3.971377 1.785231 1.715424 29.089412 -1.626144 0.998177
Car -1 -1 -10 -1.000000 158.000000 266.000000 313.000000 1.631940 1.674234 3.818321 -7.055200 1.712715 9.564563 -3.226692 0.997694
Car -1 -1 -10 982.000000 185.000000 1239.000000 351.000000 1.517577 1.580800 3.776515 6.117844 1.668369 8.100893 0.062124 0.993299
Car -1 -1 -10 311.000000 179.000000 456.000000 227.000000 1.512078 1.581881 4.013214 -7.127184 1.681846 23.248176 -3.256184 0.989154
Car -1 -1 -10 780.000000 174.000000 992.000000 271.000000 1.604577 1.649999 4.061687 5.520736 1.826317 13.812434 -0.057923 0.975636
Car -1 -1 -10 822.000000 185.000000 1156.000000 296.000000 1.523897 1.599774 4.040975 5.882249 1.687522 10.730130 3.083869 0.975204
Car -1 -1 -10 615.000000 175.000000 649.000000 201.000000 1.525068 1.619444 3.906086 0.737512 1.784795 44.297887 -1.478705 0.334775
Car -1 -1 -10 477.000000 177.000000 514.000000 202.000000 1.589896 1.609072 3.952365 -6.315275 1.405407 38.003713 -1.680548 0.250652
Car -1 -1 -10 375.000000 179.000000 480.000000 221.000000 1.467513 1.567925 3.925099 -6.913211 1.664062 26.649247 0.753351 0.128023
Cyclist -1 -1 -10 474.000000 174.000000 507.000000 238.000000 1.730225 0.615601 1.746256 -3.363253 1.821370 19.932747 1.575689 0.992468
Cyclist -1 -1 -10 476.000000 179.000000 512.000000 208.000000 1.771447 0.811321 1.883243 -5.948234 1.688258 36.252131 2.960465 0.624584
