Pedestrian -1 -1 -10 769.000000 171.000000 821.000000 283.000000 1.699513 0.666262 1.012292 2.841264 1.564129 10.787512 -1.395326 0.994296
Pedestrian -1 -1 -10 437.000000 178.000000 456.000000 244.000000 1.808610 0.617488 0.744499 -4.232955 1.670156 19.429244 1.724067 0.978398
Pedestrian -1 -1 -10 451.000000 182.000000 467.000000 236.000000 1.712808 0.630252 0.683837 -4.661292 1.650219 23.145315 2.915028 0.632553
Pedestrian -1 -1 -10 259.000000 183.000000 288.000000 277.000000 1.728631 0.608179 0.807222 -5.745354 1.719858 12.641032 2.119172 0.516504
Pedestrian -1 -1 -10 1153.000000 146.000000 1236.000000 355.000000 1.707881 0.495481 0.637348 5.127190 1.228034 6.387964 3.247176 0.149106
Pedestrian -1 -1 -10 518.000000 180.000000 535.000000 220.000000 1.740517 0.699355 0.967041 -3.468865 1.780910 33.063792 0.977067 0.065147
Pedestrian -1 -1 -10 1199.000000 151.000000 1238.000000 364.000000 1.703461 0.623097 0.651334 7.118863 1.192406 8.525868 -1.399646 0.057620
Pedestrian -1 -1 -10 611.000000 179.000000 620.000000 210.000000 1.704410 0.591614 0.574343 0.798196 2.495335 42.344504 2.618363 0.020607
Pedestrian -1 -1 -10 597.000000 178.000000 607.000000 210.000000 1.840164 0.650092 0.816946 -0.014010 1.552452 42.324619 -1.605203 0.016988
Cyclist -1 -1 -10 1171.000000 156.000000 1237.000000 354.000000 1.748534 0.560486 1.655753 6.999477 1.108601 8.400588 -0.354749 0.088623
Cyclist -1 -1 -10 513.000000 181.000000 537.000000 219.000000 1.728442 0.792881 1.843601 -3.525682 1.717359 33.126699 -1.179832 0.016005
Cyclist -1 -1 -10 254.000000 182.000000 295.000000 281.000000 1.714541 0.525274 1.683447 -5.731458 1.653883 12.696758 1.768174 0.010875
