Pedestrian -1 -1 -10 645.000000 152.000000 678.000000 237.000000 1.739765 0.649356 0.724735 1.177367 1.107958 14.997654 1.580944 0.988833
Pedestrian -1 -1 -10 339.000000 168.000000 362.000000 222.000000 1.748319 0.644729 0.995399 -8.283871 1.243909 23.552948 -2.054368 0.981043
Pedestrian -1 -1 -10 37.000000 175.000000 97.000000 303.000000 1.794517 0.754311 0.872347 -8.220171 1.552519 10.835738 2.423711 0.936225
Pedestrian -1 -1 -10 0.000000 174.000000 36.000000 333.000000 1.821396 0.641235 0.863305 -9.057426 1.129661 10.998219 -2.261091 0.729880
Pedestrian -1 -1 -10 431.000000 168.000000 442.000000 199.000000 1.751513 0.651741 0.712261 -9.690804 1.077852 41.847534 -1.827292 0.201113
Pedestrian -1 -1 -10 468.000000 168.000000 490.000000 216.000000 1.744388 0.661369 0.819814 -4.529704 1.193122 25.972773 -2.122395 0.097909
Pedestrian -1 -1 -10 486.000000 170.000000 502.000000 215.000000 1.742665 0.620370 0.911369 -3.964374 1.200463 26.183785 -1.697851 0.074306
Pedestrian -1 -1 -10 213.000000 154.000000 329.000000 357.000000 1.691159 0.761545 0.692482 -2.954665 1.506980 6.538736 1.595375 0.056475
Pedestrian -1 -1 -10 477.000000 170.000000 497.000000 216.000000 1.742654 0.592708 0.919004 -4.159612 1.116959 26.108259 -3.191635 0.032406
Pedestrian -1 -1 -10 18.000000 185.000000 138.000000 329.000000 1.749011 0.616836 0.695671 -6.508109 1.593867 8.502952 1.978771 0.013129
Car -1 -1 -10 19.000000 180.000000 286.000000 368.000000 1.605109 1.672488 4.067485 -4.966740 1.636482 8.466294 1.464518 0.996386
Car -1 -1 -10 18.000000 185.000000 138.000000 329.000000 1.528690 1.552477 3.475459 -6.918630 1.418755 9.626628 -2.206510 0.036114
Car -1 -1 -10 186.000000 163.000000 336.000000 364.000000 1.686812 1.580276 3.665290 -3.231943 1.647226 7.985164 -0.959199 0.024039
Cyclist -1 -1 -10 206.000000 148.000000 333.000000 371.000000 1.779521 0.644771 1.783038 -2.911180 1.597728 6.445431 1.479937 0.997424
Cyclist -1 -1 -10 13.000000 177.000000 296.000000 372.000000 1.706081 0.804318 1.887893 -4.288963 1.739634 7.293154 2.009960 0.214134
Cyclist -1 -1 -10 468.000000 167.000000 489.000000 216.000000 1.752345 0.588165 1.706155 -4.476818 1.164058 26.014930 1.504999 0.194204
Cyclist -1 -1 -10 1.000000 170.000000 49.000000 330.000000 1.665590 0.571124 1.601931 -6.639442 1.376402 8.259487 0.208207 0.082917
Cyclist -1 -1 -10 27.000000 174.000000 102.000000 307.000000 1.768456 0.523980 1.823328 -8.375816 1.561291 11.213106 -2.309905 0.062391
Cyclist -1 -1 -10 1.000000 162.000000 20.000000 359.000000 1.657676 0.548295 1.647401 -5.350874 1.256089 6.422873 -2.257001 0.010913
