Pedestrian -1 -1 -10 719.000000 163.000000 778.000000 345.000000 1.739789 0.614364 0.949076 1.439143 1.591345 7.247721 -0.717087 0.998462
Pedestrian -1 -1 -10 940.000000 130.000000 1006.000000 280.000000 1.817131 0.622569 0.830421 4.737889 1.221025 9.213198 3.602444 0.995586
Pedestrian -1 -1 -10 556.000000 169.000000 578.000000 233.000000 1.779499 0.655057 0.888829 -1.014463 1.435761 19.793880 -2.008231 0.995403
Pedestrian -1 -1 -10 493.000000 169.000000 515.000000 238.000000 1.787252 0.622095 0.837363 -2.609854 1.455788 18.836193 1.065543 0.975078
Pedestrian -1 -1 -10 467.000000 173.000000 492.000000 240.000000 1.767313 0.640549 0.919635 -3.210120 1.490859 18.904869 1.254461 0.973775
Pedestrian -1 -1 -10 1019.000000 140.000000 1072.000000 273.000000 1.770250 0.646578 0.854627 5.867959 1.221429 9.587047 3.173770 0.830883
Pedestrian -1 -1 -10 595.000000 170.000000 612.000000 229.000000 1.811076 0.686221 0.690062 -0.072484 1.318650 20.624777 -0.992380 0.804490
Pedestrian -1 -1 -10 148.000000 213.000000 231.000000 360.000000 1.702246 0.537227 0.687024 -3.907860 1.774563 6.713570 0.118257 0.714043
Pedestrian -1 -1 -10 603.000000 169.000000 620.000000 231.000000 1.708417 0.556092 0.803014 0.263505 1.402339 19.531894 -1.735856 0.707455
Pedestrian -1 -1 -10 244.000000 216.000000 315.000000 351.000000 1.650891 0.541623 0.766078 -2.780967 1.920963 6.251140 2.261373 0.513304
Pedestrian -1 -1 -10 271.000000 202.000000 320.000000 301.000000 1.737018 0.627778 0.573814 -4.056095 1.898755 10.076297 -1.571178 0.373908
Pedestrian -1 -1 -10 615.000000 170.000000 632.000000 226.000000 1.765180 0.574305 0.713367 0.668229 1.368511 21.411272 2.033799 0.337901
Pedestrian -1 -1 -10 584.000000 167.000000 601.000000 219.000000 1.820822 0.627261 0.753080 -0.469710 1.211952 27.518175 -1.610226 0.337094
Pedestrian -1 -1 -10 0.000000 168.000000 176.000000 373.000000 1.697668 0.650005 0.530012 -1.545799 1.617083 1.847171 1.475794 0.320838
Pedestrian -1 -1 -10 291.000000 203.000000 333.000000 296.000000 1.711295 0.660600 0.592694 -5.324570 1.804720 13.244792 2.278151 0.269312
Pedestrian -1 -1 -10 348.000000 200.000000 379.000000 295.000000 1.741065 0.666383 0.659624 -3.678494 1.858349 11.151049 -1.424964 0.118810
Pedestrian -1 -1 -10 317.000000 205.000000 381.000000 302.000000 1.757662 0.643043 0.637628 -3.782201 2.042579 11.153132 -1.457507 0.116218
Pedestrian -1 -1 -10 222.000000 202.000000 256.000000 277.000000 1.728239 0.548042 0.780369 -6.285054 1.834141 12.406634 0.015424 0.061233
Pedestrian -1 -1 -10 277.000000 202.000000 351.000000 321.000000 1.729800 0.543800 0.753708 -3.994108 1.855279 9.885084 0.211551 0.058119
Pedestrian -1 -1 -10 856.000000 161.000000 882.000000 240.000000 1.692106 0.509024 0.751588 5.069496 1.619683 13.255748 2.846943 0.057463
Car -1 -1 -10 1072.000000 231.000000 1236.000000 364.000000 1.479434 1.575458 3.821721 5.649782 1.528132 5.499524 1.557399 0.047392
Cyclist -1 -1 -10 243.000000 218.000000 317.000000 343.000000 1.693795 0.617256 1.662913 -2.668113 1.793354 6.126003 2.247540 0.254277
Cyclist -1 -1 -10 641.000000 172.000000 695.000000 229.000000 1.695137 0.516954 1.449770 1.890559 1.343463 23.502311 2.279544 0.237934
Cyclist -1 -1 -10 257.000000 206.000000 325.000000 297.000000 1.621249 0.495326 1.588397 -5.727906 1.838788 12.301240 0.756324 0.116945
Cyclist -1 -1 -10 0.000000 159.000000 174.000000 368.000000 1.673318 0.748381 1.715983 -1.758525 1.400888 1.780025 1.562894 0.106592
Cyclist -1 -1 -10 494.000000 170.000000 515.000000 238.000000 1.811277 0.671549 1.861402 -2.616188 1.481258 18.883850 1.372639 0.036271
Cyclist -1 -1 -10 225.000000 203.000000 263.000000 278.000000 1.679067 0.536410 1.750312 -6.367725 1.753081 12.642598 -1.961023 0.031491
Cyclist -1 -1 -10 644.000000 169.000000 669.000000 218.000000 1.743311 0.675243 1.680744 1.796962 1.077808 23.547752 3.000374 0.028875
Cyclist -1 -1 -10 294.000000 203.000000 338.000000 297.000000 1.637991 0.447211 1.617741 -5.161438 1.586790 13.358917 2.640562 0.027460
Cyclist -1 -1 -10 132.000000 207.000000 238.000000 366.000000 1.590528 0.349830 1.683043 -3.845045 1.576008 6.603700 -2.101040 0.019689
Cyclist -1 -1 -10 273.000000 202.000000 303.000000 283.000000 1.667710 0.494976 1.647476 -5.704582 1.627050 13.190659 0.694247 0.017846
Cyclist -1 -1 -10 667.000000 164.000000 689.000000 227.000000 1.711070 0.525246 1.728569 2.502944 1.033750 23.775036 -2.003364 0.015807
Cyclist -1 -1 -10 317.000000 205.000000 381.000000 302.000000 1.730347 0.571821 1.437044 -3.577039 1.590800 9.549717 2.615513 0.012270
