Pedestrian -1 -1 -10 689.000000 172.000000 712.000000 229.000000 1.756418 0.592045 0.608420 2.832274 1.493274 21.658720 -1.427030 0.957741
Pedestrian -1 -1 -10 3.000000 164.000000 103.000000 370.000000 1.687186 0.583418 0.676966 -8.768476 1.280462 11.324110 -2.856484 0.901319
Pedestrian -1 -1 -10 103.000000 184.000000 158.000000 321.000000 1.826921 0.689421 0.595935 -5.206185 1.756271 7.889351 -1.784863 0.832593
Pedestrian -1 -1 -10 767.000000 168.000000 787.000000 226.000000 1.695524 0.636527 0.879487 5.114717 1.251642 21.006934 -1.833648 0.744948
Pedestrian -1 -1 -10 36.000000 187.000000 140.000000 367.000000 1.608271 0.521768 0.590464 -3.446170 1.423209 4.253453 1.895761 0.247987
Pedestrian -1 -1 -10 512.000000 173.000000 524.000000 209.000000 1.842290 0.715119 0.913811 -4.648154 1.474987 40.240808 2.960601 0.221222
Pedestrian -1 -1 -10 550.000000 181.000000 562.000000 209.000000 1.684643 0.681558 0.801396 -2.385195 1.731370 38.576563 3.054400 0.170368
Pedestrian -1 -1 -10 538.000000 180.000000 552.000000 209.000000 1.664475 0.629529 0.745241 -3.075236 1.681323 38.650271 -3.146387 0.140135
Pedestrian -1 -1 -10 75.000000 189.000000 186.000000 347.000000 1.732995 0.554258 0.622481 -3.749836 1.709366 5.813700 -1.758567 0.114479
Pedestrian -1 -1 -10 506.000000 174.000000 519.000000 209.000000 1.810365 0.633225 0.594034 -4.913139 1.428779 38.759775 -1.686048 0.114173
Pedestrian -1 -1 -10 502.000000 173.000000 513.000000 209.000000 1.867106 0.662720 0.838457 -5.070063 1.463393 39.228737 2.445073 0.036205
Pedestrian -1 -1 -10 22.000000 166.000000 241.000000 366.000000 1.749207 0.713706 0.805411 -3.197695 1.686051 4.769034 -0.000053 0.018421
Car -1 -1 -10 60.000000 140.000000 465.000000 376.000000 1.865436 1.712023 4.181448 -2.731427 1.601235 6.814860 1.578811 0.849702
Car -1 -1 -10 641.000000 172.000000 687.000000 211.000000 1.712554 1.638318 4.068328 3.143146 1.346645 35.998789 -1.571959 0.353729
Car -1 -1 -10 18.000000 165.000000 255.000000 366.000000 1.523063 1.561073 3.512729 -3.395841 1.390395 4.675378 -3.588743 0.077959
Car -1 -1 -10 75.000000 189.000000 186.000000 347.000000 1.451607 1.613919 3.893854 -2.985309 1.404880 6.577694 1.326103 0.011968
Cyclist -1 -1 -10 643.000000 171.000000 687.000000 212.000000 1.934104 0.438491 1.831914 2.901969 1.373027 34.174091 3.163818 0.011816
Cyclist -1 -1 -10 0.000000 177.000000 116.000000 369.000000 1.728116 0.609363 1.722710 -2.162241 1.390631 2.492294 -1.722361 0.011722
