Car -1 -1 -10 706.000000 186.000000 842.000000 279.000000 1.413420 1.597933 3.881168 2.784636 1.671751 12.882222 -1.550452 0.999706
Car -1 -1 -10 552.000000 177.000000 588.000000 205.000000 1.489235 1.621576 3.619364 -2.052191 1.672800 36.985567 1.532505 0.998448
Car -1 -1 -10 679.000000 179.000000 742.000000 229.000000 1.400641 1.593898 3.899131 3.000740 1.658688 22.192882 -1.575455 0.990524
Car -1 -1 -10 318.000000 177.000000 493.000000 237.000000 1.506091 1.592472 4.114622 -5.801551 1.790689 19.747670 -3.206750 0.982612
Car -1 -1 -10 191.000000 172.000000 421.000000 257.000000 1.535991 1.617273 4.138311 -5.902217 1.409008 14.201910 -0.052030 0.973790
Car -1 -1 -10 0.000000 181.000000 248.000000 372.000000 1.551043 1.589773 3.959733 -6.331011 1.823217 7.565359 -0.180365 0.954138
Car -1 -1 -10 652.000000 172.000000 687.000000 201.000000 1.554198 1.644781 3.844062 3.340217 1.501753 40.741236 -1.555604 0.922002
Car -1 -1 -10 390.000000 175.000000 509.000000 219.000000 1.529302 1.630141 3.887690 -6.080913 1.398468 28.403559 -3.197061 0.890927
Car -1 -1 -10 486.000000 175.000000 546.000000 200.000000 1.496956 1.644219 3.802121 -5.103881 1.645668 44.146845 -0.077749 0.621863
Cyclist -1 -1 -10 2.000000 169.000000 238.000000 369.000000 1.705532 0.923840 1.891697 -4.616058 1.857538 6.578459 -0.187109 0.029308
