Car -1 -1 -10 640.000000 176.000000 715.000000 231.000000 1.424896 1.619696 3.924548 1.869609 1.597232 21.305126 -1.616644 0.999305
Car -1 -1 -10 619.000000 171.000000 658.000000 204.000000 1.563838 1.560472 3.663642 1.436446 1.596950 36.479630 -1.657995 0.981150
Car -1 -1 -10 132.000000 184.000000 432.000000 250.000000 1.483210 1.639805 4.160845 -7.068542 1.682257 15.673196 -3.063502 0.933055
Car -1 -1 -10 421.000000 177.000000 493.000000 211.000000 1.495880 1.657050 3.607982 -6.929856 1.783970 32.975496 -0.120489 0.924239
Car -1 -1 -10 947.000000 156.000000 1235.000000 367.000000 1.673295 1.637815 3.973522 5.426182 1.593843 7.685750 0.102646 0.889856
Car -1 -1 -10 271.000000 179.000000 433.000000 239.000000 1.480064 1.553314 3.815706 -6.783113 1.802043 18.514238 -3.071850 0.283583
Car -1 -1 -10 459.000000 174.000000 517.000000 199.000000 1.575245 1.675155 3.945857 -7.791620 1.717542 47.452122 -2.362618 0.202089
Car -1 -1 -10 290.000000 181.000000 403.000000 287.000000 1.434618 1.583889 3.959733 -6.254750 1.718787 15.085122 1.333327 0.149812
Car -1 -1 -10 384.000000 178.000000 471.000000 216.000000 1.688379 1.690410 4.095247 -8.699265 1.600535 29.579205 -2.988994 0.037430
Car -1 -1 -10 1084.000000 189.000000 1244.000000 371.000000 1.502938 1.617509 4.068621 5.598010 1.611594 5.358525 0.126854 0.018780
Car -1 -1 -10 233.000000 184.000000 363.000000 243.000000 1.558790 1.484750 3.391804 -7.744271 1.453251 20.162986 0.578218 0.016920
Car -1 -1 -10 1031.000000 162.000000 1235.000000 295.000000 1.442400 1.517662 3.667240 5.597232 1.346081 8.265950 1.545862 0.013604
Cyclist -1 -1 -10 306.000000 177.000000 401.000000 327.000000 1.728111 0.606515 1.789485 -3.200005 1.794440 9.029642 1.472118 0.999526
Cyclist -1 -1 -10 266.000000 183.000000 410.000000 265.000000 1.626741 0.594008 1.637689 -5.689893 1.787954 15.169121 1.779409 0.317929
