Pedestrian -1 -1 -10 1157.000000 133.000000 1236.000000 364.000000 1.753496 0.588440 0.725685 4.720288 1.434259 5.631662 0.678486 0.985529
Pedestrian -1 -1 -10 674.000000 173.000000 693.000000 226.000000 1.738366 0.643227 0.780125 2.601896 1.471718 23.351533 -1.661473 0.959994
Pedestrian -1 -1 -10 923.000000 231.000000 1010.000000 370.000000 1.706152 0.627730 0.559482 2.550411 1.820669 5.370496 3.140845 0.778308
Pedestrian -1 -1 -10 696.000000 171.000000 717.000000 227.000000 1.792926 0.714759 0.914860 3.398649 1.453898 23.466441 -1.540213 0.698477
Pedestrian -1 -1 -10 535.000000 170.000000 561.000000 229.000000 1.775233 0.710890 0.975006 -1.664636 1.437752 22.680558 -1.744794 0.439642
Pedestrian -1 -1 -10 981.000000 180.000000 1023.000000 266.000000 1.739388 0.513231 0.747490 6.625547 1.499071 11.979237 -0.617911 0.307288
Pedestrian -1 -1 -10 891.000000 225.000000 1093.000000 368.000000 1.708159 0.657642 0.560280 2.613151 1.618111 5.047582 3.611855 0.030926
Pedestrian -1 -1 -10 1207.000000 129.000000 1237.000000 337.000000 1.711170 0.475630 0.605512 4.739282 1.235491 5.606894 1.193470 0.012583
Pedestrian -1 -1 -10 609.000000 172.000000 622.000000 205.000000 1.814124 0.707545 0.667057 0.798219 1.269861 39.827623 -1.609033 0.011770
Car -1 -1 -10 16.000000 203.000000 341.000000 371.000000 1.479023 1.586267 3.748155 -2.719477 1.592965 2.833640 1.685399 0.989756
Car -1 -1 -10 913.000000 226.000000 1035.000000 367.000000 1.495374 1.542980 3.729516 2.650684 1.614091 4.480000 2.636546 0.011109
Cyclist -1 -1 -10 535.000000 171.000000 561.000000 230.000000 1.822264 0.589517 1.718689 -1.768007 1.471558 22.879836 -1.649777 0.871852
Cyclist -1 -1 -10 913.000000 226.000000 1035.000000 367.000000 1.639709 0.525575 1.765635 2.607605 1.601319 5.000546 1.590927 0.570769
Cyclist -1 -1 -10 561.000000 176.000000 582.000000 206.000000 1.709680 0.649194 1.679805 -1.405185 1.513582 33.703113 -1.599532 0.041185
