Car -1 -1 -10 573.000000 175.000000 611.000000 210.000000 1.541938 1.631307 3.796855 -0.780656 1.010752 35.486201 -1.595911 0.999405
Car -1 -1 -10 214.000000 186.000000 407.000000 293.000000 1.485502 1.627327 4.037619 -4.680487 1.497745 12.033978 -1.568985 0.999358
Car -1 -1 -10 408.000000 183.000000 487.000000 237.000000 1.439848 1.600400 3.818715 -4.619994 1.400368 21.300189 -1.569804 0.999006
Car -1 -1 -10 90.000000 177.000000 232.000000 242.000000 1.558209 1.635335 3.845777 -12.198779 1.436921 20.146858 -1.583676 0.997786
Car -1 -1 -10 216.000000 186.000000 315.000000 248.000000 1.508706 1.625805 3.733452 -8.676041 1.512182 19.074856 -1.499450 0.959233
Car -1 -1 -10 445.000000 180.000000 500.000000 220.000000 1.511494 1.591258 3.699412 -5.466392 1.329613 29.121856 -1.594930 0.589269
Car -1 -1 -10 0.000000 178.000000 161.000000 315.000000 1.583683 1.639565 3.736864 -8.376156 1.615637 10.497133 -1.606796 0.517789
Car -1 -1 -10 344.000000 179.000000 418.000000 217.000000 1.498958 1.589700 3.751018 -9.085767 1.295034 29.179486 -1.575763 0.451724
Car -1 -1 -10 412.000000 173.000000 462.000000 205.000000 1.557604 1.635723 3.770250 -9.059577 0.679144 39.785902 -1.728784 0.079427
Car -1 -1 -10 509.000000 172.000000 545.000000 205.000000 1.644058 1.620889 3.475164 -4.603836 0.897856 37.076532 -1.618966 0.016162
