Pedestrian -1 -1 -10 766.000000 154.000000 840.000000 351.000000 1.775715 0.638754 0.983101 1.766825 1.519712 6.577784 -0.776234 0.997163
Pedestrian -1 -1 -10 561.000000 166.000000 587.000000 232.000000 1.754773 0.641730 0.839989 -0.792983 1.313295 19.181143 -1.861126 0.996223
Pedestrian -1 -1 -10 960.000000 121.000000 1030.000000 289.000000 1.828709 0.611822 0.780632 4.560431 1.262313 8.444037 3.234664 0.995942
Pedestrian -1 -1 -10 501.000000 167.000000 524.000000 242.000000 1.743607 0.629458 0.864539 -2.287275 1.360313 17.382658 -2.129180 0.975492
Pedestrian -1 -1 -10 473.000000 169.000000 500.000000 243.000000 1.803335 0.677132 0.913778 -2.870382 1.418003 17.379068 1.298540 0.957189
Pedestrian -1 -1 -10 604.000000 167.000000 624.000000 228.000000 1.791116 0.634872 0.696360 0.242044 1.267831 19.958164 -0.925077 0.914902
Pedestrian -1 -1 -10 588.000000 164.000000 607.000000 216.000000 1.825915 0.641615 0.931987 -0.183126 1.183710 27.105270 -1.663417 0.907237
Pedestrian -1 -1 -10 79.000000 221.000000 174.000000 353.000000 1.763601 0.567483 0.700089 -3.294064 2.173235 4.649284 0.041556 0.848352
Pedestrian -1 -1 -10 613.000000 166.000000 632.000000 229.000000 1.749640 0.549877 0.745720 0.544464 1.389442 19.071199 2.574998 0.787984
Pedestrian -1 -1 -10 193.000000 215.000000 308.000000 369.000000 1.684539 0.621610 0.853752 -2.625011 1.965923 5.280880 -2.504835 0.570726
Pedestrian -1 -1 -10 1098.000000 131.000000 1154.000000 285.000000 1.746313 0.644471 0.716212 6.101387 1.237575 8.342963 3.308376 0.555575
Pedestrian -1 -1 -10 251.000000 207.000000 321.000000 366.000000 1.696366 0.557853 0.560452 -2.566868 1.784859 5.776647 0.119216 0.518358
Pedestrian -1 -1 -10 627.000000 168.000000 648.000000 225.000000 1.741191 0.652325 0.790174 1.104928 1.287088 20.908877 -0.972299 0.433243
Pedestrian -1 -1 -10 245.000000 200.000000 295.000000 330.000000 1.652978 0.506148 0.659075 -3.943051 1.625824 8.739261 0.086804 0.354084
Pedestrian -1 -1 -10 201.000000 202.000000 238.000000 293.000000 1.763288 0.614298 0.636508 -6.188246 1.797806 11.499190 -0.065960 0.320557
Pedestrian -1 -1 -10 674.000000 158.000000 699.000000 227.000000 1.676578 0.716769 0.814939 2.708757 0.959778 23.170849 -0.999242 0.223450
Pedestrian -1 -1 -10 2.000000 215.000000 119.000000 368.000000 1.778898 0.623618 0.634163 -3.163358 2.261589 4.435244 -1.731836 0.140296
Pedestrian -1 -1 -10 279.000000 215.000000 338.000000 361.000000 1.695128 0.491109 0.716564 -2.509402 1.861036 6.001013 0.132947 0.139401
Car -1 -1 -10 1172.000000 222.000000 1239.000000 368.000000 1.444863 1.436182 3.075487 11.927476 1.852578 13.572296 -1.572634 0.058890
Cyclist -1 -1 -10 181.000000 224.000000 285.000000 369.000000 1.682589 0.595371 1.680218 -2.614616 1.805977 5.231107 2.166519 0.631261
Cyclist -1 -1 -10 668.000000 161.000000 701.000000 230.000000 1.718602 0.559796 1.757549 2.689587 0.949817 23.024268 3.037014 0.234179
Cyclist -1 -1 -10 0.000000 216.000000 100.000000 357.000000 1.721817 0.544841 1.555091 -3.337635 1.757134 4.722811 1.896328 0.089767
Cyclist -1 -1 -10 634.000000 168.000000 681.000000 225.000000 1.698749 0.537440 1.640261 1.623771 1.334728 21.378638 -2.102984 0.066051
Cyclist -1 -1 -10 197.000000 203.000000 241.000000 294.000000 1.687503 0.572385 1.803267 -6.146377 1.655641 11.571872 -2.046881 0.065068
Cyclist -1 -1 -10 229.000000 210.000000 314.000000 365.000000 1.655755 0.502759 1.633104 -2.649963 1.729128 5.483037 -1.501348 0.061846
Cyclist -1 -1 -10 207.000000 203.000000 287.000000 309.000000 1.717465 0.612807 1.679164 -3.056906 1.716560 6.060486 -2.068012 0.031510
Cyclist -1 -1 -10 253.000000 203.000000 308.000000 312.000000 1.596594 0.326887 1.386163 -3.494137 1.558041 8.082414 -2.052573 0.029956
Cyclist -1 -1 -10 76.000000 221.000000 177.000000 362.000000 1.657294 0.580898 1.640757 -3.207523 2.059333 4.527026 1.048361 0.026587
Cyclist -1 -1 -10 266.000000 206.000000 329.000000 288.000000 1.678179 0.582767 1.622469 -5.040267 1.563739 12.174589 -0.317744 0.010059
