Car -1 -1 -10 192.000000 184.000000 328.000000 256.000000 1.487481 1.588146 3.606932 -8.195479 1.482981 17.183937 -1.599918 0.999637
Car -1 -1 -10 578.000000 173.000000 648.000000 237.000000 1.571138 1.683248 3.817183 0.027561 1.275260 20.312774 -1.585448 0.999503
Car -1 -1 -10 331.000000 177.000000 476.000000 275.000000 1.649031 1.648091 3.975647 -3.877775 1.476491 14.171296 -1.573288 0.999026
Car -1 -1 -10 444.000000 178.000000 509.000000 226.000000 1.584016 1.615425 3.781904 -4.537910 1.385331 25.828147 -1.620938 0.993759
Car -1 -1 -10 506.000000 179.000000 544.000000 204.000000 1.532262 1.615577 3.678079 -4.598309 1.501129 44.630256 -1.663781 0.786251
Car -1 -1 -10 486.000000 180.000000 526.000000 211.000000 1.511983 1.576238 3.737048 -5.175371 1.232259 37.010942 -1.583530 0.376266
Car -1 -1 -10 325.000000 184.000000 394.000000 226.000000 1.487835 1.615796 3.897061 -8.776206 1.375615 26.163089 -1.328922 0.328612
Car -1 -1 -10 0.000000 95.000000 189.000000 372.000000 1.846388 1.716577 4.268691 -4.318104 1.461057 3.574021 -1.621537 0.065760
Car -1 -1 -10 293.000000 183.000000 356.000000 212.000000 1.510168 1.679591 4.046314 -12.836563 1.287012 33.037390 -1.497777 0.059601
Car -1 -1 -10 26.000000 191.000000 180.000000 283.000000 1.547733 1.621315 3.817540 -8.249003 1.717264 10.892790 -1.583114 0.026725
