Car -1 -1 -10 294.000000 198.000000 424.000000 296.000000 1.607523 1.568398 3.723065 -4.462306 2.064825 13.133422 1.465796 0.999143
Car -1 -1 -10 791.000000 198.000000 1246.000000 373.000000 1.473513 1.607911 4.002273 3.109238 1.761719 6.428830 -1.632154 0.999091
Car -1 -1 -10 647.000000 177.000000 765.000000 264.000000 1.562040 1.630623 3.810226 1.798461 1.724146 16.354163 -1.647680 0.996467
Car -1 -1 -10 711.000000 193.000000 914.000000 312.000000 1.497922 1.601376 3.749028 2.725216 1.791046 10.966193 -1.648211 0.994794
Car -1 -1 -10 418.000000 176.000000 491.000000 237.000000 1.824161 1.688846 4.150475 -5.349416 2.042900 24.561728 -1.681073 0.990848
Car -1 -1 -10 4.000000 208.000000 338.000000 376.000000 1.524784 1.644676 3.960490 -3.815944 1.928401 6.411023 1.438846 0.989661
Car -1 -1 -10 603.000000 181.000000 653.000000 224.000000 1.445380 1.605873 3.914318 0.674609 1.911954 29.024355 -1.629694 0.988009
Car -1 -1 -10 483.000000 183.000000 512.000000 208.000000 1.537332 1.601570 3.964640 -7.253981 2.158325 46.158527 1.511716 0.984074
Car -1 -1 -10 623.000000 180.000000 696.000000 239.000000 1.551855 1.343657 2.454013 1.602790 1.792675 21.708014 1.632935 0.928383
Car -1 -1 -10 596.000000 182.000000 628.000000 211.000000 1.529549 1.639936 3.782319 0.327075 2.119106 40.678524 -1.597560 0.316135
