Pedestrian -1 -1 -10 4.000000 210.000000 70.000000 377.000000 1.744316 0.603493 0.800382 -4.724988 2.055357 5.590911 -0.097799 0.049496
Car -1 -1 -10 728.000000 187.000000 965.000000 327.000000 1.492649 1.661199 4.145770 2.795993 1.639220 9.666086 -1.605016 0.999542
Car -1 -1 -10 150.000000 186.000000 436.000000 270.000000 1.478037 1.646636 4.059658 -5.822876 1.768386 13.570654 0.073738 0.999436
Car -1 -1 -10 683.000000 179.000000 766.000000 233.000000 1.397151 1.596350 3.960298 3.200157 1.643939 20.318853 -1.580096 0.998162
Car -1 -1 -10 654.000000 170.000000 694.000000 203.000000 1.626164 1.634715 4.073254 3.572618 1.580594 39.887706 -1.515889 0.978318
Car -1 -1 -10 449.000000 175.000000 533.000000 209.000000 1.525818 1.567134 3.638724 -4.267443 1.787997 32.945070 1.963797 0.949955
Car -1 -1 -10 0.000000 182.000000 218.000000 353.000000 1.558803 1.580309 3.951286 -6.539024 1.667140 7.718599 -0.056719 0.867849
Car -1 -1 -10 284.000000 170.000000 429.000000 235.000000 1.567312 1.564302 3.877410 -6.379239 1.598834 18.385393 -3.148300 0.846057
Car -1 -1 -10 481.000000 173.000000 548.000000 204.000000 1.489520 1.620842 3.965267 -4.925201 1.476963 35.731408 1.911116 0.390989
Car -1 -1 -10 390.000000 178.000000 523.000000 221.000000 1.561346 1.665176 4.132951 -5.089504 1.658980 26.257074 -1.643269 0.100412
Car -1 -1 -10 0.000000 190.000000 106.000000 372.000000 1.476561 1.632073 3.895775 -6.236016 1.719552 5.771876 -3.267535 0.041756
