Car -1 -1 -10 805.000000 184.000000 1001.000000 250.000000 1.495817 1.632221 3.843615 6.678144 1.722071 16.819554 -0.040257 0.999467
Car -1 -1 -10 48.000000 181.000000 372.000000 278.000000 1.441182 1.650821 4.083239 -6.382288 1.594302 11.536299 -3.181005 0.998480
Car -1 -1 -10 884.000000 186.000000 1266.000000 318.000000 1.509387 1.638656 4.083563 6.117021 1.672566 9.174884 3.166019 0.997269
Car -1 -1 -10 287.000000 177.000000 477.000000 241.000000 1.567620 1.604100 3.948731 -5.730560 1.660213 18.660394 0.102715 0.997218
Car -1 -1 -10 710.000000 179.000000 801.000000 218.000000 1.561715 1.658917 3.826734 5.991793 1.821301 28.730482 0.014427 0.996375
Car -1 -1 -10 218.000000 180.000000 434.000000 259.000000 1.483488 1.565607 3.744244 -5.677563 1.693715 15.398897 -2.582601 0.989151
Car -1 -1 -10 786.000000 179.000000 918.000000 241.000000 1.508134 1.605342 3.827644 6.691207 1.812727 21.809910 0.124399 0.988082
Car -1 -1 -10 448.000000 175.000000 531.000000 207.000000 1.607657 1.621070 3.864572 -6.021497 1.794888 37.040699 0.034282 0.848234
Car -1 -1 -10 359.000000 173.000000 492.000000 224.000000 1.562070 1.592103 4.024222 -6.417487 1.475066 23.457431 -3.218636 0.758043
Car -1 -1 -10 0.000000 199.000000 87.000000 374.000000 1.555508 1.589438 4.042105 -5.530481 1.475415 4.080397 -3.344263 0.393268
Car -1 -1 -10 406.000000 175.000000 515.000000 215.000000 1.446157 1.616654 3.968690 -5.966917 1.686703 29.037857 -3.071609 0.273667
