Pedestrian -1 -1 -10 880.000000 149.000000 975.000000 338.000000 1.741831 0.593307 0.927757 2.988745 1.454458 6.734003 -2.675493 0.997737
Pedestrian -1 -1 -10 672.000000 157.000000 714.000000 264.000000 1.754548 0.700922 0.994340 1.537468 1.318287 12.280384 -1.602405 0.996943
Pedestrian -1 -1 -10 607.000000 163.000000 645.000000 265.000000 1.647091 0.604394 0.702423 0.380498 1.389891 12.003917 1.129826 0.995827
Pedestrian -1 -1 -10 1025.000000 152.000000 1125.000000 324.000000 1.652651 0.609679 0.751223 4.490598 1.390984 7.081595 -1.984967 0.994545
Pedestrian -1 -1 -10 270.000000 169.000000 305.000000 255.000000 1.744836 0.659930 1.011064 -6.522628 1.481195 14.759270 -1.587627 0.992167
Pedestrian -1 -1 -10 649.000000 165.000000 680.000000 258.000000 1.756349 0.602405 0.794109 1.124531 1.414983 13.277992 -2.500836 0.982162
Pedestrian -1 -1 -10 86.000000 171.000000 189.000000 371.000000 1.695097 0.720187 0.685856 -3.964871 1.615876 6.308448 1.986793 0.981505
Pedestrian -1 -1 -10 786.000000 147.000000 818.000000 260.000000 1.754723 0.498434 0.861522 3.204511 1.263481 11.590446 -2.298527 0.980518
Pedestrian -1 -1 -10 29.000000 167.000000 155.000000 375.000000 1.776039 0.744490 0.698040 -4.310056 1.554812 6.248054 2.003320 0.810713
Pedestrian -1 -1 -10 1140.000000 136.000000 1228.000000 308.000000 1.673400 0.611208 0.624934 6.083715 1.272639 7.508637 1.164054 0.551887
Pedestrian -1 -1 -10 360.000000 161.000000 375.000000 213.000000 1.705730 0.637387 0.631260 -8.278795 0.885438 26.102717 -2.401246 0.139021
Pedestrian -1 -1 -10 228.000000 163.000000 249.000000 224.000000 1.681531 0.476170 0.621803 -8.584387 1.142943 16.833632 0.132083 0.137035
Pedestrian -1 -1 -10 807.000000 151.000000 824.000000 223.000000 1.742680 0.639957 0.698839 5.039225 1.065079 17.339371 1.772676 0.025407
Pedestrian -1 -1 -10 623.000000 165.000000 668.000000 250.000000 1.696078 0.535191 0.680200 0.721781 1.811405 11.519638 0.209644 0.022091
Car -1 -1 -10 466.000000 163.000000 558.000000 242.000000 1.696823 1.675533 3.979606 -2.186088 1.239990 18.022769 1.589255 0.999069
Car -1 -1 -10 375.000000 155.000000 473.000000 231.000000 1.920557 1.787957 4.233282 -5.051809 1.281262 21.015089 1.524327 0.974354
Car -1 -1 -10 428.000000 159.000000 498.000000 214.000000 1.583559 1.362570 2.590555 -5.625249 0.987505 25.950512 -1.653809 0.024812
Cyclist -1 -1 -10 7.000000 172.000000 153.000000 373.000000 1.745143 0.528016 1.835063 -4.143318 1.601304 6.007385 1.371746 0.361971
Cyclist -1 -1 -10 89.000000 167.000000 189.000000 373.000000 1.748084 0.539342 1.801112 -3.955831 1.655774 6.076209 1.425636 0.333872
Cyclist -1 -1 -10 1140.000000 134.000000 1230.000000 308.000000 1.698203 0.552813 1.787405 6.026375 1.231847 7.420607 2.654455 0.014144
Cyclist -1 -1 -10 607.000000 163.000000 644.000000 264.000000 1.750184 0.589919 1.683594 0.393543 1.409943 12.012090 1.509584 0.012868
