Pedestrian -1 -1 -10 848.000000 152.000000 897.000000 279.000000 1.773014 0.602600 0.854734 3.844196 1.381256 10.340841 1.373193 0.995832
Pedestrian -1 -1 -10 75.000000 194.000000 130.000000 323.000000 1.780474 0.671810 0.697679 -6.467411 1.758058 9.241485 -2.081490 0.896398
Pedestrian -1 -1 -10 606.000000 177.000000 624.000000 226.000000 1.715991 0.546049 0.773041 0.407130 1.600704 25.219218 -1.989495 0.195223
Pedestrian -1 -1 -10 624.000000 177.000000 644.000000 227.000000 1.755543 0.680425 0.865502 1.144267 1.487007 25.266808 1.543356 0.149362
Pedestrian -1 -1 -10 9.000000 200.000000 48.000000 302.000000 1.663490 0.558750 0.556320 -11.427893 2.524157 14.026065 -0.123561 0.099072
Pedestrian -1 -1 -10 821.000000 170.000000 853.000000 243.000000 1.698487 0.721456 0.731402 4.868589 1.492509 15.042600 -0.729144 0.048831
Pedestrian -1 -1 -10 22.000000 199.000000 146.000000 325.000000 1.779343 0.573453 0.921552 -7.430885 1.779161 9.985329 1.490531 0.032767
Pedestrian -1 -1 -10 836.000000 163.000000 877.000000 258.000000 1.813312 0.656030 0.770492 4.533407 1.246250 12.818844 2.968122 0.018213
Pedestrian -1 -1 -10 4.000000 215.000000 76.000000 351.000000 1.771877 0.568487 0.752471 -8.611299 2.485346 10.898899 1.928907 0.016569
Car -1 -1 -10 1.000000 199.000000 407.000000 373.000000 1.534544 1.659142 4.017101 -3.209833 1.775347 5.910995 1.638021 0.993416
Cyclist -1 -1 -10 -5.000000 197.000000 389.000000 372.000000 1.746724 0.727180 1.936109 -2.854991 1.851804 5.511701 1.735694 0.023710
Cyclist -1 -1 -10 60.000000 195.000000 138.000000 314.000000 1.745008 0.741396 1.700629 -6.501934 1.594270 9.457475 -0.443152 0.021607
