Pedestrian -1 -1 -10 509.000000 166.000000 522.000000 206.000000 1.782248 0.546612 0.545635 -2.883007 1.126410 21.346201 -1.686897 0.105889
Pedestrian -1 -1 -10 478.000000 172.000000 500.000000 209.000000 1.759405 0.562303 0.606009 -3.821606 1.280488 20.503015 0.427198 0.010430
Car -1 -1 -10 451.000000 174.000000 574.000000 267.000000 1.531628 1.639484 4.066109 -1.690234 1.549624 13.471690 -1.530208 0.999579
Car -1 -1 -10 756.000000 167.000000 938.000000 311.000000 1.581599 1.639882 3.712763 3.157318 1.580023 10.343218 -1.479649 0.998452
Car -1 -1 -10 514.000000 175.000000 609.000000 241.000000 1.492087 1.648876 4.157703 -1.209469 1.586907 18.729714 -1.429540 0.995693
Car -1 -1 -10 613.000000 171.000000 643.000000 199.000000 1.497611 1.639703 3.934630 1.225335 1.484615 45.676338 -1.541804 0.992734
Car -1 -1 -10 710.000000 175.000000 755.000000 210.000000 1.502442 1.578831 3.828243 5.332908 1.621166 31.525965 -1.531245 0.991768
Car -1 -1 -10 738.000000 175.000000 834.000000 255.000000 1.457775 1.585773 3.757048 3.896213 1.571534 15.884211 -1.494726 0.983815
Car -1 -1 -10 700.000000 174.000000 734.000000 201.000000 1.532232 1.589444 3.876786 6.508852 1.583010 44.140941 -1.556830 0.146435
Cyclist -1 -1 -10 480.000000 170.000000 498.000000 213.000000 1.664867 0.534465 1.628777 -3.744789 0.969296 21.375224 2.961812 0.012022
