Car -1 -1 -10 572.000000 180.000000 604.000000 209.000000 1.490346 1.564498 3.492035 -1.042148 1.190304 41.206094 -1.564843 0.999451
Car -1 -1 -10 130.000000 182.000000 305.000000 265.000000 1.501271 1.612624 3.764586 -8.087798 1.539890 15.431457 -1.626326 0.995511
Car -1 -1 -10 262.000000 187.000000 361.000000 240.000000 1.521309 1.622735 3.852021 -8.467171 1.562168 21.050187 -1.581170 0.973454
Car -1 -1 -10 3.000000 208.000000 257.000000 375.000000 1.500254 1.663638 4.046869 -4.872508 1.696474 6.230555 -1.592652 0.890425
Car -1 -1 -10 463.000000 185.000000 522.000000 224.000000 1.490708 1.577417 3.785395 -4.740546 1.470015 30.438787 -1.545207 0.874356
Car -1 -1 -10 30.000000 182.000000 181.000000 262.000000 1.486380 1.629646 3.886657 -11.432939 1.366692 17.346939 -1.588146 0.812822
Car -1 -1 -10 494.000000 183.000000 532.000000 210.000000 1.476969 1.591655 3.678729 -5.668570 1.375585 41.709391 -1.617440 0.103617
Car -1 -1 -10 307.000000 187.000000 384.000000 234.000000 1.481599 1.596707 3.934287 -8.353696 1.498837 20.502821 1.627322 0.093091
Car -1 -1 -10 85.000000 184.000000 200.000000 243.000000 1.495318 1.612457 3.866525 -11.639857 1.381506 17.260106 -1.683181 0.067019
Car -1 -1 -10 331.000000 186.000000 434.000000 229.000000 1.528086 1.640570 3.784711 -8.703113 1.484805 21.000252 0.257751 0.012892
Car -1 -1 -10 247.000000 183.000000 328.000000 227.000000 1.521117 1.633651 3.870279 -8.205813 1.521101 21.260241 -1.584518 0.012710
