Pedestrian -1 -1 -10 277.000000 182.000000 292.000000 217.000000 1.800096 0.629492 0.616936 -21.281288 2.230218 46.581313 -1.591031 0.192903
Pedestrian -1 -1 -10 298.000000 182.000000 313.000000 214.000000 1.718544 0.573016 0.760328 -2.128500 1.558367 4.629866 2.558445 0.125855
Pedestrian -1 -1 -10 274.000000 182.000000 303.000000 223.000000 1.727883 0.582064 0.752138 -2.912435 1.519847 6.095720 2.543075 0.031928
Car -1 -1 -10 597.000000 173.000000 631.000000 204.000000 1.578583 1.639310 4.010013 0.263134 1.841457 43.017155 -1.587855 0.999546
Car -1 -1 -10 210.000000 191.000000 299.000000 238.000000 1.525524 1.588637 3.685659 -12.705143 2.252823 26.186590 1.587129 0.999267
Car -1 -1 -10 262.000000 188.000000 317.000000 221.000000 1.548170 1.614070 3.693059 -16.293655 2.428719 36.843554 1.664662 0.831394
Car -1 -1 -10 275.000000 182.000000 301.000000 223.000000 1.463978 1.572553 3.514785 -6.529624 1.376789 14.313141 2.048866 0.027257
Car -1 -1 -10 288.000000 186.000000 316.000000 217.000000 1.528690 1.552479 3.475457 -16.001158 2.362905 36.986039 -1.981284 0.010230
Cyclist -1 -1 -10 266.000000 186.000000 314.000000 221.000000 1.697031 0.481972 1.444753 -15.678662 2.341909 36.379923 -2.021318 0.164513
Cyclist -1 -1 -10 294.000000 181.000000 317.000000 216.000000 1.624615 0.459758 1.527529 -4.024335 1.289127 9.271256 -2.029844 0.061118
Cyclist -1 -1 -10 275.000000 181.000000 297.000000 222.000000 1.693684 0.621548 1.643205 -12.674473 1.817060 27.065608 -2.010267 0.018555
Cyclist -1 -1 -10 63.000000 206.000000 121.000000 251.000000 1.759724 0.808049 1.959944 -17.113513 2.705692 23.733660 -1.318561 0.016835
Cyclist -1 -1 -10 298.000000 183.000000 310.000000 208.000000 1.617599 0.456902 1.538511 -3.623277 1.429909 8.281453 -2.037541 0.016093
Cyclist -1 -1 -10 274.000000 184.000000 291.000000 210.000000 1.775274 0.658358 1.550620 -21.064990 1.928958 46.636711 -0.309688 0.010509
