Pedestrian -1 -1 -10 400.000000 175.000000 422.000000 239.000000 1.803305 0.691313 0.684282 -5.976383 1.919888 21.519247 1.790699 0.985706
Pedestrian -1 -1 -10 380.000000 183.000000 402.000000 237.000000 1.765768 0.666483 0.402823 -7.523657 1.847209 23.678146 -1.869319 0.010963
Car -1 -1 -10 738.000000 180.000000 951.000000 321.000000 1.501063 1.584107 3.675236 2.853596 1.603239 9.477354 -1.599343 0.999519
Car -1 -1 -10 672.000000 180.000000 743.000000 238.000000 1.507642 1.566848 3.460330 2.602603 1.693690 19.705105 -1.575140 0.998506
Car -1 -1 -10 352.000000 195.000000 464.000000 272.000000 1.423227 1.577076 3.704154 -4.302847 1.941952 15.737945 -1.613072 0.998309
Car -1 -1 -10 433.000000 180.000000 506.000000 235.000000 1.646980 1.682873 4.082492 -4.675179 1.945499 24.935312 -1.573045 0.995411
Car -1 -1 -10 643.000000 176.000000 679.000000 210.000000 1.477175 1.555984 3.562551 2.506471 1.691571 35.419645 -1.586374 0.993668
Car -1 -1 -10 496.000000 182.000000 532.000000 214.000000 1.595054 1.590269 3.754057 -5.072436 2.103265 38.796067 1.540384 0.961005
Car -1 -1 -10 761.000000 183.000000 831.000000 242.000000 1.532892 1.583074 3.664247 7.348092 1.723527 31.220795 0.250972 0.167814
Cyclist -1 -1 -10 395.000000 177.000000 421.000000 237.000000 1.685552 0.702021 1.713681 -6.052838 1.606482 21.615405 1.867600 0.010112
