Pedestrian -1 -1 -10 803.000000 175.000000 818.000000 221.000000 1.723742 0.521027 0.655966 3.651954 1.330586 13.767126 -1.957328 0.050749
Pedestrian -1 -1 -10 751.000000 167.000000 765.000000 213.000000 1.782557 0.646600 0.616401 4.684011 1.543498 22.916228 -1.914237 0.012204
Car -1 -1 -10 443.000000 185.000000 519.000000 235.000000 1.522412 1.602658 3.622035 -4.121594 1.966101 23.751850 1.613503 0.999541
Car -1 -1 -10 762.000000 180.000000 910.000000 277.000000 1.532941 1.562964 3.569809 4.007672 1.717812 13.726227 -1.595635 0.998010
Car -1 -1 -10 839.000000 195.000000 1181.000000 373.000000 1.478333 1.616329 3.802179 3.907208 1.749521 7.873259 -1.547913 0.997338
Car -1 -1 -10 708.000000 180.000000 773.000000 228.000000 1.509000 1.582310 3.778533 4.347734 1.738041 24.503640 -1.507832 0.994430
Car -1 -1 -10 729.000000 183.000000 819.000000 246.000000 1.455143 1.605703 3.821494 4.168178 1.725633 18.951833 -1.515298 0.992741
Car -1 -1 -10 488.000000 184.000000 542.000000 221.000000 1.496587 1.570997 3.741610 -3.815020 1.947653 29.696071 1.583334 0.992149
Car -1 -1 -10 691.000000 178.000000 742.000000 218.000000 1.530406 1.615305 3.943765 4.415785 1.841027 29.801409 -1.543440 0.952768
Car -1 -1 -10 514.000000 183.000000 556.000000 214.000000 1.472907 1.637009 4.040191 -3.753505 2.080336 34.975676 1.590467 0.503439
Car -1 -1 -10 1144.000000 174.000000 1239.000000 225.000000 1.650588 1.681639 3.853212 18.175666 1.474774 21.546543 -1.796514 0.339755
Car -1 -1 -10 1117.000000 205.000000 1237.000000 373.000000 1.502571 1.620775 3.996153 4.252587 1.412542 3.029869 -1.475273 0.132632
