Pedestrian -1 -1 -10 1180.000000 127.000000 1234.000000 243.000000 1.705730 0.637387 0.631260 11.614499 0.919065 13.573976 -1.395190 0.011685
Car -1 -1 -10 724.000000 191.000000 895.000000 302.000000 1.393285 1.613079 3.927583 2.855120 1.651718 11.157647 -1.547412 0.999395
Car -1 -1 -10 551.000000 178.000000 589.000000 207.000000 1.446455 1.589446 3.827102 -1.874694 1.636474 35.296927 1.588967 0.999066
Car -1 -1 -10 688.000000 181.000000 759.000000 235.000000 1.342830 1.596765 3.881907 3.127406 1.645133 20.278776 -1.557112 0.997027
Car -1 -1 -10 303.000000 178.000000 481.000000 242.000000 1.540858 1.557315 4.025340 -5.699188 1.902091 18.519068 0.028423 0.992067
Car -1 -1 -10 656.000000 173.000000 693.000000 203.000000 1.528497 1.614368 3.858943 3.407254 1.655194 38.839701 -1.623479 0.965357
Car -1 -1 -10 61.000000 172.000000 397.000000 274.000000 1.540523 1.630835 4.164508 -6.000872 1.439944 12.418615 0.069482 0.956716
Car -1 -1 -10 382.000000 175.000000 498.000000 225.000000 1.593306 1.644322 4.203753 -5.493497 1.705406 23.687194 0.213698 0.948497
Car -1 -1 -10 481.000000 176.000000 547.000000 201.000000 1.517519 1.659198 3.917329 -5.312011 1.645098 42.375672 -0.057473 0.879172
Car -1 -1 -10 2.000000 218.000000 113.000000 380.000000 1.539778 1.590280 4.034590 -5.912539 1.826923 4.899623 0.022168 0.633243
Car -1 -1 -10 211.000000 178.000000 436.000000 250.000000 1.677709 1.647905 4.062854 -6.339136 1.820741 17.578150 -3.331418 0.222568
