Pedestrian -1 -1 -10 1064.000000 129.000000 1190.000000 334.000000 1.788152 0.594472 1.106681 4.765663 1.332029 6.652945 -2.054814 0.995885
Pedestrian -1 -1 -10 646.000000 166.000000 698.000000 290.000000 1.669267 0.626082 0.872384 0.864803 1.479437 9.682760 -2.559261 0.994576
Pedestrian -1 -1 -10 582.000000 158.000000 663.000000 319.000000 1.748369 0.712775 1.027585 0.067134 1.549074 7.729971 -2.972034 0.994235
Pedestrian -1 -1 -10 1118.000000 137.000000 1226.000000 315.000000 1.801862 0.632049 0.678168 6.182454 1.342606 7.514820 1.133454 0.916802
Pedestrian -1 -1 -10 563.000000 161.000000 587.000000 232.000000 1.748953 0.612385 0.865545 -0.804142 1.287044 18.758275 -1.872271 0.647888
Pedestrian -1 -1 -10 716.000000 173.000000 740.000000 227.000000 1.750574 0.612296 0.634852 2.971719 1.455926 16.903487 2.858969 0.392279
Pedestrian -1 -1 -10 588.000000 160.000000 625.000000 293.000000 1.722702 0.564314 0.603875 0.004771 1.606832 7.521750 2.646142 0.281379
Pedestrian -1 -1 -10 453.000000 159.000000 492.000000 237.000000 1.679546 0.557056 0.806250 -2.836261 1.409877 15.916628 0.243092 0.167342
Pedestrian -1 -1 -10 687.000000 174.000000 718.000000 233.000000 1.760411 0.613454 0.746915 2.440185 1.436740 17.774362 -1.900269 0.157379
Pedestrian -1 -1 -10 589.000000 164.000000 611.000000 241.000000 1.883252 0.731750 1.008539 -0.216549 1.411570 17.292070 1.978909 0.147869
Pedestrian -1 -1 -10 668.000000 171.000000 686.000000 221.000000 1.780106 0.744063 0.434928 2.173119 1.257174 21.310962 3.202016 0.095942
Pedestrian -1 -1 -10 660.000000 174.000000 701.000000 245.000000 1.722578 0.515370 0.688040 2.187923 1.723992 17.536241 0.729705 0.075257
Pedestrian -1 -1 -10 599.000000 168.000000 620.000000 242.000000 1.817009 0.731185 0.585366 0.092230 1.393479 18.475694 -2.010984 0.073000
Pedestrian -1 -1 -10 800.000000 170.000000 816.000000 221.000000 1.742438 0.625720 0.470798 5.173176 1.287831 18.180204 -1.757396 0.042918
Car -1 -1 -10 191.000000 155.000000 479.000000 353.000000 1.697026 1.676267 4.082683 -2.794216 1.507176 8.581265 1.645430 0.989910
Car -1 -1 -10 388.000000 158.000000 497.000000 245.000000 1.927589 1.680384 4.082775 -5.024943 1.238642 21.619608 1.570659 0.097128
Car -1 -1 -10 439.000000 161.000000 509.000000 211.000000 1.681089 1.603580 3.751469 -4.864485 0.852471 27.797206 -2.352646 0.085998
Cyclist -1 -1 -10 687.000000 174.000000 718.000000 233.000000 1.713028 0.726714 1.769673 2.501270 1.635784 19.390465 -2.982956 0.073573
Cyclist -1 -1 -10 667.000000 172.000000 691.000000 229.000000 1.669643 0.391333 1.440836 2.390473 1.270412 21.114558 3.113205 0.041258
Cyclist -1 -1 -10 1129.000000 138.000000 1230.000000 310.000000 1.702714 0.532192 1.836020 6.019342 1.248974 7.447028 2.650171 0.020824
Cyclist -1 -1 -10 450.000000 160.000000 493.000000 242.000000 1.706491 0.648436 1.688467 -3.008676 1.377938 15.791062 0.288485 0.020713
Cyclist -1 -1 -10 660.000000 174.000000 701.000000 245.000000 1.681077 0.692901 1.714526 2.226647 1.508808 18.009625 2.209561 0.019495
Cyclist -1 -1 -10 585.000000 163.000000 619.000000 245.000000 1.841285 0.590491 1.550090 -0.058208 1.317245 18.064313 2.062868 0.015422
Cyclist -1 -1 -10 645.000000 169.000000 697.000000 287.000000 1.678317 0.553069 1.729276 0.808469 1.492392 9.595774 -2.436649 0.014633
Cyclist -1 -1 -10 709.000000 172.000000 735.000000 231.000000 1.672427 0.512211 1.746244 2.928628 1.246016 16.929863 -1.831926 0.010588
Cyclist -1 -1 -10 1057.000000 133.000000 1207.000000 330.000000 1.760546 0.587561 1.829446 5.126899 1.291699 6.889451 -0.443897 0.010533
