Car -1 -1 -10 681.000000 201.000000 899.000000 322.000000 1.423072 1.593840 3.881666 2.226419 1.838778 10.232187 -1.726769 0.999576
Car -1 -1 -10 385.000000 192.000000 428.000000 223.000000 1.590359 1.659843 3.913660 -11.219347 2.604414 39.507205 1.438487 0.999241
Car -1 -1 -10 564.000000 189.000000 628.000000 234.000000 1.396898 1.627970 3.862605 -0.612502 2.043062 25.292287 -1.711396 0.998606
Car -1 -1 -10 -4.000000 212.000000 255.000000 363.000000 1.484849 1.576119 3.734347 -6.289162 2.098481 9.731098 1.367082 0.992839
Car -1 -1 -10 554.000000 188.000000 606.000000 224.000000 1.494808 1.598044 3.862982 -1.531225 2.016194 30.856011 -1.709735 0.992314
Car -1 -1 -10 765.000000 172.000000 887.000000 222.000000 1.517981 1.620157 3.910354 7.704989 1.572044 25.557138 -2.686481 0.975282
Car -1 -1 -10 969.000000 180.000000 1245.000000 372.000000 1.531189 1.589767 3.689081 3.434240 1.492713 3.063986 -1.664503 0.829213
Car -1 -1 -10 0.000000 226.000000 118.000000 371.000000 1.496392 1.662532 4.020041 -5.315704 2.015367 4.905223 1.360786 0.785417
Car -1 -1 -10 405.000000 190.000000 439.000000 217.000000 1.515664 1.602461 3.656913 -11.350973 2.612027 44.321652 1.462017 0.759769
Car -1 -1 -10 1067.000000 173.000000 1207.000000 251.000000 1.515053 1.600382 3.850893 10.174255 1.516904 14.149182 2.262234 0.712754
Car -1 -1 -10 705.000000 180.000000 810.000000 212.000000 1.518121 1.688192 4.224077 6.309858 1.732709 31.880197 0.570338 0.507997
Car -1 -1 -10 184.000000 196.000000 256.000000 222.000000 1.529667 1.581104 3.833573 -17.332959 2.524963 32.758198 1.638910 0.361573
