Car -1 -1 -10 753.000000 197.000000 1048.000000 374.000000 1.490959 1.608923 3.750459 2.753176 1.733112 7.742268 -1.598472 0.999728
Car -1 -1 -10 672.000000 177.000000 760.000000 251.000000 1.600531 1.645485 3.922266 2.618327 1.810355 18.599141 -1.565253 0.998802
Car -1 -1 -10 263.000000 184.000000 452.000000 249.000000 1.504465 1.605860 3.982697 -6.418325 1.753584 18.626610 -3.213578 0.981724
Car -1 -1 -10 9.000000 162.000000 353.000000 296.000000 1.783992 1.714574 3.976046 -6.413403 1.721895 11.052045 -3.137180 0.980193
Car -1 -1 -10 656.000000 183.000000 713.000000 230.000000 1.460271 1.604997 4.003244 2.626685 1.840049 24.717010 -1.607165 0.938693
Car -1 -1 -10 204.000000 186.000000 406.000000 270.000000 1.503192 1.613268 3.942689 -6.339827 1.854442 15.826827 -3.091854 0.686812
Car -1 -1 -10 645.000000 178.000000 686.000000 216.000000 1.579362 1.585721 3.827101 2.536183 1.879577 33.860026 -1.621926 0.589314
Car -1 -1 -10 0.000000 207.000000 142.000000 378.000000 1.488804 1.608074 3.976694 -6.434021 1.779441 6.192510 0.012657 0.425653
Car -1 -1 -10 478.000000 180.000000 541.000000 207.000000 1.550054 1.637431 3.958952 -6.426451 2.101899 43.760813 -3.080368 0.270914
Car -1 -1 -10 398.000000 183.000000 513.000000 221.000000 1.589695 1.675049 3.978432 -6.203433 1.996150 29.973818 -1.332606 0.206027
Car -1 -1 -10 441.000000 181.000000 525.000000 213.000000 1.516880 1.596608 3.802415 -5.479502 2.024937 33.408065 -1.619345 0.202363
