Car -1 -1 -10 743.000000 175.000000 1009.000000 345.000000 1.642594 1.655908 3.918529 2.968336 1.704460 8.916415 -1.619328 0.999522
Car -1 -1 -10 706.000000 175.000000 780.000000 208.000000 1.501474 1.579548 3.664742 6.190147 1.691591 34.170462 -2.110112 0.989964
Car -1 -1 -10 252.000000 178.000000 444.000000 258.000000 1.559908 1.599733 4.108403 -5.998836 1.754948 15.978286 0.119168 0.981182
Car -1 -1 -10 60.000000 175.000000 366.000000 285.000000 1.519207 1.566321 3.828040 -6.122934 1.518894 11.185960 1.768639 0.963011
Car -1 -1 -10 350.000000 176.000000 471.000000 225.000000 1.582334 1.627496 3.960016 -7.091782 1.410972 25.781619 -3.002265 0.943862
Car -1 -1 -10 395.000000 173.000000 500.000000 216.000000 1.697699 1.696238 4.247921 -6.511271 1.688613 29.760164 -3.112620 0.530740
Car -1 -1 -10 30.000000 176.000000 261.000000 255.000000 1.492029 1.587430 3.836734 -7.123121 1.362945 12.356959 0.342361 0.192586
Car -1 -1 -10 456.000000 176.000000 521.000000 203.000000 1.556009 1.645484 3.931041 -6.212568 1.611412 42.846008 1.411144 0.016974
Car -1 -1 -10 3.000000 202.000000 104.000000 289.000000 1.458287 1.594229 3.683674 -7.060502 1.521823 11.003941 0.381393 0.016041
Car -1 -1 -10 772.000000 179.000000 899.000000 262.000000 1.468507 1.650332 3.927092 6.209454 0.764541 16.945877 1.669404 0.011948
