Pedestrian -1 -1 -10 858.000000 158.000000 930.000000 308.000000 1.654151 0.627543 0.740159 3.197969 1.428956 8.065162 -2.283807 0.998593
Pedestrian -1 -1 -10 753.000000 150.000000 842.000000 331.000000 1.790197 0.666810 1.019462 1.866221 1.543056 7.110319 -2.422963 0.997500
Pedestrian -1 -1 -10 646.000000 158.000000 677.000000 247.000000 1.808306 0.675580 0.925651 1.177321 1.314823 14.849758 -1.942381 0.996603
Pedestrian -1 -1 -10 566.000000 164.000000 601.000000 253.000000 1.735208 0.616972 0.850656 -0.401891 1.364525 14.663486 -1.642341 0.991127
Pedestrian -1 -1 -10 611.000000 166.000000 642.000000 251.000000 1.716413 0.502032 0.879082 0.449851 1.422251 14.381680 -2.515098 0.988128
Pedestrian -1 -1 -10 316.000000 165.000000 348.000000 243.000000 1.786695 0.680976 0.996642 -6.370857 1.396979 16.764719 -1.907723 0.973831
Pedestrian -1 -1 -10 693.000000 158.000000 724.000000 251.000000 1.755099 0.518937 0.877684 1.971193 1.321730 13.441047 -2.422873 0.772051
Pedestrian -1 -1 -10 1140.000000 136.000000 1227.000000 309.000000 1.708041 0.642110 0.729436 6.118366 1.274205 7.504549 1.164213 0.737892
Pedestrian -1 -1 -10 958.000000 127.000000 997.000000 228.000000 1.780120 0.639979 0.856726 7.491452 0.890947 14.283081 1.005120 0.579309
Pedestrian -1 -1 -10 803.000000 152.000000 824.000000 225.000000 1.767108 0.462354 0.865370 4.795475 1.117251 16.208217 -0.734036 0.245545
Pedestrian -1 -1 -10 228.000000 160.000000 251.000000 232.000000 1.793470 0.550726 0.881744 -8.537175 1.243472 16.810030 0.012420 0.123815
Pedestrian -1 -1 -10 758.000000 161.000000 804.000000 301.000000 1.729538 0.675336 0.889486 1.778113 1.436558 7.183222 3.268370 0.088764
Pedestrian -1 -1 -10 765.000000 171.000000 804.000000 235.000000 1.762865 0.624948 0.818694 3.933995 1.397663 15.870863 0.320409 0.028039
Pedestrian -1 -1 -10 762.000000 169.000000 781.000000 247.000000 1.637149 0.565537 0.770565 3.577226 1.625336 15.249835 2.658818 0.026947
Pedestrian -1 -1 -10 1204.000000 127.000000 1229.000000 183.000000 1.789082 0.714669 0.598490 9.813562 0.628194 11.546176 -0.402565 0.025378
Pedestrian -1 -1 -10 621.000000 161.000000 661.000000 244.000000 1.818183 0.453551 0.958958 0.974198 1.944116 16.006348 -3.068471 0.011445
Car -1 -1 -10 388.000000 161.000000 539.000000 267.000000 1.704860 1.665036 4.005990 -2.485027 1.377314 13.774669 1.679118 0.998541
Car -1 -1 -10 373.000000 157.000000 469.000000 233.000000 1.910312 1.666961 3.953279 -5.294370 1.196944 20.766896 1.360176 0.662955
Cyclist -1 -1 -10 692.000000 158.000000 725.000000 248.000000 1.762223 0.493874 1.699066 2.022520 1.241497 13.534441 -0.930432 0.712748
Cyclist -1 -1 -10 686.000000 169.000000 708.000000 233.000000 1.672495 0.573945 1.737439 2.331167 1.371361 17.872918 -1.521747 0.030713
Cyclist -1 -1 -10 799.000000 158.000000 820.000000 226.000000 1.680687 0.516226 1.842752 4.698108 1.198392 16.199284 1.435238 0.019906
Cyclist -1 -1 -10 566.000000 163.000000 600.000000 256.000000 1.804678 0.633151 1.798961 -0.423948 1.467663 14.563812 1.529425 0.013851
Cyclist -1 -1 -10 647.000000 160.000000 677.000000 245.000000 1.828943 0.511984 1.720305 1.112391 1.379669 14.941332 -2.056746 0.010058
