Pedestrian -1 -1 -10 826.000000 175.000000 846.000000 231.000000 1.740378 0.637436 0.816112 10.342454 1.706520 32.648389 2.755476 0.030834
Car -1 -1 -10 787.000000 187.000000 1075.000000 340.000000 1.492543 1.638836 4.083624 3.478130 1.692871 8.824801 -1.584028 0.999367
Car -1 -1 -10 472.000000 182.000000 526.000000 220.000000 1.474243 1.540882 3.533645 -4.534668 1.854349 29.664701 1.631164 0.999283
Car -1 -1 -10 269.000000 191.000000 430.000000 281.000000 1.473820 1.648536 4.069054 -4.864873 1.857991 13.773811 1.560754 0.999078
Car -1 -1 -10 -3.000000 192.000000 335.000000 369.000000 1.508366 1.616618 3.793152 -4.749606 1.839475 8.407246 1.589922 0.998679
Car -1 -1 -10 737.000000 184.000000 871.000000 272.000000 1.515562 1.630443 3.845892 3.574967 1.807332 13.879134 -1.577123 0.996189
Car -1 -1 -10 500.000000 180.000000 544.000000 212.000000 1.505099 1.609792 3.877459 -4.263545 1.813497 34.393806 1.619746 0.980234
Car -1 -1 -10 714.000000 181.000000 798.000000 246.000000 1.485058 1.608555 3.710865 3.870204 1.770861 19.417010 -1.527020 0.969776
Car -1 -1 -10 691.000000 180.000000 755.000000 227.000000 1.526740 1.640291 3.910270 3.998821 1.846026 25.011022 -1.591367 0.961012
Car -1 -1 -10 988.000000 204.000000 1244.000000 377.000000 1.496482 1.624337 3.855036 3.636273 1.790538 3.345601 1.580651 0.957883
Car -1 -1 -10 970.000000 176.000000 1073.000000 216.000000 1.618707 1.673416 4.005082 13.677358 1.520945 23.270761 1.044702 0.271303
Car -1 -1 -10 1051.000000 175.000000 1184.000000 231.000000 1.625163 1.628161 3.877683 14.048503 1.422909 19.438454 1.322278 0.081881
Car -1 -1 -10 1176.000000 173.000000 1241.000000 233.000000 1.527408 1.573645 3.582951 16.174072 1.161357 20.337245 2.426298 0.045694
Cyclist -1 -1 -10 938.000000 178.000000 995.000000 224.000000 1.683257 0.647633 1.768609 11.420498 1.474368 22.815172 3.422618 0.305441
Cyclist -1 -1 -10 958.000000 178.000000 982.000000 227.000000 1.697489 0.619498 1.702785 11.481993 1.483352 22.911488 3.157726 0.223809
Cyclist -1 -1 -10 905.000000 186.000000 1021.000000 231.000000 1.733280 0.634401 1.777001 11.046111 1.804373 21.305700 1.013692 0.178870
Cyclist -1 -1 -10 989.000000 203.000000 1243.000000 364.000000 1.727842 0.742707 1.891212 2.935194 1.964279 4.150365 1.572625 0.010033
