Car -1 -1 -10 686.000000 209.000000 985.000000 375.000000 1.484021 1.654359 3.922150 2.192175 1.873983 8.244729 -1.741941 0.999330
Car -1 -1 -10 226.000000 214.000000 357.000000 308.000000 1.560830 1.529596 3.605718 -6.081412 2.317312 13.997728 1.360059 0.997169
Car -1 -1 -10 564.000000 190.000000 656.000000 267.000000 1.533956 1.615159 3.734850 -0.211277 2.028601 17.955131 -1.747439 0.996233
Car -1 -1 -10 621.000000 202.000000 777.000000 303.000000 1.485209 1.593180 3.783968 1.325479 2.018012 12.646664 -1.763632 0.995729
Car -1 -1 -10 -1.000000 224.000000 289.000000 374.000000 1.456941 1.619287 3.934509 -4.744530 2.045763 7.476918 1.332217 0.988753
Car -1 -1 -10 521.000000 197.000000 570.000000 237.000000 1.452835 1.607800 3.951941 -2.777744 2.525583 30.462702 -1.775366 0.988401
Car -1 -1 -10 841.000000 209.000000 1244.000000 378.000000 1.455810 1.547768 3.635063 2.785049 1.732540 3.670681 -1.675002 0.970312
Car -1 -1 -10 538.000000 195.000000 605.000000 248.000000 1.526112 1.592632 3.717015 -1.075775 1.940386 25.675958 1.959459 0.884777
Car -1 -1 -10 400.000000 199.000000 433.000000 224.000000 1.522993 1.611767 3.888810 -12.515479 3.280295 46.326355 1.370596 0.823064
Car -1 -1 -10 338.000000 194.000000 412.000000 252.000000 1.722642 1.687557 3.999062 -8.239357 2.591619 25.351436 -1.803909 0.731281
Car -1 -1 -10 513.000000 196.000000 551.000000 228.000000 1.536310 1.608238 3.728338 -3.483114 2.538724 35.544097 -1.766161 0.208649
