Pedestrian -1 -1 -10 665.000000 172.000000 686.000000 231.000000 1.738453 0.641742 0.844982 2.233361 1.545030 22.359336 1.713531 0.924742
Pedestrian -1 -1 -10 1029.000000 185.000000 1086.000000 320.000000 1.691886 0.646875 0.666330 5.838693 1.683649 9.216333 -1.404560 0.804504
Pedestrian -1 -1 -10 522.000000 170.000000 540.000000 232.000000 1.695924 0.594363 0.804160 -2.123025 1.430773 21.673620 -1.675006 0.640651
Pedestrian -1 -1 -10 689.000000 172.000000 712.000000 232.000000 1.808429 0.675781 0.924246 3.038269 1.538654 22.442814 -1.559539 0.540091
Pedestrian -1 -1 -10 544.000000 176.000000 552.000000 204.000000 1.705730 0.637387 0.631258 -3.339650 1.173617 43.080672 -2.160814 0.129138
Pedestrian -1 -1 -10 487.000000 176.000000 497.000000 208.000000 1.580358 0.479528 0.498104 -5.021149 1.443646 33.466093 2.370281 0.126623
Pedestrian -1 -1 -10 1074.000000 272.000000 1187.000000 369.000000 1.678557 0.534030 0.649294 2.834169 1.330097 3.869101 -0.906140 0.123816
Pedestrian -1 -1 -10 979.000000 184.000000 1115.000000 340.000000 1.650531 0.565946 0.618780 2.277887 1.611510 3.524784 2.072439 0.044142
Pedestrian -1 -1 -10 951.000000 192.000000 1215.000000 370.000000 1.823571 0.719919 0.921063 2.507077 1.835093 3.339947 1.829947 0.022464
Pedestrian -1 -1 -10 995.000000 183.000000 1073.000000 301.000000 1.732849 0.578522 0.676384 5.814401 1.735075 9.458053 3.133214 0.013427
Pedestrian -1 -1 -10 606.000000 175.000000 616.000000 205.000000 1.751470 0.575555 0.810970 0.608992 1.397871 46.261031 1.589037 0.010984
Car -1 -1 -10 955.000000 223.000000 1228.000000 366.000000 1.505878 1.570246 3.702076 3.316853 1.472739 3.905139 -1.384182 0.039623
Car -1 -1 -10 1060.000000 263.000000 1215.000000 372.000000 1.591659 1.657002 4.011257 3.150269 1.289654 4.444567 0.511375 0.013700
Cyclist -1 -1 -10 953.000000 203.000000 1207.000000 363.000000 1.701881 0.655312 1.772707 2.476994 1.622372 3.518231 1.547936 0.406896
Cyclist -1 -1 -10 1003.000000 178.000000 1095.000000 349.000000 1.739238 0.680271 1.750921 2.229195 1.502981 3.479808 3.180984 0.159668
Cyclist -1 -1 -10 665.000000 172.000000 687.000000 231.000000 1.800449 0.642655 1.779199 2.269553 1.573571 22.402701 1.697450 0.014509
