Pedestrian -1 -1 -10 575.000000 157.000000 611.000000 231.000000 1.760363 0.655539 0.741102 -0.325657 1.165739 18.270735 0.570977 0.996091
Pedestrian -1 -1 -10 169.000000 171.000000 207.000000 249.000000 1.856996 0.667132 1.116762 -9.934760 1.669958 16.984010 -3.207940 0.969402
Pedestrian -1 -1 -10 208.000000 174.000000 236.000000 246.000000 1.736028 0.559826 0.897148 -10.061891 1.667131 18.783245 -3.540722 0.750599
Pedestrian -1 -1 -10 405.000000 160.000000 426.000000 224.000000 1.741637 0.565894 0.614628 -4.279258 1.172905 15.821375 0.207844 0.648971
Pedestrian -1 -1 -10 190.000000 174.000000 223.000000 247.000000 1.805542 0.612363 0.595962 -10.234615 1.715809 18.633348 -2.009300 0.262862
Pedestrian -1 -1 -10 330.000000 167.000000 346.000000 220.000000 1.752584 0.653390 0.666744 -17.952724 1.148181 47.364727 -2.581737 0.259288
Pedestrian -1 -1 -10 321.000000 166.000000 353.000000 228.000000 1.779307 0.598736 0.910771 -6.434849 1.130189 16.614563 0.196983 0.082819
Pedestrian -1 -1 -10 1066.000000 135.000000 1109.000000 205.000000 1.725137 0.694555 0.968419 13.273184 0.482148 19.369707 -0.405023 0.071061
Pedestrian -1 -1 -10 315.000000 166.000000 340.000000 223.000000 1.742886 0.565515 0.790230 -6.725766 1.303696 16.854001 0.763875 0.044287
Pedestrian -1 -1 -10 293.000000 164.000000 335.000000 229.000000 1.705728 0.739747 0.938140 -6.706480 1.251884 16.297903 -1.477904 0.038286
Pedestrian -1 -1 -10 872.000000 149.000000 903.000000 199.000000 1.761730 0.616210 0.981838 10.470511 0.616071 26.152032 -1.188838 0.034843
Pedestrian -1 -1 -10 1162.000000 127.000000 1224.000000 215.000000 1.804574 0.630331 0.910380 11.589863 0.729570 13.817457 1.153008 0.019701
Pedestrian -1 -1 -10 330.000000 170.000000 371.000000 231.000000 1.732994 0.663257 0.584077 -6.300862 1.198539 17.700625 -2.435831 0.012061
Pedestrian -1 -1 -10 823.000000 154.000000 869.000000 195.000000 1.771817 0.583725 1.022741 10.170785 0.560169 29.734623 2.980729 0.010542
Car -1 -1 -10 299.000000 179.000000 472.000000 293.000000 1.463925 1.614821 3.868742 -3.299777 1.463075 11.279289 -1.551002 0.998795
Car -1 -1 -10 1065.000000 153.000000 1185.000000 189.000000 1.562563 1.583305 3.818920 20.743573 0.337162 27.345498 2.868064 0.038259
Car -1 -1 -10 319.000000 178.000000 396.000000 227.000000 1.533298 1.538544 3.590347 -6.582183 1.402838 17.838790 0.584515 0.017402
Cyclist -1 -1 -10 284.000000 162.000000 342.000000 242.000000 1.807581 0.558923 1.665871 -6.689421 1.373354 16.192270 -1.362529 0.989920
Cyclist -1 -1 -10 1155.000000 129.000000 1225.000000 217.000000 1.749243 0.566892 1.786325 11.694473 0.691654 13.918204 -0.437106 0.979859
Cyclist -1 -1 -10 873.000000 149.000000 903.000000 199.000000 1.800904 0.566761 1.791515 10.511241 0.714562 26.196127 -1.104886 0.974532
Cyclist -1 -1 -10 822.000000 155.000000 870.000000 195.000000 1.748661 0.613473 1.773704 10.247293 0.598883 29.791022 2.973925 0.963512
Cyclist -1 -1 -10 1066.000000 136.000000 1109.000000 204.000000 1.806211 0.534261 1.712348 13.287960 0.535790 19.215138 0.022856 0.172516
Cyclist -1 -1 -10 322.000000 168.000000 345.000000 227.000000 1.684843 0.588440 1.646284 -7.328485 1.197144 18.513305 -1.807386 0.152458
Cyclist -1 -1 -10 330.000000 170.000000 371.000000 231.000000 1.618048 0.592628 1.723888 -6.321449 0.937437 17.716949 1.762601 0.109208
Cyclist -1 -1 -10 402.000000 158.000000 429.000000 227.000000 1.682755 0.734426 1.722611 -4.007041 0.922221 15.978380 0.318771 0.098069
Cyclist -1 -1 -10 1052.000000 151.000000 1138.000000 198.000000 1.749397 0.506679 1.593791 17.747472 0.528597 25.556352 -0.337208 0.084280
Cyclist -1 -1 -10 299.000000 167.000000 335.000000 222.000000 1.805126 0.590851 1.708780 -7.713322 1.183280 18.874030 -1.949082 0.053119
Cyclist -1 -1 -10 310.000000 178.000000 396.000000 226.000000 1.706775 0.513832 1.609479 -6.342705 1.044404 17.902886 -1.928719 0.028281
Cyclist -1 -1 -10 168.000000 171.000000 210.000000 249.000000 1.845796 0.561318 1.746648 -10.132891 1.746802 16.948479 -3.065829 0.023205
Cyclist -1 -1 -10 297.000000 178.000000 472.000000 296.000000 1.730303 0.811716 1.861777 -3.058449 1.563092 9.858348 -1.340549 0.021778
Cyclist -1 -1 -10 382.000000 172.000000 441.000000 225.000000 1.723654 0.612616 1.683560 -6.352612 0.885728 22.188056 -1.818225 0.019330
