Pedestrian -1 -1 -10 752.000000 154.000000 770.000000 222.000000 1.732688 0.642476 0.865472 5.688792 1.030296 27.341023 -1.811032 0.516693
Pedestrian -1 -1 -10 737.000000 157.000000 750.000000 210.000000 1.781704 0.712680 0.820116 5.107695 1.192248 27.713932 -1.474545 0.306541
Pedestrian -1 -1 -10 735.000000 161.000000 760.000000 214.000000 1.800752 0.684679 0.908666 5.248535 1.204338 27.609664 -0.978540 0.052545
Pedestrian -1 -1 -10 693.000000 174.000000 775.000000 231.000000 1.758680 0.669625 0.859569 2.629711 1.669417 18.415019 0.253807 0.017737
Car -1 -1 -10 353.000000 183.000000 447.000000 245.000000 1.575173 1.568188 3.600634 -5.767692 1.883104 20.020218 1.585743 0.999280
Car -1 -1 -10 715.000000 174.000000 845.000000 264.000000 1.497970 1.604763 3.732493 3.106038 1.548737 13.890469 -1.588535 0.998604
Car -1 -1 -10 846.000000 182.000000 1242.000000 375.000000 1.465276 1.618578 3.803013 3.225519 1.578549 5.308372 -1.613933 0.992190
Car -1 -1 -10 687.000000 176.000000 772.000000 230.000000 1.457560 1.566536 3.392112 3.154320 1.485281 19.159641 -1.659829 0.966921
Car -1 -1 -10 410.000000 183.000000 480.000000 228.000000 1.457834 1.540075 3.538344 -5.616799 1.789650 25.035005 1.541157 0.951329
Car -1 -1 -10 3.000000 223.000000 152.000000 373.000000 1.434969 1.559404 3.829380 -5.572545 1.900894 5.562005 1.615796 0.716745
Car -1 -1 -10 682.000000 176.000000 742.000000 216.000000 1.478079 1.600878 3.763581 3.623500 1.508797 24.608603 -1.558685 0.412898
Car -1 -1 -10 818.000000 163.000000 901.000000 207.000000 1.489723 1.587329 3.976918 11.546445 1.260700 33.613583 0.146712 0.027920
Cyclist -1 -1 -10 751.000000 157.000000 771.000000 216.000000 1.731347 0.661086 1.781622 5.644804 0.871375 27.538475 -2.861913 0.020332
