Pedestrian -1 -1 -10 757.000000 158.000000 801.000000 272.000000 1.694971 0.663854 0.834075 2.602145 1.382604 10.763167 -1.842477 0.990625
Pedestrian -1 -1 -10 512.000000 157.000000 521.000000 185.000000 1.835632 0.597545 0.835221 -5.786710 0.172332 48.890780 -1.648996 0.070328
Pedestrian -1 -1 -10 499.000000 156.000000 508.000000 187.000000 1.904060 0.667310 0.805472 -6.431671 0.353295 47.197080 1.494216 0.067817
Pedestrian -1 -1 -10 471.000000 157.000000 482.000000 192.000000 1.772897 0.578251 0.594001 -6.961331 0.428573 40.047147 -1.804533 0.048773
Pedestrian -1 -1 -10 1098.000000 160.000000 1120.000000 220.000000 1.719657 0.546210 0.746004 10.715184 1.053126 15.152755 3.186840 0.032032
Pedestrian -1 -1 -10 821.000000 149.000000 838.000000 225.000000 1.770222 0.523105 0.784069 4.071829 1.294620 13.486868 0.448377 0.025628
Pedestrian -1 -1 -10 748.000000 166.000000 780.000000 272.000000 1.721709 0.609951 0.703932 2.497042 1.504048 10.665762 2.954112 0.018245
Pedestrian -1 -1 -10 859.000000 142.000000 886.000000 245.000000 1.824158 0.610288 0.909803 4.366279 0.990558 11.957214 0.914706 0.016702
Pedestrian -1 -1 -10 782.000000 153.000000 795.000000 202.000000 1.723049 0.534771 0.567781 3.795467 0.873878 14.718408 0.742656 0.013212
Pedestrian -1 -1 -10 603.000000 155.000000 631.000000 220.000000 1.765356 0.512922 0.856899 0.307995 1.267515 19.278713 -1.122901 0.010946
Car -1 -1 -10 1109.000000 151.000000 1241.000000 233.000000 1.539096 1.594858 4.062134 11.611243 0.810162 13.533083 1.366090 0.223909
Car -1 -1 -10 1196.000000 193.000000 1237.000000 360.000000 1.519770 1.597774 3.607163 5.751257 1.641116 5.550071 -0.939287 0.017893
Car -1 -1 -10 1170.000000 168.000000 1238.000000 249.000000 1.438402 1.582968 3.811622 9.960543 0.904921 10.212713 1.466194 0.013217
Cyclist -1 -1 -10 365.000000 161.000000 420.000000 264.000000 1.704042 0.521163 1.775649 -3.854818 1.403492 13.147851 1.571511 0.999598
Cyclist -1 -1 -10 444.000000 161.000000 482.000000 245.000000 1.752929 0.590612 1.801595 -3.092898 1.355443 15.927132 1.593975 0.999381
Cyclist -1 -1 -10 389.000000 165.000000 415.000000 235.000000 1.628977 0.289444 1.339415 -4.572497 1.831281 17.283016 -1.785490 0.012202
