Pedestrian -1 -1 -10 539.000000 171.000000 550.000000 204.000000 1.740904 0.621333 0.803771 -3.635560 1.647629 39.457441 1.518914 0.389467
Pedestrian -1 -1 -10 697.000000 161.000000 711.000000 205.000000 1.849339 0.664973 0.891582 4.322284 1.361053 33.719939 -1.783931 0.107926
Pedestrian -1 -1 -10 523.000000 171.000000 542.000000 221.000000 1.727305 0.683393 0.780410 -2.719508 1.730160 25.565763 1.570896 0.018050
Car -1 -1 -10 721.000000 168.000000 942.000000 325.000000 1.519606 1.591498 3.694331 2.641353 1.531769 9.188044 -1.599119 0.999206
Car -1 -1 -10 226.000000 184.000000 403.000000 292.000000 1.567056 1.623867 3.887113 -4.979976 1.804474 12.768347 1.561222 0.998994
Car -1 -1 -10 446.000000 182.000000 506.000000 222.000000 1.484643 1.622837 3.744894 -5.224396 1.866754 28.342693 1.556606 0.994258
Car -1 -1 -10 744.000000 173.000000 839.000000 234.000000 1.572857 1.630324 3.837198 6.596943 1.823712 26.309172 1.801891 0.022409
Cyclist -1 -1 -10 522.000000 170.000000 542.000000 225.000000 1.769548 0.728509 1.849745 -2.769204 1.737628 25.488492 1.628697 0.999480
Cyclist -1 -1 -10 498.000000 173.000000 522.000000 228.000000 1.755301 0.604400 1.822583 -3.465199 1.884322 24.942323 1.712599 0.996474
Cyclist -1 -1 -10 538.000000 171.000000 551.000000 204.000000 1.688144 0.541875 1.685748 -3.591760 1.677759 39.477101 1.523346 0.480327
Cyclist -1 -1 -10 444.000000 181.000000 506.000000 224.000000 1.697357 0.687345 1.721120 -4.951794 2.157025 27.147395 2.401284 0.336770
Cyclist -1 -1 -10 486.000000 180.000000 516.000000 216.000000 1.676732 0.576673 1.701571 -3.526900 1.751043 25.059980 1.823465 0.037135
Cyclist -1 -1 -10 514.000000 176.000000 523.000000 202.000000 1.694896 0.517050 1.578156 -5.758873 2.156830 46.459310 -1.672002 0.010813
