Pedestrian -1 -1 -10 543.000000 167.000000 553.000000 201.000000 1.826260 0.719057 0.825443 -3.669909 1.696105 42.675147 1.546716 0.575952
Pedestrian -1 -1 -10 694.000000 163.000000 706.000000 201.000000 1.738203 0.596135 0.701829 4.333829 1.257033 35.190781 -1.810157 0.359285
Pedestrian -1 -1 -10 532.000000 169.000000 547.000000 214.000000 1.707679 0.652617 0.631623 -2.858983 1.672513 28.684142 1.524893 0.261436
Pedestrian -1 -1 -10 539.000000 170.000000 550.000000 204.000000 1.685018 0.610635 0.720305 -3.705226 1.103164 42.469199 2.475549 0.024653
Pedestrian -1 -1 -10 500.000000 168.000000 508.000000 204.000000 1.706514 0.556597 0.708945 -2.162385 1.378970 13.097295 -0.008369 0.011359
Car -1 -1 -10 708.000000 169.000000 871.000000 293.000000 1.535302 1.597250 3.636788 2.572979 1.550462 11.158875 -1.564898 0.999726
Car -1 -1 -10 281.000000 181.000000 427.000000 273.000000 1.539114 1.615598 3.880134 -5.050742 1.751738 14.609185 1.564743 0.999231
Car -1 -1 -10 454.000000 180.000000 509.000000 218.000000 1.524068 1.627419 3.983320 -5.344575 1.831680 30.554430 1.550646 0.997111
Car -1 -1 -10 447.000000 180.000000 492.000000 207.000000 1.550305 1.590606 3.664486 -9.008050 1.407624 41.795696 1.441938 0.019316
Car -1 -1 -10 476.000000 171.000000 511.000000 207.000000 1.515593 1.623662 3.875179 -5.952685 1.467464 32.127561 1.520410 0.011566
Cyclist -1 -1 -10 531.000000 167.000000 548.000000 218.000000 1.726003 0.575194 1.817201 -2.918222 1.695980 28.626331 1.549128 0.998277
Cyclist -1 -1 -10 511.000000 171.000000 532.000000 220.000000 1.745502 0.609041 1.825273 -3.428252 1.785035 28.006868 1.694223 0.998022
Cyclist -1 -1 -10 540.000000 167.000000 554.000000 201.000000 1.836506 0.733943 1.934508 -3.641577 1.665041 42.765847 1.585710 0.134179
Cyclist -1 -1 -10 515.000000 174.000000 544.000000 205.000000 1.710489 0.619925 1.738835 -3.232885 1.515361 28.167932 0.322825 0.052382
Cyclist -1 -1 -10 512.000000 173.000000 526.000000 206.000000 1.628708 0.557410 1.666504 -3.489654 1.508114 28.063817 1.587336 0.019554
