Car -1 -1 -10 459.000000 179.000000 516.000000 221.000000 1.517596 1.575612 3.609390 -4.677768 1.793213 27.655899 1.636680 0.999539
Car -1 -1 -10 828.000000 190.000000 1240.000000 375.000000 1.506523 1.642083 4.068990 3.440148 1.683600 6.681989 -1.581301 0.999085
Car -1 -1 -10 193.000000 192.000000 400.000000 301.000000 1.461226 1.625116 3.942899 -4.957621 1.817599 11.615639 1.574575 0.998950
Car -1 -1 -10 750.000000 182.000000 931.000000 293.000000 1.493862 1.648595 3.860649 3.542878 1.701741 11.915916 -1.572069 0.995668
Car -1 -1 -10 490.000000 178.000000 537.000000 213.000000 1.485018 1.620104 3.956340 -4.479161 1.757592 32.306971 1.616518 0.993247
Car -1 -1 -10 -3.000000 194.000000 269.000000 378.000000 1.484724 1.614992 3.951328 -4.809610 1.807749 6.421559 1.594752 0.992583
Car -1 -1 -10 695.000000 178.000000 766.000000 230.000000 1.488278 1.632269 3.993869 3.853143 1.682382 22.905930 -1.588879 0.991373
Car -1 -1 -10 721.000000 179.000000 824.000000 252.000000 1.516265 1.615547 3.786068 3.787249 1.721953 17.387957 -1.550757 0.984371
Car -1 -1 -10 1020.000000 174.000000 1218.000000 237.000000 1.673833 1.641230 3.878580 13.678979 1.429627 18.231310 1.286234 0.279242
Car -1 -1 -10 981.000000 174.000000 1092.000000 215.000000 1.582482 1.583462 3.869070 12.458710 1.354134 21.857122 -0.210723 0.136753
