Car -1 -1 -10 254.000000 181.000000 431.000000 297.000000 1.598367 1.641294 4.000254 -4.392376 1.828508 12.316555 1.575352 0.998500
Car -1 -1 -10 438.000000 183.000000 516.000000 238.000000 1.456730 1.613173 3.907627 -4.057329 1.856456 21.714488 1.625641 0.998432
Car -1 -1 -10 1.000000 184.000000 321.000000 375.000000 1.503873 1.586765 3.796853 -4.535583 1.740160 7.251618 1.579576 0.997560
Car -1 -1 -10 381.000000 188.000000 477.000000 259.000000 1.462112 1.588098 3.799464 -4.366339 1.867944 17.292983 1.606383 0.995797
Car -1 -1 -10 710.000000 171.000000 779.000000 225.000000 1.706054 1.685414 4.127769 4.828617 1.694877 26.048855 -1.512455 0.995686
Car -1 -1 -10 85.000000 173.000000 227.000000 232.000000 1.468625 1.597961 3.844648 -12.473276 2.154712 19.831122 1.626420 0.931187
Car -1 -1 -10 701.000000 175.000000 739.000000 208.000000 1.549570 1.582141 3.747595 5.743857 1.690099 38.024617 -1.556102 0.428148
Car -1 -1 -10 696.000000 174.000000 724.000000 200.000000 1.496790 1.468530 3.219115 6.658431 1.551738 47.183689 1.667316 0.218041
Cyclist -1 -1 -10 83.000000 171.000000 225.000000 236.000000 1.780213 0.627308 1.781647 -12.983174 2.263974 20.185723 1.534145 0.092851
Cyclist -1 -1 -10 88.000000 179.000000 126.000000 251.000000 1.615291 0.426356 1.501965 -9.964392 1.672309 14.078492 -2.203605 0.019012
