Car -1 -1 -10 571.000000 179.000000 606.000000 210.000000 1.572136 1.628293 3.851229 -1.177969 1.274738 40.167710 -1.561478 0.999631
Car -1 -1 -10 272.000000 185.000000 365.000000 237.000000 1.484637 1.594847 3.694303 -8.831401 1.559409 22.406990 -1.598105 0.998882
Car -1 -1 -10 371.000000 189.000000 472.000000 244.000000 1.445601 1.632758 4.003055 -5.022161 1.499392 19.843608 -1.601753 0.998769
Car -1 -1 -10 4.000000 207.000000 317.000000 371.000000 1.504278 1.620194 3.876466 -3.388532 1.629353 4.688949 -1.606567 0.985266
Car -1 -1 -10 124.000000 184.000000 302.000000 271.000000 1.472409 1.605408 3.787413 -7.898906 1.547532 14.931558 -1.616392 0.979583
Car -1 -1 -10 388.000000 183.000000 439.000000 210.000000 1.567946 1.612934 3.734130 -8.692720 1.306517 32.024772 -1.728778 0.134026
Car -1 -1 -10 359.000000 179.000000 404.000000 207.000000 1.541217 1.627733 3.762732 -13.421965 1.554993 42.421392 -1.775146 0.068803
Car -1 -1 -10 424.000000 183.000000 471.000000 212.000000 1.499689 1.542031 3.412322 -12.111194 1.648813 53.527794 -1.805796 0.061633
Car -1 -1 -10 280.000000 182.000000 348.000000 216.000000 1.481570 1.512975 3.391770 -14.581519 1.149350 34.711819 1.113518 0.051116
Car -1 -1 -10 382.000000 183.000000 457.000000 224.000000 1.540862 1.585460 3.651807 -8.740089 1.302734 31.935280 -1.741415 0.023460
Car -1 -1 -10 8.000000 201.000000 250.000000 294.000000 1.573085 1.619983 3.764788 -13.220071 1.736099 18.693876 -3.100961 0.017895
Car -1 -1 -10 1.000000 61.000000 232.000000 366.000000 1.724251 1.644560 4.037883 -3.683259 1.229085 3.059239 1.549012 0.013199
Car -1 -1 -10 507.000000 182.000000 544.000000 208.000000 1.536731 1.597502 3.879402 -5.177323 1.420360 44.824933 -1.593560 0.010511
Cyclist -1 -1 -10 -4.000000 0.000000 190.000000 242.000000 1.746942 0.929863 1.937514 -12.420882 1.751068 17.643770 -3.731229 0.093695
Cyclist -1 -1 -10 1.000000 204.000000 308.000000 370.000000 1.686142 0.644190 2.009179 -2.959293 1.718700 4.219088 1.634113 0.017655
