Pedestrian -1 -1 -10 746.000000 195.000000 773.000000 271.000000 1.715824 0.591151 0.747139 2.577219 1.797367 11.953113 -0.882433 0.054904
Car -1 -1 -10 244.000000 190.000000 458.000000 337.000000 1.549184 1.541803 3.495317 -3.133161 1.815925 9.481443 1.600210 0.999287
Car -1 -1 -10 852.000000 199.000000 1248.000000 377.000000 1.436513 1.603701 3.945036 3.743079 1.707265 6.869820 -1.506720 0.997848
Car -1 -1 -10 757.000000 172.000000 902.000000 290.000000 1.586741 1.648975 3.782892 3.346700 1.662683 12.203075 -1.572825 0.997674
Car -1 -1 -10 680.000000 178.000000 750.000000 228.000000 1.472490 1.619888 4.001247 3.420475 1.701898 24.860811 -1.507303 0.987182
Car -1 -1 -10 709.000000 176.000000 820.000000 250.000000 1.554985 1.611130 3.876972 3.885668 1.548323 19.639519 1.744898 0.981028
Car -1 -1 -10 544.000000 176.000000 580.000000 202.000000 1.555524 1.636943 3.976188 -2.874100 1.736307 42.610630 1.542262 0.966886
Car -1 -1 -10 465.000000 166.000000 552.000000 240.000000 1.800082 1.682156 4.096787 -2.985645 1.760023 20.997673 1.589467 0.958493
Car -1 -1 -10 2.000000 206.000000 261.000000 374.000000 1.536804 1.685424 4.029455 -3.262519 1.717369 3.075111 1.550520 0.950519
Car -1 -1 -10 675.000000 177.000000 722.000000 216.000000 1.495195 1.564047 3.627198 3.685835 1.648792 30.241482 -1.563962 0.684693
