Pedestrian -1 -1 -10 277.000000 157.000000 346.000000 293.000000 1.855117 0.705304 1.017037 -3.999813 1.474832 9.888345 1.205977 0.995423
Pedestrian -1 -1 -10 326.000000 160.000000 373.000000 288.000000 1.791798 0.690755 0.822954 -3.755342 1.464941 10.211095 1.573539 0.982526
Pedestrian -1 -1 -10 363.000000 166.000000 386.000000 226.000000 1.741698 0.593333 0.767885 -7.197615 1.282692 21.856069 2.777608 0.504874
Pedestrian -1 -1 -10 493.000000 164.000000 502.000000 192.000000 1.856852 0.702418 0.788972 -7.478664 0.851438 48.558723 0.941203 0.236919
Pedestrian -1 -1 -10 345.000000 167.000000 382.000000 238.000000 1.567667 0.472521 0.541297 -5.362671 1.782262 16.812348 2.135608 0.161351
Pedestrian -1 -1 -10 343.000000 164.000000 366.000000 221.000000 1.798926 0.528508 0.666873 -4.058756 1.481513 11.037581 -2.583216 0.045605
Pedestrian -1 -1 -10 344.000000 169.000000 357.000000 211.000000 1.717483 0.577392 0.727040 -3.784514 1.328456 9.887624 2.624675 0.019258
Pedestrian -1 -1 -10 334.000000 163.000000 358.000000 216.000000 1.803843 0.542999 0.699575 -4.198135 1.190963 11.004136 -0.209345 0.017125
Pedestrian -1 -1 -10 464.000000 158.000000 472.000000 188.000000 1.734411 0.575141 0.525961 -7.922742 1.144334 39.395229 -1.771393 0.011920
Car -1 -1 -10 549.000000 154.000000 596.000000 209.000000 1.786365 1.666680 3.848566 -1.403094 1.021079 28.784485 -1.728729 0.553096
Car -1 -1 -10 2.000000 150.000000 82.000000 331.000000 1.602633 1.614698 3.628211 -7.329690 1.344363 7.637588 -2.205563 0.010840
Cyclist -1 -1 -10 355.000000 166.000000 382.000000 227.000000 1.736048 0.596830 1.719732 -7.337015 1.213389 22.171597 1.208393 0.147028
Cyclist -1 -1 -10 326.000000 161.000000 378.000000 280.000000 1.822506 0.571831 1.762936 -3.697688 1.501187 10.152008 1.737275 0.116110
Cyclist -1 -1 -10 336.000000 166.000000 389.000000 240.000000 1.705295 0.436401 1.576366 -7.192002 1.259565 21.630215 -2.278907 0.037144
Cyclist -1 -1 -10 346.000000 168.000000 371.000000 233.000000 1.687621 0.520472 1.707357 -7.551234 1.071834 22.193686 -2.040594 0.028020
Cyclist -1 -1 -10 493.000000 164.000000 503.000000 192.000000 1.744360 0.682958 1.856446 -7.434888 0.780464 48.585768 1.425314 0.026810
