Car -1 -1 -10 578.000000 178.000000 612.000000 208.000000 1.519709 1.623024 3.809465 -0.751923 1.099274 40.201486 -1.586377 0.999662
Car -1 -1 -10 324.000000 188.000000 480.000000 265.000000 1.499485 1.649677 4.025447 -4.421287 1.561616 15.011884 1.691279 0.997317
Car -1 -1 -10 455.000000 183.000000 513.000000 225.000000 1.467533 1.590124 3.782542 -4.667080 1.448611 27.353397 -1.563674 0.994021
Car -1 -1 -10 148.000000 177.000000 324.000000 258.000000 1.676653 1.702631 4.109031 -8.678894 1.691594 17.432296 -1.617631 0.941170
Car -1 -1 -10 324.000000 189.000000 392.000000 222.000000 1.434224 1.611461 3.782011 -8.588678 1.412136 25.152375 -1.482051 0.773187
Car -1 -1 -10 487.000000 181.000000 528.000000 211.000000 1.474280 1.565023 3.615170 -5.087627 1.220114 37.006359 -1.600905 0.218664
Car -1 -1 -10 403.000000 180.000000 453.000000 206.000000 1.548925 1.656084 3.775565 -8.912222 1.026306 35.785034 -1.703078 0.103635
Car -1 -1 -10 401.000000 189.000000 469.000000 254.000000 1.473488 1.621956 4.000903 -4.227492 1.534774 16.240042 -1.589584 0.036690
Car -1 -1 -10 -1.000000 122.000000 222.000000 375.000000 1.899452 1.733473 4.207107 -4.220355 1.411192 4.014162 -1.564814 0.023609
Car -1 -1 -10 200.000000 180.000000 315.000000 235.000000 1.525367 1.642918 3.841535 -8.029085 1.481730 17.189002 0.509582 0.012771
Car -1 -1 -10 232.000000 179.000000 300.000000 219.000000 1.577610 1.597181 3.943950 -17.182020 1.128189 35.726426 1.627406 0.011732
