Pedestrian -1 -1 -10 734.000000 178.000000 816.000000 242.000000 1.715730 0.702905 0.767192 3.689081 1.816140 18.505221 0.284074 0.018777
Car -1 -1 -10 828.000000 189.000000 1128.000000 364.000000 1.499514 1.616528 3.995841 4.020364 1.792629 8.665827 1.604317 0.999412
Car -1 -1 -10 757.000000 185.000000 889.000000 269.000000 1.449727 1.585863 3.935034 3.991670 1.749249 14.663472 -1.488810 0.995980
Car -1 -1 -10 544.000000 168.000000 591.000000 204.000000 1.559270 1.656232 3.934136 -1.923125 1.372248 32.473485 1.577329 0.995638
Car -1 -1 -10 732.000000 179.000000 815.000000 239.000000 1.482107 1.552182 3.498722 4.335597 1.738459 20.035613 -1.555460 0.982002
Car -1 -1 -10 711.000000 175.000000 766.000000 222.000000 1.560617 1.609835 3.685476 4.544790 1.672131 26.646388 -1.547389 0.967476
Car -1 -1 -10 691.000000 174.000000 739.000000 211.000000 1.517384 1.561199 3.565467 4.323556 1.565599 31.132879 -1.548220 0.897087
Car -1 -1 -10 467.000000 169.000000 547.000000 249.000000 1.547471 1.618679 3.912845 -2.491562 1.487650 16.408016 1.589392 0.696162
Car -1 -1 -10 1135.000000 229.000000 1241.000000 370.000000 1.490774 1.560182 3.718096 3.467331 1.692364 1.972335 -1.577994 0.378313
Car -1 -1 -10 683.000000 174.000000 719.000000 204.000000 1.503212 1.620966 3.944543 4.616121 1.448296 37.030274 -1.518181 0.310700
Car -1 -1 -10 339.000000 143.000000 527.000000 305.000000 1.855548 1.697144 4.256866 -2.398288 1.546205 11.022982 1.561081 0.270332
