Pedestrian -1 -1 -10 256.000000 158.000000 301.000000 291.000000 1.708595 0.697409 0.663155 -4.649946 1.463939 9.922537 -1.535943 0.973693
Pedestrian -1 -1 -10 309.000000 165.000000 342.000000 293.000000 1.724492 0.600447 0.731448 -4.937457 1.498400 12.407753 -1.569400 0.791759
Pedestrian -1 -1 -10 269.000000 166.000000 367.000000 293.000000 1.707944 0.791072 0.624855 -5.076310 1.366568 12.290263 -1.563449 0.132875
Pedestrian -1 -1 -10 320.000000 173.000000 359.000000 283.000000 1.725861 0.557208 0.683497 -4.884039 1.313183 12.642690 -1.929228 0.043988
Pedestrian -1 -1 -10 293.000000 177.000000 465.000000 290.000000 1.722888 0.695081 0.671098 -2.960295 1.792907 9.982245 1.750162 0.037859
Pedestrian -1 -1 -10 289.000000 167.000000 326.000000 294.000000 1.799065 0.640897 0.668626 -4.580888 1.581543 10.376262 -2.008923 0.034187
Car -1 -1 -10 662.000000 174.000000 740.000000 232.000000 1.489303 1.604206 3.876320 2.394220 1.519106 19.913551 -1.614497 0.999210
Car -1 -1 -10 11.000000 187.000000 442.000000 374.000000 1.507578 1.644875 4.033646 -2.847723 1.686678 6.302731 -1.565223 0.997000
Car -1 -1 -10 523.000000 173.000000 563.000000 211.000000 1.578774 1.652087 3.882166 -3.070838 1.641571 33.502388 -1.638050 0.995570
Car -1 -1 -10 291.000000 182.000000 460.000000 283.000000 1.580351 1.663848 3.848780 -3.770261 1.865014 11.123305 1.511397 0.977056
Car -1 -1 -10 640.000000 173.000000 689.000000 210.000000 1.507168 1.607040 3.787998 2.350654 1.513248 32.293709 -1.679056 0.950230
Car -1 -1 -10 804.000000 178.000000 1252.000000 375.000000 1.511843 1.611065 3.900995 2.459136 1.640962 4.092772 -1.583508 0.942688
Car -1 -1 -10 633.000000 173.000000 670.000000 204.000000 1.488987 1.595678 3.831666 2.466720 1.534613 37.944888 -0.581054 0.209692
Car -1 -1 -10 547.000000 176.000000 570.000000 201.000000 1.536322 1.563301 3.557357 -2.678356 2.373213 46.761300 1.487810 0.063726
Car -1 -1 -10 0.000000 194.000000 216.000000 373.000000 1.497389 1.618090 3.837806 -2.759218 1.460547 1.385965 -1.586758 0.043319
Car -1 -1 -10 323.000000 175.000000 363.000000 287.000000 1.523921 1.577330 3.736877 -4.730482 1.007502 13.664096 1.194739 0.010540
Cyclist -1 -1 -10 300.000000 177.000000 440.000000 291.000000 1.672603 0.629719 1.690555 -3.251044 1.514322 10.415042 2.777243 0.215224
Cyclist -1 -1 -10 296.000000 168.000000 359.000000 288.000000 1.693430 0.598220 1.755844 -5.015657 1.214093 12.774525 0.571921 0.073683
Cyclist -1 -1 -10 218.000000 166.000000 365.000000 295.000000 1.707628 0.396089 1.637615 -5.811900 1.147693 12.641294 -1.602042 0.055889
Cyclist -1 -1 -10 312.000000 167.000000 341.000000 295.000000 1.693421 0.671906 1.779942 -4.778666 1.244737 12.622900 0.606620 0.035164
