Car -1 -1 -10 238.000000 186.000000 446.000000 312.000000 1.485022 1.612388 3.878839 -3.736176 1.549938 10.665512 -1.549902 0.999674
Car -1 -1 -10 699.000000 189.000000 807.000000 265.000000 1.439900 1.573319 3.549663 2.916095 1.509788 15.231436 -1.592731 0.999537
Car -1 -1 -10 650.000000 182.000000 703.000000 221.000000 1.480239 1.629604 3.951265 2.747801 1.374547 30.067119 -1.593473 0.999250
Car -1 -1 -10 434.000000 182.000000 514.000000 240.000000 1.570309 1.599097 3.601718 -3.840193 1.498976 20.860665 -1.555657 0.998883
Car -1 -1 -10 3.000000 176.000000 188.000000 310.000000 1.590851 1.653985 3.974819 -8.209209 1.604992 10.369254 -1.580905 0.974715
Car -1 -1 -10 480.000000 184.000000 534.000000 223.000000 1.564765 1.662825 4.143927 -4.090074 1.424461 29.319404 -1.572604 0.936026
Car -1 -1 -10 384.000000 183.000000 441.000000 220.000000 1.486864 1.587547 3.770241 -8.362993 1.446638 30.767627 -1.552514 0.608622
Car -1 -1 -10 -2.000000 142.000000 110.000000 249.000000 1.484097 1.588661 3.729201 -12.346250 1.083163 14.280315 1.490074 0.360932
Car -1 -1 -10 502.000000 182.000000 539.000000 212.000000 1.522098 1.573730 3.679333 -4.424265 1.843968 30.625872 1.991774 0.111112
Car -1 -1 -10 432.000000 182.000000 478.000000 217.000000 1.491246 1.633048 3.824442 -8.546618 1.308572 40.251658 -1.053910 0.070321
Car -1 -1 -10 273.000000 187.000000 359.000000 219.000000 1.567576 1.584574 3.698286 -13.282470 0.962902 30.592608 1.287582 0.062622
