Pedestrian -1 -1 -10 547.000000 167.000000 555.000000 197.000000 1.733884 0.588756 0.752172 -0.648433 1.276513 6.162982 2.886894 0.039682
Car -1 -1 -10 682.000000 171.000000 851.000000 282.000000 1.474826 1.620173 3.951203 2.149058 1.451677 11.217016 -1.600662 0.999617
Car -1 -1 -10 37.000000 184.000000 257.000000 264.000000 1.498096 1.593035 3.854184 -9.324764 1.722941 14.752675 -3.139064 0.999552
Car -1 -1 -10 633.000000 170.000000 710.000000 221.000000 1.527437 1.607261 3.898627 2.000818 1.441077 23.632907 -1.693271 0.997907
Car -1 -1 -10 477.000000 170.000000 536.000000 223.000000 1.558999 1.642417 3.723376 -3.467151 1.556266 24.607069 -1.617577 0.997656
Car -1 -1 -10 6.000000 217.000000 148.000000 375.000000 1.521407 1.605588 3.892867 -3.696000 1.773753 2.618612 -1.613198 0.657429
Car -1 -1 -10 626.000000 169.000000 677.000000 209.000000 1.496594 1.604932 3.880572 1.645804 1.430910 29.748719 -1.598971 0.637640
Car -1 -1 -10 523.000000 173.000000 551.000000 204.000000 1.524012 1.547036 3.404975 -3.972807 1.566724 38.253121 -1.573985 0.552596
Car -1 -1 -10 619.000000 167.000000 658.000000 201.000000 1.750921 1.681447 4.068173 1.350526 1.351076 40.336805 -1.610969 0.482732
Car -1 -1 -10 0.000000 188.000000 71.000000 323.000000 1.519520 1.606867 3.812935 -3.394898 1.566974 2.306440 -1.634981 0.191919
Car -1 -1 -10 496.000000 169.000000 535.000000 203.000000 1.506566 1.647057 3.703377 -4.029025 1.203381 29.650954 -1.693380 0.056070
