Pedestrian -1 -1 -10 719.000000 185.000000 732.000000 222.000000 1.789503 0.759681 0.868139 4.795871 2.321549 29.537057 2.205651 0.875913
Pedestrian -1 -1 -10 708.000000 173.000000 727.000000 222.000000 1.705730 0.637387 0.631260 4.599419 1.871679 29.496786 -1.939476 0.106898
Pedestrian -1 -1 -10 715.000000 187.000000 741.000000 228.000000 1.789799 0.755438 0.871679 4.712840 2.303369 29.513759 -0.987445 0.088226
Pedestrian -1 -1 -10 706.000000 175.000000 714.000000 217.000000 1.780581 0.600512 0.658195 5.492366 1.969325 39.744977 -1.434490 0.073192
Pedestrian -1 -1 -10 725.000000 189.000000 746.000000 224.000000 1.755039 0.618894 0.697989 4.776952 2.251098 29.497397 -1.915744 0.048108
Pedestrian -1 -1 -10 717.000000 183.000000 727.000000 220.000000 1.731503 0.624724 0.704414 4.702607 2.057403 29.548197 -0.864312 0.038076
Pedestrian -1 -1 -10 735.000000 191.000000 747.000000 224.000000 1.602856 0.533746 0.670481 5.411426 2.015259 29.096952 2.767447 0.017106
Car -1 -1 -10 699.000000 192.000000 833.000000 285.000000 1.470335 1.596171 3.827326 2.696502 1.808052 13.169002 -1.535309 0.999519
Car -1 -1 -10 524.000000 184.000000 573.000000 222.000000 1.551965 1.725911 4.280424 -2.560144 2.013906 30.470033 1.571887 0.999183
Car -1 -1 -10 657.000000 184.000000 714.000000 231.000000 1.465447 1.634815 3.938499 2.619682 1.941935 25.946039 1.547432 0.997587
Car -1 -1 -10 561.000000 184.000000 587.000000 209.000000 1.568003 1.600329 3.720279 -2.348623 2.254709 45.731270 1.526996 0.975265
Car -1 -1 -10 0.000000 207.000000 398.000000 375.000000 1.527554 1.633838 3.944715 -2.606620 1.779722 3.804468 1.545727 0.967939
Car -1 -1 -10 644.000000 181.000000 674.000000 209.000000 1.562651 1.643869 3.818212 3.168043 2.248031 45.623184 0.084088 0.141015
Car -1 -1 -10 544.000000 184.000000 580.000000 214.000000 1.584366 1.615781 3.842017 -2.535987 2.280198 45.716606 1.512582 0.015205
Cyclist -1 -1 -10 718.000000 186.000000 737.000000 226.000000 1.698231 0.785009 1.797146 4.715484 2.011343 29.859694 -2.903322 0.029634
Cyclist -1 -1 -10 731.000000 192.000000 743.000000 224.000000 1.661789 0.544157 1.666874 5.284790 2.010899 29.942272 1.739982 0.021536
Cyclist -1 -1 -10 727.000000 189.000000 751.000000 225.000000 1.705130 0.654404 1.683339 5.095207 2.099879 29.126121 0.258696 0.010781
