Car -1 -1 -10 317.000000 180.000000 457.000000 272.000000 1.566151 1.615655 3.741028 -4.251484 1.535719 14.424327 -1.569955 0.999318
Car -1 -1 -10 579.000000 172.000000 654.000000 244.000000 1.562860 1.657367 3.596463 0.083985 1.347174 18.164345 -1.573035 0.999232
Car -1 -1 -10 137.000000 186.000000 300.000000 264.000000 1.476057 1.630047 4.032871 -8.514459 1.534706 16.104511 -1.588225 0.999151
Car -1 -1 -10 447.000000 183.000000 506.000000 224.000000 1.440561 1.590265 3.776738 -4.808230 1.373705 26.372113 -1.574210 0.997665
Car -1 -1 -10 487.000000 180.000000 535.000000 212.000000 1.553679 1.636469 4.011911 -4.571775 1.256744 34.358800 -1.585636 0.996437
Car -1 -1 -10 -1.000000 187.000000 223.000000 375.000000 1.553769 1.644916 3.803483 -3.715263 1.653765 3.582240 -1.578153 0.832938
Car -1 -1 -10 260.000000 182.000000 338.000000 220.000000 1.534878 1.595343 3.775121 -12.983267 1.422167 30.340138 -1.576503 0.610718
Car -1 -1 -10 3.000000 183.000000 63.000000 212.000000 1.530387 1.617090 3.761330 -29.154211 1.875411 34.697913 0.409742 0.116831
Car -1 -1 -10 593.000000 169.000000 646.000000 216.000000 1.412845 1.600699 3.712098 -0.131740 1.405459 19.365788 2.176396 0.038734
Car -1 -1 -10 612.000000 177.000000 653.000000 205.000000 1.481468 1.574466 3.551513 0.128150 1.308110 21.079588 2.536028 0.014596
