Car -1 -1 -10 745.000000 194.000000 979.000000 334.000000 1.444544 1.581341 3.668815 2.929888 1.708300 9.245176 -1.654781 0.999630
Car -1 -1 -10 669.000000 181.000000 756.000000 243.000000 1.476994 1.640056 3.974453 2.600189 1.691681 18.817773 -1.611490 0.999258
Car -1 -1 -10 0.000000 193.000000 271.000000 325.000000 1.483307 1.549879 3.920658 -6.630042 1.765372 9.669608 -3.248235 0.990459
Car -1 -1 -10 126.000000 185.000000 372.000000 277.000000 1.570722 1.627357 3.866384 -6.491570 1.795056 13.514181 1.257899 0.974272
Car -1 -1 -10 335.000000 182.000000 489.000000 233.000000 1.454821 1.605146 4.055688 -6.184131 1.839276 22.610134 0.067214 0.973595
Car -1 -1 -10 653.000000 178.000000 707.000000 215.000000 1.449558 1.610643 4.026581 2.864537 1.714407 29.828743 -1.601391 0.938480
Car -1 -1 -10 635.000000 171.000000 668.000000 197.000000 1.581189 1.658229 3.878632 3.394813 1.630994 48.511422 -1.529754 0.438692
Car -1 -1 -10 390.000000 175.000000 480.000000 221.000000 1.464665 1.579660 3.913723 -6.637948 1.843342 23.886013 0.085431 0.187649
Car -1 -1 -10 244.000000 183.000000 446.000000 249.000000 1.551650 1.561010 3.863023 -6.761409 1.725579 17.064795 0.052856 0.112604
Car -1 -1 -10 144.000000 194.000000 273.000000 259.000000 1.499437 1.535282 3.524800 -9.856594 1.769791 17.890845 1.619845 0.041917
Car -1 -1 -10 1.000000 198.000000 87.000000 377.000000 1.459968 1.620592 3.948839 -5.725537 1.641508 4.469354 -3.151764 0.035646
