Car -1 -1 -10 -1.000000 206.000000 276.000000 363.000000 1.489679 1.577248 3.727084 -6.016670 2.049374 9.366148 1.592400 0.998619
Car -1 -1 -10 443.000000 189.000000 494.000000 223.000000 1.467349 1.570431 3.709379 -6.268739 2.144206 32.050149 1.594931 0.993143
Car -1 -1 -10 870.000000 182.000000 1242.000000 374.000000 1.474602 1.564981 3.694964 2.980335 1.597605 4.971157 -1.464758 0.990973
Car -1 -1 -10 647.000000 176.000000 690.000000 209.000000 1.462352 1.602519 3.750866 2.759153 1.698223 35.545805 -1.615037 0.988341
Car -1 -1 -10 468.000000 187.000000 512.000000 216.000000 1.478788 1.579133 3.718473 -6.303183 2.229830 37.573663 1.579467 0.797263
Car -1 -1 -10 95.000000 204.000000 167.000000 234.000000 1.515777 1.615932 3.787347 -26.094222 3.248675 39.660434 -1.579102 0.505678
Car -1 -1 -10 175.000000 198.000000 254.000000 228.000000 1.536737 1.651967 3.964952 -20.943636 2.861153 38.906195 -1.534515 0.445700
Car -1 -1 -10 229.000000 197.000000 300.000000 227.000000 1.522783 1.708401 4.072808 -19.254761 2.838523 39.497377 -1.424495 0.365223
Car -1 -1 -10 137.000000 202.000000 211.000000 229.000000 1.487111 1.610359 3.875276 -23.836393 3.116679 39.403516 -1.468951 0.175506
Car -1 -1 -10 495.000000 180.000000 529.000000 207.000000 1.576645 1.637268 3.948535 -6.530904 2.193710 45.824249 1.521369 0.049438
Car -1 -1 -10 154.000000 201.000000 189.000000 235.000000 1.512915 1.590742 3.780679 -23.510838 3.091500 39.489060 -1.592038 0.041938
Cyclist -1 -1 -10 139.000000 201.000000 199.000000 240.000000 1.726457 0.699646 1.690730 -23.294924 3.623151 37.981199 -0.451528 0.092981
Cyclist -1 -1 -10 90.000000 203.000000 180.000000 237.000000 1.682290 0.700209 1.672755 -25.442371 3.661316 38.004737 -0.483672 0.052220
Cyclist -1 -1 -10 157.000000 199.000000 261.000000 232.000000 1.713516 0.993067 1.872982 -20.323014 3.065904 37.195792 -0.485739 0.015697
