Car -1 -1 -10 739.000000 197.000000 1003.000000 348.000000 1.438947 1.593066 3.799876 2.758400 1.784775 8.703828 -1.689710 0.999709
Car -1 -1 -10 419.000000 189.000000 464.000000 222.000000 1.574392 1.670262 3.803496 -8.930739 2.503345 38.462496 1.519858 0.999474
Car -1 -1 -10 606.000000 187.000000 669.000000 235.000000 1.406462 1.624304 3.921840 0.782870 1.952996 23.943058 -1.644385 0.998960
Car -1 -1 -10 2.000000 213.000000 259.000000 372.000000 1.481814 1.581167 3.751082 -5.712283 2.064328 8.561991 1.427556 0.996578
Car -1 -1 -10 592.000000 186.000000 645.000000 226.000000 1.466178 1.621045 3.947797 0.169386 1.986705 29.708463 -1.667423 0.994506
Car -1 -1 -10 748.000000 175.000000 858.000000 213.000000 1.528156 1.664073 4.127026 8.034123 1.609789 30.031690 -2.543313 0.944280
Car -1 -1 -10 815.000000 170.000000 952.000000 222.000000 1.553320 1.624150 3.879771 9.098208 1.513574 23.664143 -2.580164 0.912818
Car -1 -1 -10 440.000000 188.000000 476.000000 216.000000 1.503216 1.657286 3.926958 -9.233813 2.554958 43.734678 1.477338 0.850823
Car -1 -1 -10 221.000000 194.000000 290.000000 220.000000 1.438697 1.567893 3.448333 -9.245624 1.805286 18.747522 1.978413 0.847017
Car -1 -1 -10 1179.000000 168.000000 1242.000000 253.000000 1.465780 1.566892 3.920446 11.069957 1.365719 12.414757 2.167369 0.123139
Car -1 -1 -10 0.000000 233.000000 93.000000 375.000000 1.496952 1.619806 3.865585 -5.573102 1.945740 4.394271 -1.763077 0.073149
Cyclist -1 -1 -10 805.000000 168.000000 960.000000 225.000000 1.775257 0.762662 1.801984 8.674578 1.429914 23.271622 0.490396 0.013879
