Pedestrian -1 -1 -10 926.000000 143.000000 1065.000000 371.000000 1.711467 0.675577 0.756374 2.385479 1.419257 4.459860 -1.609936 0.997120
Pedestrian -1 -1 -10 505.000000 161.000000 563.000000 295.000000 1.726596 0.749338 0.766625 -0.911004 1.525558 9.749384 1.973412 0.993658
Pedestrian -1 -1 -10 1157.000000 191.000000 1236.000000 360.000000 1.715991 0.592784 0.619844 4.802513 1.655174 5.904488 3.440899 0.753637
Pedestrian -1 -1 -10 755.000000 160.000000 769.000000 208.000000 1.739284 0.621102 0.784216 6.070547 0.939886 27.516697 -1.296870 0.564666
Pedestrian -1 -1 -10 1029.000000 190.000000 1106.000000 341.000000 1.689858 0.611701 0.622881 4.382536 1.653766 6.825998 3.546392 0.508513
Pedestrian -1 -1 -10 987.000000 176.000000 1091.000000 365.000000 1.737253 0.552140 0.593630 3.357034 1.560607 5.606082 -0.525401 0.207082
Pedestrian -1 -1 -10 919.000000 184.000000 949.000000 272.000000 1.673285 0.648708 0.682708 6.176335 1.161158 13.485381 -0.549209 0.079321
Pedestrian -1 -1 -10 1015.000000 179.000000 1061.000000 341.000000 1.739402 0.562007 0.776792 4.228804 1.746864 6.695738 3.065581 0.053294
Pedestrian -1 -1 -10 937.000000 167.000000 984.000000 336.000000 1.657589 0.570920 0.679329 2.438913 1.343025 4.937761 -1.033598 0.012596
Car -1 -1 -10 303.000000 143.000000 531.000000 302.000000 1.860432 1.776068 4.200436 -2.499848 1.421176 10.729299 1.476868 0.817257
Car -1 -1 -10 500.000000 165.000000 567.000000 288.000000 1.608082 1.608049 3.356989 -0.588915 1.398415 10.761378 -0.105048 0.034516
Cyclist -1 -1 -10 1154.000000 193.000000 1238.000000 357.000000 1.639178 0.657030 1.670965 4.428069 1.776158 5.409774 1.740464 0.063281
Cyclist -1 -1 -10 505.000000 168.000000 570.000000 287.000000 1.708137 0.519906 1.673204 -1.040588 1.471938 9.750034 2.063816 0.018305
