Car -1 -1 -10 760.000000 184.000000 1075.000000 372.000000 1.489223 1.623109 3.970294 2.774926 1.635166 7.550648 -1.582413 0.999697
Car -1 -1 -10 653.000000 173.000000 698.000000 207.000000 1.465645 1.571232 3.465012 2.686088 1.494707 30.265587 -1.573297 0.999051
Car -1 -1 -10 682.000000 164.000000 780.000000 247.000000 1.626056 1.593490 3.872735 2.687400 1.497509 16.850818 -1.619241 0.986778
Car -1 -1 -10 383.000000 169.000000 512.000000 211.000000 1.511525 1.577379 4.145289 -5.966401 1.453385 27.790356 0.188884 0.986209
Car -1 -1 -10 185.000000 173.000000 432.000000 251.000000 1.583319 1.641717 4.036448 -6.083793 1.602150 15.368271 0.503562 0.968217
Car -1 -1 -10 992.000000 212.000000 1247.000000 374.000000 1.532086 1.627490 3.830427 2.802063 1.536763 1.632918 -1.607320 0.688036
Car -1 -1 -10 432.000000 167.000000 522.000000 201.000000 1.557197 1.594525 4.070333 -6.216255 1.334534 33.117935 0.085112 0.405305
Car -1 -1 -10 -4.000000 172.000000 316.000000 276.000000 1.672148 1.695371 4.098408 -7.472149 1.598561 11.371199 -3.119547 0.146805
Car -1 -1 -10 313.000000 169.000000 470.000000 229.000000 1.757737 1.682574 4.053469 -7.004643 1.406439 20.497103 -3.149985 0.050605
Car -1 -1 -10 149.000000 181.000000 361.000000 277.000000 1.491624 1.652365 3.742859 -6.525676 2.002755 12.676947 -1.914176 0.035172
Car -1 -1 -10 3.000000 175.000000 148.000000 230.000000 1.445138 1.615409 3.937019 -13.627414 0.999547 17.265783 1.388284 0.029544
