Car -1 -1 -10 684.000000 187.000000 761.000000 242.000000 1.439877 1.577677 3.581612 3.138084 1.833035 20.815568 -1.603253 0.996675
Car -1 -1 -10 37.000000 184.000000 368.000000 289.000000 1.480918 1.637521 3.792298 -6.621606 1.723632 11.264487 -3.184648 0.995963
Car -1 -1 -10 290.000000 180.000000 473.000000 246.000000 1.536282 1.598724 4.115200 -5.931571 1.797127 18.450889 0.133184 0.985864
Car -1 -1 -10 179.000000 183.000000 420.000000 266.000000 1.656738 1.616989 3.958584 -6.019411 1.857620 14.579984 -3.381497 0.949503
Car -1 -1 -10 792.000000 178.000000 1141.000000 378.000000 1.598915 1.609061 3.727097 3.136113 1.693600 7.307532 -1.588024 0.915016
Car -1 -1 -10 405.000000 179.000000 513.000000 222.000000 1.515494 1.595479 3.742905 -5.318180 1.680134 27.286149 -1.332943 0.709993
Car -1 -1 -10 1031.000000 206.000000 1242.000000 374.000000 1.513484 1.590644 3.639716 3.001929 1.647266 2.570057 1.775978 0.674226
Car -1 -1 -10 723.000000 185.000000 840.000000 222.000000 1.496107 1.618358 3.897787 7.036023 1.996384 28.193887 3.142786 0.633843
Car -1 -1 -10 2.000000 202.000000 112.000000 379.000000 1.510190 1.641229 4.054603 -6.616769 1.716085 5.682755 -3.216480 0.388883
Car -1 -1 -10 439.000000 180.000000 524.000000 210.000000 1.574091 1.580277 3.795242 -6.385150 1.943980 34.998127 0.738500 0.145233
Cyclist -1 -1 -10 1019.000000 189.000000 1245.000000 375.000000 1.683651 0.531562 1.657678 2.513238 1.708909 3.107301 -1.421553 0.018450
