Pedestrian -1 -1 -10 398.000000 182.000000 410.000000 216.000000 1.839083 0.662040 0.611953 -9.904975 2.328614 34.592230 1.365246 0.784502
Pedestrian -1 -1 -10 410.000000 179.000000 424.000000 213.000000 1.781792 0.646583 0.633234 -9.235648 1.760278 34.701526 -2.370718 0.725154
Pedestrian -1 -1 -10 -5.000000 189.000000 181.000000 381.000000 1.687778 0.768484 0.626842 -2.986384 1.677185 4.211572 1.454503 0.321867
Pedestrian -1 -1 -10 404.000000 180.000000 419.000000 218.000000 1.733122 0.528525 0.639646 -9.590478 2.079459 34.908535 1.235856 0.072901
Car -1 -1 -10 611.000000 181.000000 684.000000 239.000000 1.498142 1.572374 3.622485 0.995052 1.827644 21.697359 -1.692454 0.999086
Car -1 -1 -10 403.000000 191.000000 454.000000 232.000000 1.438578 1.569472 3.705643 -6.742058 2.100585 27.151143 -1.703898 0.998146
Car -1 -1 -10 97.000000 197.000000 347.000000 324.000000 1.476477 1.684319 4.180369 -5.488889 1.919117 11.213975 1.479336 0.995182
Car -1 -1 -10 584.000000 182.000000 625.000000 218.000000 1.526081 1.560932 3.662259 -0.301240 1.957192 32.084128 -1.662045 0.964269
Car -1 -1 -10 967.000000 176.000000 1237.000000 377.000000 1.496855 1.613397 3.677890 2.723138 1.556398 3.059091 -1.586083 0.859065
Car -1 -1 -10 425.000000 184.000000 470.000000 219.000000 1.585019 1.632184 3.840001 -7.865733 2.212928 36.099450 -1.686525 0.841961
Car -1 -1 -10 32.000000 192.000000 261.000000 357.000000 1.503763 1.517640 3.746091 -3.416460 1.394351 5.322219 -2.124833 0.065421
Car -1 -1 -10 444.000000 185.000000 478.000000 212.000000 1.592729 1.634428 3.882030 -7.900820 2.019958 35.960910 -1.664124 0.014021
Cyclist -1 -1 -10 -5.000000 186.000000 215.000000 379.000000 1.700549 0.535064 1.702553 -2.872685 1.662979 4.118829 1.542863 0.996620
Cyclist -1 -1 -10 56.000000 196.000000 297.000000 346.000000 1.745978 0.730913 1.766441 -4.907372 2.030308 9.722111 1.498321 0.116166
Cyclist -1 -1 -10 -2.000000 207.000000 103.000000 380.000000 1.642208 0.561771 1.636306 -2.856489 1.579783 4.225604 1.445183 0.082782
