Pedestrian -1 -1 -10 553.000000 161.000000 583.000000 224.000000 1.725901 0.593919 0.709085 -1.125103 1.108774 20.779387 0.478378 0.992310
Pedestrian -1 -1 -10 252.000000 169.000000 276.000000 236.000000 1.811414 0.673872 1.067730 -9.400528 1.630704 19.497050 -3.031539 0.910042
Pedestrian -1 -1 -10 216.000000 178.000000 235.000000 233.000000 1.784484 0.538994 0.758487 -12.152907 1.744558 22.756968 0.183678 0.659640
Pedestrian -1 -1 -10 365.000000 162.000000 384.000000 219.000000 1.769105 0.486405 0.767347 -6.872807 1.144667 20.870844 2.196490 0.517981
Pedestrian -1 -1 -10 270.000000 173.000000 302.000000 239.000000 1.763491 0.679084 0.555130 -9.591305 1.649443 21.246551 0.177061 0.389812
Pedestrian -1 -1 -10 408.000000 159.000000 428.000000 226.000000 1.759107 0.620055 0.610130 -4.879977 1.120453 18.264664 0.757828 0.179970
Pedestrian -1 -1 -10 853.000000 154.000000 872.000000 197.000000 1.775694 0.648899 0.967233 10.430390 0.659356 28.758454 -1.308521 0.143372
Pedestrian -1 -1 -10 259.000000 172.000000 329.000000 239.000000 1.802035 0.671471 0.765108 -9.503921 1.724766 21.251135 2.614662 0.052937
Car -1 -1 -10 362.000000 179.000000 495.000000 266.000000 1.460087 1.610268 3.779738 -3.297835 1.436959 13.724122 -1.576640 0.999532
Car -1 -1 -10 1102.000000 141.000000 1220.000000 184.000000 1.633571 1.627097 3.822100 23.902545 0.117755 29.599272 0.112617 0.145365
Car -1 -1 -10 398.000000 175.000000 450.000000 219.000000 1.495617 1.562699 3.692276 -6.670271 0.884896 24.301050 1.389601 0.048993
Car -1 -1 -10 1016.000000 137.000000 1123.000000 200.000000 1.522637 1.507721 3.572707 10.968429 0.563141 17.330158 0.151269 0.019805
Cyclist -1 -1 -10 943.000000 140.000000 1011.000000 203.000000 1.771578 0.536369 1.764974 11.437834 0.630814 21.965616 -1.611090 0.997824
Cyclist -1 -1 -10 268.000000 170.000000 355.000000 240.000000 1.708698 0.564893 1.751952 -7.336594 1.407811 18.086243 -0.545973 0.996985
Cyclist -1 -1 -10 758.000000 155.000000 802.000000 198.000000 1.729178 0.599295 1.720641 7.896990 0.636176 31.808595 -0.221646 0.996238
Cyclist -1 -1 -10 853.000000 154.000000 873.000000 197.000000 1.772348 0.572927 1.823743 10.482274 0.691231 28.871044 -1.115087 0.946324
Cyclist -1 -1 -10 268.000000 174.000000 304.000000 240.000000 1.713079 0.607028 1.714788 -9.597263 1.587968 21.066256 2.564373 0.864609
Cyclist -1 -1 -10 1019.000000 135.000000 1119.000000 208.000000 1.688331 0.581720 1.768792 10.757252 0.629074 16.701003 3.585835 0.739049
Cyclist -1 -1 -10 255.000000 171.000000 282.000000 236.000000 1.801971 0.654129 1.775188 -9.527332 1.607700 19.497665 -2.899151 0.126620
Cyclist -1 -1 -10 294.000000 170.000000 337.000000 230.000000 1.693958 0.591488 1.752672 -7.409268 1.369694 18.003308 -0.841431 0.054025
Cyclist -1 -1 -10 363.000000 162.000000 387.000000 222.000000 1.743565 0.499023 1.707889 -6.712330 1.097387 20.771145 -2.255711 0.028157
Cyclist -1 -1 -10 404.000000 168.000000 439.000000 217.000000 1.644620 0.634460 1.709773 -4.967805 1.025565 18.501561 1.345169 0.022872
Cyclist -1 -1 -10 385.000000 175.000000 415.000000 214.000000 1.731692 0.641524 1.709843 -6.336757 1.012484 20.233443 2.314734 0.013321
Cyclist -1 -1 -10 409.000000 158.000000 428.000000 227.000000 1.694161 0.693770 1.728900 -4.656412 0.901045 18.422742 0.710596 0.010328
