Pedestrian -1 -1 -10 423.000000 172.000000 439.000000 244.000000 1.772982 0.664790 0.591100 -4.223561 1.728877 16.742447 -1.825494 0.606976
Pedestrian -1 -1 -10 434.000000 172.000000 454.000000 250.000000 1.785079 0.790319 0.643669 -4.599484 1.588916 19.268836 -1.471385 0.526876
Pedestrian -1 -1 -10 415.000000 174.000000 465.000000 245.000000 1.776365 0.771905 0.588774 -4.580597 1.639065 19.010170 -1.724263 0.197207
Pedestrian -1 -1 -10 442.000000 178.000000 463.000000 251.000000 1.814714 0.750308 0.743173 -4.409543 1.832263 19.470214 2.313390 0.010741
Car -1 -1 -10 282.000000 185.000000 499.000000 333.000000 1.544554 1.642941 4.105672 -2.591498 1.715446 9.433696 -1.596153 0.998755
Car -1 -1 -10 666.000000 182.000000 717.000000 221.000000 1.444814 1.609436 3.801908 3.117003 1.736181 27.826194 -1.561294 0.998488
Car -1 -1 -10 753.000000 174.000000 1107.000000 376.000000 1.584507 1.644578 3.771563 2.505023 1.594532 6.587938 -1.564797 0.997849
Car -1 -1 -10 710.000000 182.000000 863.000000 293.000000 1.452415 1.604495 3.730675 2.717985 1.710478 12.018336 -1.570684 0.992894
Car -1 -1 -10 424.000000 185.000000 547.000000 273.000000 1.506848 1.635783 4.010448 -2.520287 1.767333 14.600900 -1.509238 0.992836
Car -1 -1 -10 559.000000 180.000000 592.000000 210.000000 1.606156 1.637254 4.036097 -2.003362 2.009888 41.865528 -1.631403 0.991816
Car -1 -1 -10 652.000000 181.000000 693.000000 210.000000 1.538477 1.664288 3.990059 3.442038 1.954036 40.810874 -1.634180 0.655319
Car -1 -1 -10 647.000000 180.000000 675.000000 206.000000 1.528690 1.552477 3.475459 2.544024 2.339463 43.362698 -1.507644 0.132967
Car -1 -1 -10 745.000000 179.000000 952.000000 338.000000 1.493433 1.617867 3.824165 2.517754 1.504882 6.485667 -1.562670 0.046647
Car -1 -1 -10 418.000000 180.000000 478.000000 257.000000 1.598116 1.564058 3.698936 -4.282204 1.432060 17.985770 1.945715 0.013782
Cyclist -1 -1 -10 416.000000 173.000000 437.000000 245.000000 1.741654 0.602381 1.590458 -4.327724 1.371633 17.690187 -1.817354 0.073155
Cyclist -1 -1 -10 407.000000 178.000000 465.000000 241.000000 1.743385 0.733703 1.773509 -4.613862 1.406230 18.678103 -0.084540 0.042015
Cyclist -1 -1 -10 369.000000 182.000000 453.000000 233.000000 1.643811 0.518377 1.620921 -4.748404 1.498302 17.709572 2.336038 0.032326
Cyclist -1 -1 -10 406.000000 178.000000 426.000000 240.000000 1.653744 0.454414 1.593012 -4.770816 1.329485 18.251395 2.343253 0.026247
Cyclist -1 -1 -10 426.000000 173.000000 442.000000 247.000000 1.747215 0.632242 1.590744 -4.326544 1.376658 17.196304 2.409815 0.024695
Cyclist -1 -1 -10 390.000000 180.000000 411.000000 238.000000 1.688248 0.497735 1.663679 -5.232463 1.310790 17.240412 -1.464007 0.015649
