Pedestrian -1 -1 -10 629.000000 173.000000 640.000000 204.000000 1.746765 0.624732 0.663412 1.450210 1.746668 42.225196 1.624606 0.300595
Car -1 -1 -10 540.000000 173.000000 593.000000 219.000000 1.723862 1.699992 4.121240 -1.703115 1.799452 29.239873 1.594650 0.999180
Car -1 -1 -10 712.000000 181.000000 792.000000 257.000000 1.575345 1.551572 3.162076 3.174065 1.810887 16.582888 -1.521548 0.998943
Car -1 -1 -10 297.000000 185.000000 512.000000 331.000000 1.455970 1.590973 3.790800 -2.542055 1.655152 9.482596 -1.514567 0.998470
Car -1 -1 -10 374.000000 172.000000 496.000000 220.000000 1.462616 1.649785 4.133553 -5.887971 1.477889 23.173182 -3.093989 0.981845
Car -1 -1 -10 -2.000000 195.000000 258.000000 373.000000 1.490705 1.573733 3.763283 -3.098972 1.626466 2.327254 1.602429 0.973296
Car -1 -1 -10 575.000000 178.000000 610.000000 210.000000 1.494426 1.579974 3.846445 -0.960690 1.761495 37.182923 -1.470651 0.968701
Car -1 -1 -10 696.000000 187.000000 747.000000 236.000000 1.508286 1.596682 3.775078 3.469518 1.874557 21.873843 -1.486797 0.947168
Car -1 -1 -10 952.000000 221.000000 1209.000000 370.000000 1.566441 1.625310 3.671939 2.283314 1.417073 2.575767 -1.536198 0.810633
Cyclist -1 -1 -10 628.000000 173.000000 640.000000 204.000000 1.740694 0.643117 1.723248 1.421214 1.873328 42.585754 2.224484 0.810271
Cyclist -1 -1 -10 370.000000 171.000000 494.000000 220.000000 1.746652 0.811453 1.886200 -4.976108 1.486179 22.551988 0.173225 0.025430
