Pedestrian -1 -1 -10 272.000000 140.000000 393.000000 373.000000 1.732809 0.615975 0.937129 -1.875741 1.434792 4.722624 2.707336 0.997896
Pedestrian -1 -1 -10 1.000000 170.000000 91.000000 373.000000 1.753408 0.679666 0.808328 -3.498933 1.757862 4.269451 -3.725950 0.572822
Pedestrian -1 -1 -10 289.000000 170.000000 315.000000 225.000000 1.719253 0.622667 0.831913 -9.896964 1.295852 23.490204 -3.018928 0.222806
Pedestrian -1 -1 -10 294.000000 172.000000 306.000000 221.000000 1.736969 0.614405 0.739817 -9.910791 1.320124 23.494649 -3.030789 0.114613
Pedestrian -1 -1 -10 287.000000 159.000000 319.000000 257.000000 1.745385 0.538789 0.615528 -5.348752 1.798506 12.835471 -2.084814 0.071783
Pedestrian -1 -1 -10 299.000000 173.000000 310.000000 219.000000 1.760545 0.649124 0.759696 -9.829762 1.330517 23.502779 -2.964413 0.051239
Pedestrian -1 -1 -10 280.000000 156.000000 358.000000 307.000000 1.671942 0.534397 0.667258 -1.954355 1.208016 4.674513 0.309733 0.017922
Pedestrian -1 -1 -10 300.000000 172.000000 326.000000 215.000000 1.763792 0.611316 0.745754 -10.061078 1.454712 24.247533 1.193405 0.011576
Car -1 -1 -10 359.000000 187.000000 644.000000 314.000000 1.510673 1.617544 3.874288 -1.389122 1.621604 9.723380 -0.224499 0.999213
Car -1 -1 -10 272.000000 152.000000 401.000000 370.000000 1.592976 1.609493 3.255430 -2.089812 1.255776 5.434716 -1.884349 0.010399
Cyclist -1 -1 -10 1.000000 173.000000 92.000000 374.000000 1.705597 0.741399 1.850462 -3.735929 1.614857 4.202924 -0.248449 0.082145
Cyclist -1 -1 -10 290.000000 171.000000 318.000000 229.000000 1.743464 0.536759 1.720929 -10.004030 1.298923 23.549343 -1.923979 0.051365
Cyclist -1 -1 -10 262.000000 147.000000 393.000000 373.000000 1.746199 0.539360 1.704199 -1.949548 1.481380 4.825640 2.315040 0.021660
Cyclist -1 -1 -10 284.000000 162.000000 323.000000 262.000000 1.679243 0.615894 1.692407 -5.431566 1.689899 12.947241 0.590114 0.017348
