Pedestrian -1 -1 -10 826.000000 173.000000 846.000000 224.000000 1.692294 0.631374 0.674442 10.760940 1.869404 33.327596 -0.709530 0.024593
Pedestrian -1 -1 -10 817.000000 172.000000 835.000000 227.000000 1.749265 0.658821 0.729469 10.580014 1.977831 34.506911 2.708140 0.010922
Car -1 -1 -10 324.000000 188.000000 454.000000 264.000000 1.494918 1.624847 4.013204 -4.769683 1.840700 15.904104 1.588616 0.999256
Car -1 -1 -10 484.000000 180.000000 534.000000 216.000000 1.474076 1.570675 3.567767 -4.400819 1.862544 31.820661 1.620796 0.998998
Car -1 -1 -10 761.000000 186.000000 979.000000 305.000000 1.479553 1.649460 4.100287 3.539185 1.652267 10.890673 -1.578819 0.998329
Car -1 -1 -10 145.000000 192.000000 384.000000 320.000000 1.512608 1.604006 3.778364 -4.747603 1.823425 10.529465 1.575447 0.998092
Car -1 -1 -10 727.000000 182.000000 845.000000 259.000000 1.484632 1.638078 3.879817 3.604701 1.721724 15.891041 -1.551283 0.995887
Car -1 -1 -10 886.000000 194.000000 1242.000000 373.000000 1.453531 1.616340 3.834660 3.676367 1.685372 5.693768 -1.555029 0.990621
Car -1 -1 -10 707.000000 179.000000 783.000000 236.000000 1.477715 1.606502 3.754798 3.977358 1.724120 21.476841 -1.528733 0.989399
Car -1 -1 -10 510.000000 179.000000 551.000000 210.000000 1.501591 1.657796 4.126270 -4.163345 1.856899 36.393620 1.646243 0.963900
Car -1 -1 -10 690.000000 178.000000 743.000000 222.000000 1.549165 1.602960 3.804535 4.069036 1.851115 26.973761 -1.575563 0.944339
Car -1 -1 -10 0.000000 203.000000 191.000000 378.000000 1.486990 1.582940 3.835363 -4.806505 1.821455 4.837356 1.601452 0.868945
Car -1 -1 -10 1030.000000 172.000000 1162.000000 231.000000 1.592486 1.622303 4.064717 13.999872 1.525956 20.462053 -1.899248 0.276283
Car -1 -1 -10 951.000000 175.000000 1038.000000 209.000000 1.531727 1.647875 3.680740 17.349887 1.940101 32.309974 -1.068338 0.230292
Car -1 -1 -10 1128.000000 176.000000 1241.000000 236.000000 1.470240 1.642832 3.799682 18.133122 1.750635 21.674740 1.432181 0.115274
Car -1 -1 -10 878.000000 181.000000 927.000000 217.000000 1.527019 1.715892 3.973837 12.454658 1.502086 28.261534 1.406345 0.025476
Cyclist -1 -1 -10 827.000000 177.000000 846.000000 224.000000 1.660295 0.492261 1.628638 10.800205 1.763505 33.673398 -1.722396 0.106028
Cyclist -1 -1 -10 814.000000 174.000000 856.000000 222.000000 1.623489 0.444082 1.478037 4.467528 1.282213 14.887769 -1.297016 0.026108
