Pedestrian -1 -1 -10 893.000000 134.000000 975.000000 298.000000 1.797347 0.648414 1.017307 3.865711 1.281064 8.437381 -1.853210 0.998177
Pedestrian -1 -1 -10 477.000000 157.000000 545.000000 312.000000 1.688092 0.663427 0.979516 -1.246305 1.504384 8.138105 -2.733168 0.985842
Pedestrian -1 -1 -10 502.000000 167.000000 556.000000 286.000000 1.644542 0.594828 0.677379 -0.998406 1.464214 10.484258 2.505116 0.918769
Pedestrian -1 -1 -10 1148.000000 137.000000 1228.000000 309.000000 1.702701 0.627957 0.696532 6.141585 1.267240 7.534805 1.118449 0.671399
Pedestrian -1 -1 -10 688.000000 172.000000 715.000000 233.000000 1.747926 0.637687 0.695591 2.477499 1.357357 17.932903 3.200712 0.275560
Pedestrian -1 -1 -10 718.000000 173.000000 740.000000 221.000000 1.766007 0.667316 0.645498 2.999252 1.439427 17.494305 -2.030910 0.176718
Pedestrian -1 -1 -10 573.000000 163.000000 591.000000 222.000000 1.717775 0.605041 0.789436 -0.608627 1.173430 21.388642 -1.676466 0.171824
Pedestrian -1 -1 -10 384.000000 150.000000 393.000000 193.000000 1.662105 0.558701 0.655968 -6.380468 0.854682 21.103503 0.305908 0.168623
Pedestrian -1 -1 -10 510.000000 167.000000 535.000000 250.000000 1.718955 0.548239 0.711905 -1.951332 1.269873 17.286283 2.522104 0.050185
Pedestrian -1 -1 -10 631.000000 161.000000 648.000000 199.000000 1.737455 0.627777 0.543852 1.454469 0.634814 28.210274 -2.062483 0.049644
Pedestrian -1 -1 -10 386.000000 151.000000 402.000000 202.000000 1.747213 0.576124 0.389525 -5.652919 1.082498 19.039495 -1.879612 0.034223
Pedestrian -1 -1 -10 477.000000 162.000000 513.000000 242.000000 1.778377 0.514524 0.691575 -1.747359 1.384166 10.833719 0.024383 0.025322
Pedestrian -1 -1 -10 598.000000 164.000000 617.000000 224.000000 1.764059 0.663598 0.954561 0.140208 1.190245 21.298314 1.680443 0.024765
Pedestrian -1 -1 -10 432.000000 157.000000 517.000000 223.000000 1.774484 0.671006 0.377811 -4.564630 1.279996 24.817550 -1.806651 0.017935
Pedestrian -1 -1 -10 503.000000 166.000000 526.000000 224.000000 1.576112 0.537153 0.658527 -2.042515 0.729978 17.436338 -1.672695 0.015180
Pedestrian -1 -1 -10 670.000000 172.000000 686.000000 211.000000 1.705730 0.637387 0.631260 3.048335 1.719575 25.884451 -1.980369 0.013756
Pedestrian -1 -1 -10 1205.000000 126.000000 1231.000000 182.000000 1.755224 0.669218 0.683673 9.778553 0.680495 11.414058 -0.977082 0.013452
Pedestrian -1 -1 -10 930.000000 157.000000 972.000000 225.000000 1.798412 0.571112 0.796046 7.822116 1.176788 15.694155 0.619355 0.011609
Car -1 -1 -10 3.000000 151.000000 429.000000 374.000000 1.674106 1.674286 4.154770 -2.724727 1.483220 5.544486 1.535874 0.982665
Car -1 -1 -10 374.000000 156.000000 469.000000 230.000000 1.946902 1.769803 4.229143 -5.051004 1.242491 21.076345 1.519804 0.908234
Car -1 -1 -10 405.000000 159.000000 498.000000 219.000000 1.792141 1.644535 3.931120 -5.042712 1.244694 23.967745 -1.643168 0.066118
Car -1 -1 -10 246.000000 164.000000 418.000000 276.000000 1.487247 1.573624 3.402783 -5.498849 0.837104 14.570375 2.118708 0.010102
Cyclist -1 -1 -10 496.000000 171.000000 541.000000 255.000000 1.697031 0.481972 1.444754 -2.077064 1.406779 17.701055 -1.718365 0.033347
Cyclist -1 -1 -10 474.000000 160.000000 546.000000 307.000000 1.755634 0.588498 1.729657 -1.380966 1.517200 8.192656 -2.536216 0.027162
Cyclist -1 -1 -10 503.000000 167.000000 558.000000 288.000000 1.727772 0.636562 1.759244 -1.090367 1.496109 10.383403 -1.656288 0.020772
Cyclist -1 -1 -10 503.000000 166.000000 526.000000 224.000000 1.750335 0.526089 1.526415 -2.058582 1.437588 15.439106 -1.719507 0.014499
Cyclist -1 -1 -10 1142.000000 135.000000 1229.000000 306.000000 1.692655 0.532430 1.797868 6.042537 1.220067 7.437379 2.646525 0.010598
