Pedestrian -1 -1 -10 311.000000 179.000000 325.000000 217.000000 1.779629 0.547718 0.943864 -14.720498 1.910059 36.434316 0.230400 0.314824
Pedestrian -1 -1 -10 318.000000 179.000000 331.000000 216.000000 1.815660 0.617722 0.930531 -14.574510 1.880126 36.914120 0.265579 0.124795
Pedestrian -1 -1 -10 439.000000 169.000000 456.000000 210.000000 1.783359 0.535532 0.879549 -7.309288 1.263138 31.914999 0.299821 0.053824
Pedestrian -1 -1 -10 745.000000 156.000000 757.000000 188.000000 1.727354 0.590726 0.903064 6.575191 0.630747 31.541705 0.149972 0.010359
Car -1 -1 -10 481.000000 176.000000 539.000000 217.000000 1.429902 1.613703 3.775908 -3.676173 1.251876 27.269156 -1.590518 0.999082
Car -1 -1 -10 951.000000 150.000000 1040.000000 179.000000 1.733690 1.708062 4.082517 23.954612 0.020924 43.712243 -0.520717 0.013285
Cyclist -1 -1 -10 332.000000 176.000000 376.000000 223.000000 1.767831 0.531609 1.845377 -9.893111 1.576351 27.855882 -1.331418 0.996012
Cyclist -1 -1 -10 670.000000 160.000000 716.000000 201.000000 1.729415 0.578323 1.766160 4.369943 0.814252 35.429778 0.007726 0.983456
Cyclist -1 -1 -10 735.000000 154.000000 780.000000 198.000000 1.669060 0.459659 1.390564 6.665603 1.378381 31.137877 3.235810 0.798975
Cyclist -1 -1 -10 586.000000 169.000000 617.000000 197.000000 1.744150 0.626242 1.801562 -0.276925 0.978784 42.565371 -0.546660 0.575748
