Car -1 -1 -10 387.000000 181.000000 477.000000 238.000000 1.498645 1.615004 3.746714 -4.906207 1.420255 20.568791 -1.574026 0.999159
Car -1 -1 -10 575.000000 173.000000 629.000000 222.000000 1.541350 1.652291 3.783354 -0.240865 1.137939 25.579566 -1.571561 0.998629
Car -1 -1 -10 1.000000 149.000000 337.000000 374.000000 1.784220 1.698444 4.277443 -4.536632 1.574023 7.888173 -1.583940 0.949490
Car -1 -1 -10 508.000000 172.000000 549.000000 203.000000 1.517390 1.611130 3.780159 -4.654059 0.913835 42.989959 -1.648369 0.899471
Car -1 -1 -10 353.000000 179.000000 389.000000 206.000000 1.521829 1.625227 3.821651 -13.377593 1.138792 41.635853 -1.414924 0.410006
Car -1 -1 -10 266.000000 181.000000 344.000000 237.000000 1.540681 1.596770 3.889421 -8.726872 1.409588 19.790857 1.663485 0.159737
Car -1 -1 -10 424.000000 176.000000 469.000000 206.000000 1.532484 1.562345 3.530572 -8.673498 0.998390 40.436944 1.344384 0.150041
Car -1 -1 -10 389.000000 180.000000 431.000000 211.000000 1.522413 1.613542 3.874216 -9.170837 1.227289 33.081298 -1.855412 0.092045
Car -1 -1 -10 203.000000 175.000000 338.000000 240.000000 1.539336 1.644818 3.841978 -8.494433 1.486692 18.762240 -1.649536 0.030797
Car -1 -1 -10 577.000000 174.000000 609.000000 204.000000 1.495513 1.579037 3.511508 -0.355793 0.901075 12.467310 1.031861 0.015003
