Car -1 -1 -10 750.000000 183.000000 908.000000 297.000000 1.520965 1.609793 3.710741 3.305614 1.737233 11.722944 -1.558635 0.999626
Car -1 -1 -10 680.000000 183.000000 730.000000 219.000000 1.458092 1.560284 3.613758 3.861583 1.867275 30.253847 -1.581673 0.997176
Car -1 -1 -10 209.000000 185.000000 421.000000 257.000000 1.459286 1.642121 4.066082 -6.274560 1.675183 15.386016 -3.138205 0.996107
Car -1 -1 -10 -10.000000 183.000000 329.000000 333.000000 1.520011 1.624777 4.205769 -5.908240 1.690889 8.444912 0.066073 0.995274
Car -1 -1 -10 385.000000 180.000000 510.000000 228.000000 1.541792 1.570259 3.867564 -5.817055 1.529828 25.515157 -3.189103 0.992925
Car -1 -1 -10 712.000000 179.000000 821.000000 256.000000 1.493777 1.626684 3.882189 3.472798 1.646024 16.863746 -1.552478 0.987451
Car -1 -1 -10 319.000000 182.000000 471.000000 237.000000 1.549356 1.658653 3.982043 -6.230970 1.814978 20.968228 -3.093453 0.979210
Car -1 -1 -10 427.000000 178.000000 537.000000 219.000000 1.525519 1.686394 4.260444 -5.227968 1.846788 29.477545 -3.081745 0.645722
Car -1 -1 -10 473.000000 178.000000 554.000000 211.000000 1.552557 1.647289 3.785684 -4.998550 1.697980 35.666988 -3.252422 0.320054
Car -1 -1 -10 711.000000 179.000000 778.000000 226.000000 1.547390 1.631313 3.800249 4.227110 2.128952 30.240339 -1.383142 0.067196
Car -1 -1 -10 6.000000 185.000000 154.000000 338.000000 1.467522 1.570720 3.797472 -6.218895 1.529741 8.346430 -3.088842 0.047020
