Pedestrian -1 -1 -10 700.000000 164.000000 710.000000 192.000000 1.759540 0.596096 0.613962 6.457995 1.456120 48.806690 1.186304 0.084622
Car -1 -1 -10 771.000000 176.000000 842.000000 241.000000 1.587231 1.609484 3.393757 5.175542 1.725484 18.942001 -1.428697 0.999551
Car -1 -1 -10 617.000000 166.000000 665.000000 208.000000 1.600394 1.644464 3.879542 1.422411 1.494561 31.788730 1.713124 0.999496
Car -1 -1 -10 448.000000 173.000000 594.000000 281.000000 1.482034 1.599866 3.775585 -1.308178 1.574873 12.275652 -1.413226 0.999070
Car -1 -1 -10 -10.000000 176.000000 451.000000 372.000000 1.534184 1.598766 3.814905 -2.449423 1.580829 5.467313 1.719054 0.988311
Car -1 -1 -10 875.000000 204.000000 1241.000000 372.000000 1.502878 1.580795 3.636700 2.805175 1.733391 4.280906 -1.478488 0.974316
Car -1 -1 -10 644.000000 169.000000 680.000000 200.000000 1.461996 1.567992 3.468819 1.109610 0.998079 15.884332 2.554433 0.960512
Car -1 -1 -10 762.000000 177.000000 807.000000 226.000000 1.482476 1.585183 3.743720 5.953814 1.663056 23.898866 -1.416386 0.950329
Car -1 -1 -10 475.000000 163.000000 577.000000 225.000000 1.549945 1.593910 3.907197 -3.199042 1.217574 26.207471 -2.947229 0.935248
Cyclist -1 -1 -10 700.000000 164.000000 710.000000 192.000000 1.759541 0.625417 1.694030 6.496973 1.291701 48.726305 1.728653 0.179160
Cyclist -1 -1 -10 469.000000 162.000000 575.000000 229.000000 1.673264 0.464001 1.488284 -1.623049 0.963427 12.767090 -1.734976 0.012060
