Pedestrian -1 -1 -10 500.000000 174.000000 518.000000 224.000000 1.696493 0.624175 0.659202 -3.673226 1.824596 25.625184 1.504344 0.122148
Pedestrian -1 -1 -10 708.000000 159.000000 726.000000 212.000000 1.796233 0.636492 0.856031 3.951637 1.376547 26.832354 -1.825519 0.076366
Pedestrian -1 -1 -10 365.000000 182.000000 373.000000 212.000000 1.701507 0.549338 0.735722 -8.793251 1.919845 26.125401 2.206718 0.059927
Pedestrian -1 -1 -10 364.000000 182.000000 391.000000 227.000000 1.755056 0.639221 0.739464 -8.369219 1.763168 25.118541 2.781100 0.015004
Pedestrian -1 -1 -10 411.000000 178.000000 448.000000 229.000000 1.770138 0.696766 0.645284 -5.615336 1.719019 21.423001 -2.423606 0.010631
Car -1 -1 -10 637.000000 175.000000 672.000000 201.000000 1.526810 1.618480 3.571248 2.474462 1.628201 40.815909 -1.523459 0.964688
Car -1 -1 -10 1.000000 212.000000 127.000000 374.000000 1.518955 1.616104 3.854012 -5.118494 1.753422 4.406005 1.565968 0.538366
Car -1 -1 -10 489.000000 179.000000 530.000000 211.000000 1.431594 1.639153 3.896646 -5.446601 2.091095 38.625540 1.915877 0.317335
Car -1 -1 -10 369.000000 189.000000 459.000000 247.000000 1.534288 1.624886 3.962562 -5.514182 1.993898 20.035542 1.627182 0.280081
Car -1 -1 -10 406.000000 182.000000 450.000000 231.000000 1.509589 1.551331 3.679047 -5.906498 1.683642 21.365845 1.928091 0.019313
Car -1 -1 -10 360.000000 188.000000 411.000000 237.000000 1.595355 1.628509 3.723832 -8.843924 1.982418 24.496993 -1.719863 0.010582
Cyclist -1 -1 -10 396.000000 176.000000 457.000000 293.000000 1.735133 0.618410 1.799156 -3.009097 1.796773 11.729415 1.509462 0.999583
Cyclist -1 -1 -10 339.000000 179.000000 410.000000 301.000000 1.790754 0.591831 1.791844 -3.623139 1.905165 11.378731 1.587663 0.999460
Cyclist -1 -1 -10 499.000000 174.000000 520.000000 226.000000 1.721955 0.635225 1.798175 -3.658753 1.827200 25.528160 1.524256 0.998274
Cyclist -1 -1 -10 377.000000 188.000000 459.000000 249.000000 1.719778 0.533618 1.692383 -5.138670 2.085741 18.842939 1.769675 0.564034
Cyclist -1 -1 -10 492.000000 178.000000 528.000000 212.000000 1.685665 0.517578 1.565818 -5.502814 2.490478 37.143374 -1.749634 0.315302
Cyclist -1 -1 -10 353.000000 188.000000 429.000000 262.000000 1.694191 0.527077 1.580660 -5.313860 2.377923 18.218674 -1.891897 0.125874
Cyclist -1 -1 -10 709.000000 160.000000 727.000000 212.000000 1.834674 0.540938 1.706358 3.975753 1.414152 27.035840 -1.451521 0.060789
Cyclist -1 -1 -10 360.000000 184.000000 399.000000 234.000000 1.729981 0.609452 1.768904 -8.255531 1.909439 23.690635 -1.724281 0.043182
Cyclist -1 -1 -10 406.000000 182.000000 450.000000 231.000000 1.685696 0.470834 1.564500 -5.661568 1.509526 21.586726 -1.839874 0.028755
Cyclist -1 -1 -10 417.000000 173.000000 439.000000 242.000000 1.658559 0.429689 1.456011 -5.129496 1.904922 20.143276 -2.849915 0.010878
