Pedestrian -1 -1 -10 669.000000 170.000000 683.000000 207.000000 1.797410 0.653941 0.742341 3.434413 1.826426 36.907704 1.222220 0.914826
Car -1 -1 -10 755.000000 183.000000 964.000000 312.000000 1.435281 1.579811 3.653851 3.208012 1.610963 10.107112 -1.605520 0.998263
Car -1 -1 -10 223.000000 185.000000 385.000000 277.000000 1.517640 1.607899 3.910685 -5.615332 1.775312 13.629818 1.560064 0.997696
Car -1 -1 -10 475.000000 179.000000 528.000000 204.000000 1.432953 1.611921 3.856250 -6.443801 1.871197 42.705355 0.863189 0.994830
Car -1 -1 -10 -7.000000 189.000000 279.000000 346.000000 1.484732 1.548901 3.543330 -5.505818 1.745153 8.995139 1.551217 0.992155
Car -1 -1 -10 845.000000 185.000000 1249.000000 372.000000 1.532761 1.642997 3.908500 3.148649 1.696910 4.684457 -1.639158 0.985702
Car -1 -1 -10 238.000000 177.000000 305.000000 215.000000 1.466941 1.610877 3.889564 -14.464866 1.752145 31.127245 1.557688 0.048438
Car -1 -1 -10 827.000000 186.000000 1010.000000 358.000000 1.544508 1.607445 3.772057 3.537028 1.761734 6.081823 1.534622 0.030034
Car -1 -1 -10 302.000000 180.000000 337.000000 205.000000 1.505868 1.628981 3.912394 -11.939798 1.057366 29.945118 -3.376573 0.018202
Car -1 -1 -10 295.000000 185.000000 360.000000 226.000000 1.455073 1.564807 3.767242 -10.569882 1.722084 28.549075 0.570981 0.010606
