Car -1 -1 -10 634.000000 181.000000 688.000000 219.000000 1.424080 1.549632 3.562248 2.075105 1.849784 29.660945 -1.713304 0.998606
Car -1 -1 -10 795.000000 180.000000 957.000000 245.000000 1.510180 1.570208 3.712160 6.316184 1.704588 17.388311 -2.083420 0.996142
Car -1 -1 -10 318.000000 183.000000 477.000000 230.000000 1.480585 1.583267 3.950167 -7.091337 1.966624 25.267514 -3.095296 0.970856
Car -1 -1 -10 32.000000 194.000000 308.000000 300.000000 1.518849 1.618139 3.922266 -6.754296 1.743687 10.488054 -3.142345 0.936081
Car -1 -1 -10 -2.000000 187.000000 206.000000 333.000000 1.556516 1.603486 3.830485 -7.237882 1.749940 8.723032 -3.136591 0.775515
Car -1 -1 -10 378.000000 182.000000 491.000000 217.000000 1.454243 1.613866 3.850840 -7.154920 1.801117 33.891175 0.809555 0.688178
Car -1 -1 -10 269.000000 185.000000 430.000000 244.000000 1.484872 1.641936 3.950139 -7.106950 1.861416 20.669461 -3.089629 0.556835
Car -1 -1 -10 617.000000 179.000000 660.000000 208.000000 1.641324 1.673583 4.059138 1.366166 1.803271 39.188064 1.522940 0.360334
Car -1 -1 -10 130.000000 177.000000 367.000000 284.000000 1.779926 1.751928 4.130993 -6.452969 1.781455 13.001124 -3.157395 0.310195
Car -1 -1 -10 422.000000 182.000000 511.000000 212.000000 1.545132 1.560925 3.739096 -6.862399 2.012384 35.748385 1.593282 0.214161
