Pedestrian -1 -1 -10 808.000000 163.000000 851.000000 267.000000 1.645856 0.633964 0.702086 3.388740 1.312596 10.936859 -1.696089 0.974265
Pedestrian -1 -1 -10 932.000000 144.000000 973.000000 270.000000 1.673455 0.592829 0.588557 4.642274 1.943205 9.779502 -1.655236 0.281300
Pedestrian -1 -1 -10 797.000000 176.000000 829.000000 264.000000 1.784279 0.535542 0.767453 3.488315 1.271822 12.480381 0.411533 0.208696
Pedestrian -1 -1 -10 542.000000 153.000000 551.000000 184.000000 1.841382 0.608912 0.856417 -3.426969 0.090220 44.694008 1.985849 0.082480
Pedestrian -1 -1 -10 868.000000 149.000000 902.000000 229.000000 1.700551 0.587178 0.670766 6.982779 1.283851 17.779073 0.413278 0.078099
Pedestrian -1 -1 -10 923.000000 145.000000 955.000000 265.000000 1.674087 0.586427 0.657528 4.633382 1.808909 9.834320 -1.673560 0.063450
Pedestrian -1 -1 -10 522.000000 152.000000 532.000000 186.000000 1.731520 0.583843 0.558753 -4.239216 0.373227 40.561480 -1.704764 0.060938
Pedestrian -1 -1 -10 911.000000 149.000000 940.000000 250.000000 1.764403 0.691021 0.614856 5.241983 1.025614 11.981295 2.561316 0.040543
Pedestrian -1 -1 -10 606.000000 152.000000 612.000000 181.000000 1.872533 0.649295 0.930094 0.516305 -0.032824 49.244934 1.139331 0.030159
Pedestrian -1 -1 -10 963.000000 151.000000 999.000000 282.000000 1.686734 0.588843 0.560741 4.648285 1.897842 8.673137 -0.534474 0.023729
Cyclist -1 -1 -10 411.000000 158.000000 484.000000 275.000000 1.733855 0.548974 1.762417 -2.414959 1.383452 11.170415 1.685095 0.999596
Cyclist -1 -1 -10 290.000000 151.000000 390.000000 323.000000 1.723437 0.591338 1.797306 -3.013101 1.453707 8.326723 1.510647 0.999229
Cyclist -1 -1 -10 427.000000 163.000000 458.000000 201.000000 1.620478 0.485082 1.714070 -7.031324 0.596309 29.834971 -1.617118 0.011419
