Pedestrian -1 -1 -10 119.000000 173.000000 207.000000 373.000000 1.697974 0.568130 0.705108 -3.708449 1.604647 5.983737 -2.593983 0.996178
Pedestrian -1 -1 -10 359.000000 159.000000 412.000000 315.000000 1.760423 0.653583 0.897028 -2.609079 1.512037 8.355754 -1.946440 0.990953
Pedestrian -1 -1 -10 208.000000 160.000000 314.000000 373.000000 1.696654 0.629189 0.800335 -2.378729 1.515913 4.862825 -2.578921 0.989952
Pedestrian -1 -1 -10 91.000000 180.000000 159.000000 336.000000 1.767011 0.686635 0.811015 -5.369581 1.738202 8.070160 -1.753941 0.981166
Pedestrian -1 -1 -10 294.000000 162.000000 363.000000 372.000000 1.688758 0.536226 0.708824 -2.241902 1.579092 5.704007 -2.501540 0.974671
Pedestrian -1 -1 -10 166.000000 172.000000 234.000000 331.000000 1.781245 0.690030 0.717608 -4.266214 1.762650 7.472965 0.478035 0.761796
Pedestrian -1 -1 -10 253.000000 165.000000 324.000000 326.000000 1.684538 0.594103 0.693841 -2.235480 1.367309 5.105908 -2.554163 0.697616
Pedestrian -1 -1 -10 321.000000 163.000000 357.000000 323.000000 1.701186 0.580578 0.666944 -3.221839 1.449845 8.340595 2.760379 0.589560
Pedestrian -1 -1 -10 198.000000 162.000000 242.000000 312.000000 1.758240 0.613726 0.752025 -4.230975 1.700312 7.722183 0.111369 0.476448
Pedestrian -1 -1 -10 535.000000 169.000000 551.000000 215.000000 1.745077 0.643593 0.896896 -2.306490 1.234361 27.795866 -1.749323 0.435230
Pedestrian -1 -1 -10 309.000000 173.000000 421.000000 282.000000 1.743092 0.776122 0.540113 -3.846708 1.595145 12.545025 -0.238848 0.302106
Pedestrian -1 -1 -10 664.000000 160.000000 686.000000 224.000000 1.784048 0.679078 0.826690 2.209611 1.220296 21.453014 1.538843 0.281730
Pedestrian -1 -1 -10 291.000000 169.000000 336.000000 327.000000 1.802363 0.686008 0.653075 -3.409892 1.339716 8.310142 -1.566625 0.179392
Pedestrian -1 -1 -10 546.000000 170.000000 562.000000 215.000000 1.768486 0.642731 0.841784 -1.911612 1.215190 28.011354 -1.755996 0.160553
Pedestrian -1 -1 -10 306.000000 174.000000 368.000000 268.000000 1.771624 0.564156 0.776053 -4.254503 1.407061 11.776743 -2.027378 0.140671
Pedestrian -1 -1 -10 262.000000 167.000000 388.000000 295.000000 1.771886 0.712671 0.839109 -3.143089 1.470694 8.631620 -1.454061 0.123579
Car -1 -1 -10 325.000000 175.000000 446.000000 278.000000 1.491024 1.588515 3.944557 -3.946783 1.548680 13.592042 1.501358 0.803837
Car -1 -1 -10 353.000000 168.000000 415.000000 300.000000 1.498487 1.605840 3.840790 -4.997979 1.663196 13.201955 -1.939177 0.074383
Cyclist -1 -1 -10 478.000000 163.000000 518.000000 232.000000 1.702431 0.608400 1.748102 -2.969104 1.286802 19.359148 1.404055 0.999231
Cyclist -1 -1 -10 332.000000 177.000000 437.000000 281.000000 1.761854 0.593411 1.789504 -3.489074 1.445989 13.487624 1.302248 0.377076
Cyclist -1 -1 -10 356.000000 164.000000 411.000000 307.000000 1.848611 0.591517 1.705739 -2.753517 1.653914 8.722660 1.316965 0.035019
Cyclist -1 -1 -10 323.000000 161.000000 354.000000 290.000000 1.691162 0.694609 1.683966 -4.313005 0.984069 11.160105 2.242737 0.024855
Cyclist -1 -1 -10 272.000000 170.000000 405.000000 286.000000 1.763542 0.628521 1.823974 -4.144844 1.370251 10.238991 -1.955084 0.018933
Cyclist -1 -1 -10 664.000000 161.000000 687.000000 224.000000 1.795771 0.592442 1.815788 2.174860 1.230879 21.491404 1.609627 0.015043
Cyclist -1 -1 -10 309.000000 174.000000 365.000000 261.000000 1.699571 0.622265 1.681372 -4.337490 1.025296 12.028881 2.676947 0.013757
Cyclist -1 -1 -10 264.000000 161.000000 369.000000 366.000000 1.753899 0.550877 1.738493 -2.327191 1.527247 5.468290 1.695802 0.011312
Cyclist -1 -1 -10 201.000000 161.000000 251.000000 317.000000 1.722172 0.631631 1.647346 -4.352628 1.585140 8.076428 1.558693 0.011263
