Pedestrian -1 -1 -10 2.000000 166.000000 151.000000 373.000000 1.753962 0.735790 0.670453 -4.230227 1.606686 5.423680 -1.851041 0.995357
Pedestrian -1 -1 -10 294.000000 163.000000 357.000000 332.000000 1.752351 0.648952 0.959323 -2.954590 1.506165 7.620985 -2.045157 0.992636
Pedestrian -1 -1 -10 150.000000 158.000000 241.000000 369.000000 1.640677 0.593312 0.742224 -2.776896 1.531031 4.926028 1.039477 0.988317
Pedestrian -1 -1 -10 231.000000 170.000000 301.000000 336.000000 1.717699 0.618562 0.670362 -3.597659 1.613136 7.645678 -1.853143 0.960693
Pedestrian -1 -1 -10 188.000000 166.000000 248.000000 331.000000 1.795000 0.691624 0.736787 -4.579043 1.492118 8.606292 2.115737 0.824710
Pedestrian -1 -1 -10 266.000000 158.000000 308.000000 302.000000 1.777656 0.728683 0.749738 -4.322869 1.477949 9.803748 1.295463 0.820272
Pedestrian -1 -1 -10 665.000000 161.000000 685.000000 228.000000 1.771872 0.594114 0.880730 2.029396 1.216375 19.867104 1.238768 0.662455
Pedestrian -1 -1 -10 108.000000 171.000000 155.000000 298.000000 1.804112 0.650795 0.818473 -6.992394 1.687712 10.772517 -1.764142 0.653420
Pedestrian -1 -1 -10 153.000000 163.000000 209.000000 312.000000 1.725123 0.573663 0.593952 -5.751630 1.462151 9.394118 -1.806510 0.471516
Pedestrian -1 -1 -10 216.000000 171.000000 260.000000 317.000000 1.815804 0.638164 0.937617 -4.371403 1.589196 8.625077 1.639095 0.417287
Pedestrian -1 -1 -10 286.000000 175.000000 427.000000 297.000000 1.721128 0.635913 0.849837 -3.726248 1.723507 11.758977 2.188173 0.390641
Pedestrian -1 -1 -10 525.000000 171.000000 542.000000 216.000000 1.742049 0.674528 0.888755 -2.654181 1.266616 27.451007 -1.756408 0.303427
Car -1 -1 -10 290.000000 179.000000 432.000000 287.000000 1.501389 1.640018 4.022418 -4.130100 1.581390 12.372574 1.486668 0.981815
Car -1 -1 -10 292.000000 169.000000 367.000000 319.000000 1.559731 1.594651 3.283989 -2.195007 1.395619 8.128301 -0.301133 0.022203
Cyclist -1 -1 -10 462.000000 163.000000 504.000000 244.000000 1.731881 0.633180 1.775615 -2.812252 1.345153 16.422560 1.414464 0.999073
Cyclist -1 -1 -10 283.000000 174.000000 434.000000 298.000000 1.668965 0.499744 1.749844 -3.563911 1.551146 11.846410 1.601107 0.055098
Cyclist -1 -1 -10 149.000000 165.000000 255.000000 345.000000 1.681021 0.518825 1.655950 -2.964825 1.534525 5.277441 1.663036 0.038815
Cyclist -1 -1 -10 273.000000 164.000000 317.000000 300.000000 1.790616 0.618210 1.689196 -4.542885 1.450347 10.127266 1.666732 0.022061
Cyclist -1 -1 -10 263.000000 166.000000 363.000000 312.000000 1.721800 0.585378 1.750411 -3.142940 1.498994 7.509964 -2.565055 0.020364
Cyclist -1 -1 -10 524.000000 170.000000 543.000000 216.000000 1.825151 0.591360 1.736017 -2.542866 1.309604 27.505665 -1.657024 0.010083
