Pedestrian -1 -1 -10 2.000000 159.000000 103.000000 369.000000 1.801814 0.626280 0.872762 -4.694792 1.586295 6.004045 -2.783198 0.018626
Car -1 -1 -10 779.000000 193.000000 1079.000000 376.000000 1.505997 1.624700 3.752491 2.914858 1.717204 7.607668 -1.583911 0.999468
Car -1 -1 -10 675.000000 183.000000 756.000000 243.000000 1.413338 1.590570 3.713860 2.808128 1.739585 19.712614 -1.579497 0.999418
Car -1 -1 -10 17.000000 170.000000 347.000000 298.000000 1.598539 1.660802 4.013242 -6.513949 1.632391 10.591105 -3.125656 0.997266
Car -1 -1 -10 231.000000 175.000000 443.000000 243.000000 1.578359 1.646626 4.051129 -6.563874 1.744575 18.282309 0.074465 0.977835
Car -1 -1 -10 653.000000 176.000000 697.000000 217.000000 1.593270 1.634121 3.859844 2.687854 1.741718 30.513234 -1.581607 0.962861
Car -1 -1 -10 420.000000 178.000000 511.000000 216.000000 1.501649 1.607189 3.878302 -6.056296 1.756335 30.921214 -3.155876 0.877822
Car -1 -1 -10 1000.000000 216.000000 1247.000000 369.000000 1.519948 1.605199 3.749759 2.971691 1.670205 1.992363 -1.599442 0.782319
Car -1 -1 -10 308.000000 169.000000 486.000000 228.000000 1.659194 1.676638 3.910483 -6.069496 1.533589 23.051707 -3.123639 0.580605
Car -1 -1 -10 163.000000 180.000000 355.000000 263.000000 1.569292 1.638522 3.774050 -6.289626 1.729373 14.444291 -1.909160 0.575191
Car -1 -1 -10 2.000000 165.000000 132.000000 360.000000 1.759495 1.665620 4.015003 -6.180157 1.568217 5.570574 -3.124913 0.481262
