Car -1 -1 -10 674.000000 176.000000 744.000000 222.000000 1.544456 1.639499 3.921587 3.077416 1.614744 24.213042 -1.595040 0.998516
Car -1 -1 -10 368.000000 192.000000 453.000000 244.000000 1.448588 1.622412 4.010583 -6.079832 2.072346 22.142154 1.553767 0.997866
Car -1 -1 -10 436.000000 188.000000 493.000000 226.000000 1.448917 1.589050 3.804074 -5.949029 2.119021 29.522750 1.585947 0.996665
Car -1 -1 -10 869.000000 146.000000 1063.000000 213.000000 1.564561 1.685613 4.117030 9.045241 0.969696 18.113846 3.149817 0.996334
Car -1 -1 -10 269.000000 197.000000 401.000000 274.000000 1.483516 1.577633 3.835914 -6.056154 2.074773 16.129261 1.546215 0.991704
Car -1 -1 -10 89.000000 207.000000 316.000000 329.000000 1.459740 1.598925 3.836455 -5.940430 2.016708 11.322811 1.573897 0.910109
Car -1 -1 -10 6.000000 223.000000 145.000000 372.000000 1.575105 1.641419 3.871680 -6.442147 2.097754 6.731927 -3.219399 0.848288
Car -1 -1 -10 661.000000 176.000000 715.000000 213.000000 1.520577 1.606440 3.920991 3.095795 1.611020 29.549919 -1.600602 0.748074
Car -1 -1 -10 794.000000 156.000000 948.000000 204.000000 1.516366 1.602193 4.013154 8.518657 1.129386 23.352831 2.984160 0.442146
Car -1 -1 -10 649.000000 178.000000 688.000000 205.000000 1.511746 1.552529 3.900462 3.139504 1.753598 39.334219 1.498780 0.384173
Car -1 -1 -10 466.000000 186.000000 513.000000 217.000000 1.570984 1.611818 3.879897 -6.008373 2.151207 35.884164 1.597454 0.151693
Car -1 -1 -10 215.000000 210.000000 320.000000 270.000000 1.489904 1.608015 3.868477 -6.058277 2.069615 12.008111 1.723558 0.044203
Car -1 -1 -10 235.000000 223.000000 297.000000 255.000000 1.425747 1.577272 3.426462 -7.919073 2.028371 16.882920 1.952547 0.016215
Car -1 -1 -10 1191.000000 129.000000 1241.000000 179.000000 1.543999 1.610295 3.967398 23.232828 0.174941 25.456732 0.049015 0.012649
