Pedestrian -1 -1 -10 532.000000 175.000000 544.000000 212.000000 1.791736 0.627791 0.774673 -3.591125 1.999847 35.677834 0.548853 0.688300
Pedestrian -1 -1 -10 683.000000 164.000000 693.000000 204.000000 1.813795 0.654935 0.642178 4.179182 1.501966 39.119063 1.198800 0.127244
Pedestrian -1 -1 -10 545.000000 175.000000 558.000000 212.000000 1.767797 0.601867 0.802694 -2.968841 1.934289 36.249651 0.996759 0.036283
Pedestrian -1 -1 -10 525.000000 177.000000 550.000000 206.000000 1.759571 0.777310 0.765140 -3.422534 1.892032 35.686304 0.987742 0.034446
Pedestrian -1 -1 -10 678.000000 168.000000 698.000000 200.000000 1.813758 0.645356 0.700915 4.133323 1.511180 39.117266 1.242079 0.021707
Car -1 -1 -10 678.000000 172.000000 780.000000 256.000000 1.583778 1.581657 3.603018 2.536830 1.634523 15.953436 -1.596477 0.999182
Car -1 -1 -10 366.000000 182.000000 463.000000 251.000000 1.541521 1.607366 3.791208 -5.153679 1.862477 19.318819 1.543864 0.998742
Car -1 -1 -10 474.000000 183.000000 518.000000 215.000000 1.519019 1.622558 3.744672 -5.655187 2.002847 34.899267 1.490328 0.998301
Car -1 -1 -10 1.000000 179.000000 248.000000 372.000000 1.704376 1.664592 4.021458 -4.646051 1.853743 5.383668 -1.576490 0.930985
Car -1 -1 -10 527.000000 178.000000 547.000000 205.000000 1.559636 1.596039 3.717243 -5.510571 2.627317 52.980877 0.889836 0.043976
Cyclist -1 -1 -10 532.000000 175.000000 544.000000 213.000000 1.849456 0.633796 1.835158 -3.597163 2.063253 35.633456 1.424833 0.927112
Cyclist -1 -1 -10 544.000000 174.000000 562.000000 212.000000 1.748869 0.672594 1.837062 -2.933348 1.892648 36.098239 1.583328 0.585781
Cyclist -1 -1 -10 525.000000 178.000000 548.000000 204.000000 1.700949 0.506645 1.558269 -5.846167 2.580596 52.453455 -1.685165 0.063106
Cyclist -1 -1 -10 544.000000 178.000000 554.000000 205.000000 1.705052 0.588160 1.802543 -3.033584 1.844612 36.101615 1.475997 0.010566
