Car -1 -1 -10 478.000000 180.000000 532.000000 227.000000 1.530434 1.639519 3.622657 -3.831645 1.410466 26.561383 -1.717609 0.999710
Car -1 -1 -10 580.000000 179.000000 678.000000 255.000000 1.600072 1.660651 3.814956 0.410879 1.510181 17.448006 -1.710622 0.999526
Car -1 -1 -10 29.000000 193.000000 274.000000 320.000000 1.424137 1.574583 3.716717 -6.129117 1.570744 10.132281 -1.691212 0.999109
Car -1 -1 -10 246.000000 185.000000 374.000000 261.000000 1.472743 1.599734 3.845935 -6.721857 1.538904 16.585322 -1.672836 0.998285
Car -1 -1 -10 332.000000 183.000000 405.000000 231.000000 1.525019 1.649386 4.027169 -8.334921 1.514395 24.881067 -1.732938 0.993853
Car -1 -1 -10 395.000000 183.000000 435.000000 213.000000 1.478333 1.604608 3.773971 -9.966333 1.341989 36.635399 -1.793484 0.986392
Car -1 -1 -10 31.000000 171.000000 220.000000 259.000000 1.697600 1.657150 4.045122 -10.859242 1.283329 15.478414 -1.669753 0.399841
Car -1 -1 -10 215.000000 185.000000 310.000000 245.000000 1.517587 1.663893 3.910428 -11.526029 1.541789 24.827349 -1.788372 0.284800
Car -1 -1 -10 -1.000000 163.000000 113.000000 266.000000 1.780495 1.681621 3.990847 -11.589554 1.397198 14.981605 -1.760621 0.204925
Car -1 -1 -10 476.000000 183.000000 511.000000 217.000000 1.497691 1.627346 3.723977 -5.755248 1.459001 35.708725 -1.752003 0.090924
Car -1 -1 -10 413.000000 183.000000 447.000000 209.000000 1.536445 1.646488 3.882168 -11.339634 1.250179 45.518660 -1.825403 0.061126
Car -1 -1 -10 286.000000 173.000000 349.000000 210.000000 1.558051 1.678547 4.031083 -14.081160 0.701527 34.598956 -1.787107 0.046784
