Pedestrian -1 -1 -10 674.000000 167.000000 682.000000 206.000000 1.823250 0.632847 0.818013 3.317903 1.557554 34.901392 1.654438 0.230747
Car -1 -1 -10 774.000000 183.000000 1056.000000 346.000000 1.457758 1.573997 3.669961 3.132137 1.586002 8.256206 -1.604268 0.999477
Car -1 -1 -10 471.000000 177.000000 524.000000 204.000000 1.397552 1.635118 3.901027 -6.363302 1.684959 39.781397 0.942890 0.996914
Car -1 -1 -10 139.000000 183.000000 346.000000 293.000000 1.495145 1.609456 3.894428 -5.730049 1.733281 11.723701 1.546955 0.996542
Car -1 -1 -10 2.000000 195.000000 208.000000 375.000000 1.530939 1.616480 3.806467 -5.629785 1.782203 7.145179 1.535516 0.952925
Car -1 -1 -10 935.000000 170.000000 1248.000000 378.000000 1.498103 1.593583 3.798267 3.029362 1.779414 2.947454 -1.587054 0.911962
Car -1 -1 -10 202.000000 175.000000 276.000000 218.000000 1.482670 1.556534 3.976008 -14.664856 1.741409 28.961755 1.656046 0.614992
Car -1 -1 -10 264.000000 183.000000 340.000000 236.000000 1.569237 1.625162 3.848471 -10.464034 1.609436 27.242333 -2.039410 0.112602
Car -1 -1 -10 172.000000 178.000000 240.000000 218.000000 1.436043 1.591961 3.866838 -15.335759 1.573054 28.816832 0.500285 0.024069
Cyclist -1 -1 -10 939.000000 171.000000 1247.000000 376.000000 1.725137 0.690832 1.838981 2.357566 1.917598 3.531599 1.535030 0.020119
