Pedestrian -1 -1 -10 707.000000 137.000000 765.000000 291.000000 1.803417 0.682297 0.891528 1.575211 1.264801 8.788355 1.331381 0.997327
Pedestrian -1 -1 -10 538.000000 140.000000 565.000000 218.000000 1.838433 0.694093 0.897824 -1.330893 0.880592 16.531747 1.424725 0.995784
Pedestrian -1 -1 -10 646.000000 134.000000 696.000000 304.000000 1.858238 0.695764 1.025036 0.772383 1.407085 8.510519 0.632852 0.995563
Pedestrian -1 -1 -10 568.000000 137.000000 594.000000 217.000000 1.781048 0.626903 0.979347 -0.650137 0.784315 16.748086 1.179967 0.987190
Pedestrian -1 -1 -10 497.000000 141.000000 523.000000 213.000000 1.807003 0.596762 0.864669 -2.440671 0.837542 17.465844 0.967784 0.982393
Pedestrian -1 -1 -10 472.000000 142.000000 496.000000 213.000000 1.751132 0.660454 1.010471 -3.144276 0.808973 18.185933 0.988198 0.925256
Pedestrian -1 -1 -10 416.000000 142.000000 442.000000 213.000000 1.734372 0.600634 0.653101 -4.358696 0.728138 17.323783 1.316066 0.804822
Pedestrian -1 -1 -10 245.000000 136.000000 277.000000 255.000000 1.711710 0.552134 0.705525 -5.867309 0.965573 12.035640 0.077034 0.750905
Pedestrian -1 -1 -10 529.000000 140.000000 556.000000 207.000000 1.815096 0.662199 0.888108 -1.925786 0.788576 19.747777 -1.071077 0.636016
Pedestrian -1 -1 -10 275.000000 134.000000 317.000000 239.000000 1.695441 0.602530 0.604569 -5.196344 1.795714 11.623095 0.245349 0.386179
Pedestrian -1 -1 -10 524.000000 141.000000 544.000000 199.000000 1.749742 0.532191 0.489868 -2.088446 0.579437 20.117966 -0.698667 0.380321
Pedestrian -1 -1 -10 447.000000 148.000000 470.000000 206.000000 1.766405 0.585683 0.818143 -3.936366 0.630682 18.840695 -1.298239 0.361557
Pedestrian -1 -1 -10 520.000000 141.000000 536.000000 193.000000 1.800572 0.569177 0.712512 -2.864480 0.371613 24.555114 1.973177 0.331784
Pedestrian -1 -1 -10 705.000000 146.000000 745.000000 236.000000 1.794697 0.522009 0.690832 1.705466 1.415129 10.776132 0.726162 0.276901
Pedestrian -1 -1 -10 554.000000 141.000000 571.000000 199.000000 1.741096 0.567105 0.570997 -1.276794 0.654588 20.427116 2.573394 0.264462
Pedestrian -1 -1 -10 561.000000 140.000000 581.000000 195.000000 1.622209 0.481489 0.490998 -1.226153 0.488864 20.385360 2.523008 0.257474
Cyclist -1 -1 -10 275.000000 134.000000 317.000000 238.000000 1.706712 0.664291 1.703863 -5.249594 1.525689 11.971695 1.800909 0.596403
Cyclist -1 -1 -10 443.000000 147.000000 471.000000 212.000000 1.736681 0.515327 1.751844 -3.710737 0.797124 18.047492 1.354365 0.468529
Cyclist -1 -1 -10 403.000000 153.000000 464.000000 217.000000 1.681027 0.478003 1.514468 -2.664691 0.714098 10.557556 -1.873627 0.400464
Cyclist -1 -1 -10 415.000000 142.000000 444.000000 213.000000 1.763866 0.615827 1.700640 -4.473188 0.634936 17.664288 -1.759592 0.375447
Cyclist -1 -1 -10 304.000000 153.000000 372.000000 205.000000 1.633319 0.466747 1.487916 -4.584073 1.000429 11.943013 -1.973584 0.236661
Cyclist -1 -1 -10 336.000000 152.000000 387.000000 198.000000 1.714831 0.401374 1.427083 -5.721653 1.094117 16.564242 -1.916012 0.176105
Cyclist -1 -1 -10 319.000000 154.000000 357.000000 195.000000 1.647682 0.458374 1.485152 -4.609759 0.958162 12.054239 -1.971977 0.154858
Cyclist -1 -1 -10 236.000000 141.000000 337.000000 240.000000 1.625223 0.606688 1.658773 -5.668907 1.890500 12.193069 1.682426 0.136100
Cyclist -1 -1 -10 569.000000 139.000000 592.000000 210.000000 1.819274 0.582576 1.774641 -0.599669 0.761675 16.806275 1.377579 0.039072
Cyclist -1 -1 -10 555.000000 141.000000 573.000000 194.000000 1.685785 0.662665 1.691624 -1.344681 0.125166 20.293846 -1.604844 0.029547
Cyclist -1 -1 -10 240.000000 134.000000 280.000000 260.000000 1.730024 0.626240 1.707658 -4.831473 1.712086 10.080564 2.235942 0.029324
Cyclist -1 -1 -10 526.000000 140.000000 546.000000 202.000000 1.804332 0.638693 1.825291 -2.178922 0.654503 20.082767 -2.253579 0.020094
Cyclist -1 -1 -10 546.000000 141.000000 569.000000 209.000000 1.808922 0.629892 1.681452 -1.343334 0.740994 17.214680 2.585059 0.015052
Cyclist -1 -1 -10 533.000000 140.000000 562.000000 210.000000 1.769417 0.521101 1.618619 -1.664804 0.720815 18.645989 1.136336 0.014507
Cyclist -1 -1 -10 561.000000 140.000000 581.000000 195.000000 1.720336 0.737909 1.731000 -1.345466 0.264766 20.608882 0.882944 0.013990
