Pedestrian -1 -1 -10 430.000000 179.000000 447.000000 227.000000 1.807190 0.687490 0.667840 -6.530111 2.073489 27.463116 1.889646 0.949982
Pedestrian -1 -1 -10 412.000000 182.000000 427.000000 221.000000 1.742738 0.636071 0.677679 -7.236234 2.076166 27.369666 -1.696011 0.906605
Pedestrian -1 -1 -10 706.000000 184.000000 731.000000 215.000000 1.789893 0.672791 0.597750 5.071087 2.270905 35.399488 -1.405540 0.019907
Pedestrian -1 -1 -10 422.000000 185.000000 431.000000 217.000000 1.639779 0.489259 0.504457 -8.403912 1.944537 32.918799 2.354986 0.019904
Pedestrian -1 -1 -10 413.000000 181.000000 446.000000 225.000000 1.756167 0.587904 0.928776 -7.059651 1.915382 27.326324 -1.705373 0.017740
Pedestrian -1 -1 -10 408.000000 195.000000 479.000000 248.000000 1.732713 0.736240 0.921547 -4.514194 2.168141 19.098087 2.832136 0.012039
Pedestrian -1 -1 -10 427.000000 181.000000 437.000000 223.000000 1.659970 0.547538 0.547791 -8.381671 1.544525 32.953671 -2.414293 0.011429
Car -1 -1 -10 686.000000 184.000000 803.000000 271.000000 1.511321 1.595371 3.693518 2.560169 1.746949 14.831818 -1.614865 0.999635
Car -1 -1 -10 406.000000 194.000000 482.000000 248.000000 1.454774 1.582570 3.714157 -4.740343 2.015875 20.871881 -1.637412 0.998409
Car -1 -1 -10 648.000000 183.000000 700.000000 228.000000 1.466616 1.582137 3.627417 2.089735 1.830948 25.034390 -1.596578 0.993041
Car -1 -1 -10 625.000000 181.000000 657.000000 210.000000 1.561490 1.634999 3.906710 1.705691 2.021311 40.773745 -1.589569 0.958781
Car -1 -1 -10 451.000000 181.000000 508.000000 227.000000 1.585065 1.609103 3.918075 -5.215932 2.048353 29.930568 -1.602294 0.956256
Car -1 -1 -10 0.000000 214.000000 218.000000 372.000000 1.555733 1.643040 3.845805 -4.604299 1.934503 4.914190 1.556245 0.937890
Car -1 -1 -10 491.000000 185.000000 527.000000 213.000000 1.633236 1.612132 3.903181 -5.989556 2.309231 44.045706 1.454668 0.414310
Car -1 -1 -10 984.000000 195.000000 1243.000000 370.000000 1.548882 1.634588 3.753776 3.091916 1.478988 2.612352 -1.510472 0.279049
Car -1 -1 -10 430.000000 184.000000 492.000000 235.000000 1.792588 1.739535 4.250026 -6.114708 2.173391 29.173038 -3.346111 0.054937
Car -1 -1 -10 412.000000 182.000000 458.000000 230.000000 1.607077 1.636781 3.930079 -7.265775 1.790655 29.009980 -1.826069 0.026701
Car -1 -1 -10 705.000000 185.000000 731.000000 216.000000 1.567961 1.651970 3.959589 5.467011 1.599156 36.976952 0.032516 0.023066
Car -1 -1 -10 471.000000 185.000000 520.000000 221.000000 1.478744 1.588661 3.936846 -5.135803 1.968177 29.971795 -1.594861 0.011518
Cyclist -1 -1 -10 706.000000 185.000000 731.000000 216.000000 1.728766 0.675517 1.726757 5.088583 2.047621 35.542630 -1.385725 0.031978
Cyclist -1 -1 -10 982.000000 191.000000 1229.000000 374.000000 1.830035 0.561724 1.850973 2.618351 1.662979 3.225995 -1.588306 0.022793
Cyclist -1 -1 -10 412.000000 183.000000 432.000000 223.000000 1.724537 0.654653 1.585018 -7.436125 1.866509 28.324164 -0.214430 0.014685
Cyclist -1 -1 -10 412.000000 182.000000 458.000000 230.000000 1.725083 0.567578 1.795714 -4.862458 2.040932 19.561031 2.835973 0.014257
Cyclist -1 -1 -10 425.000000 181.000000 448.000000 221.000000 1.672559 0.637073 1.675882 -6.539294 1.719557 27.562473 2.465017 0.010547
