Pedestrian -1 -1 -10 749.000000 163.000000 766.000000 218.000000 1.698514 0.639527 0.707859 5.181672 0.906344 24.159160 -0.822086 0.079592
Pedestrian -1 -1 -10 755.000000 162.000000 764.000000 207.000000 1.638591 0.570096 0.565270 5.111199 0.791113 24.309643 2.666708 0.059475
Pedestrian -1 -1 -10 746.000000 168.000000 757.000000 209.000000 1.756916 0.652329 0.646783 5.253453 1.172700 26.660140 -1.909461 0.031325
Pedestrian -1 -1 -10 751.000000 169.000000 761.000000 207.000000 1.612162 0.479666 0.473708 5.261459 1.121313 26.703572 0.766968 0.029789
Pedestrian -1 -1 -10 739.000000 169.000000 772.000000 207.000000 1.820559 0.784234 0.658427 5.222841 1.493205 26.470266 -1.271994 0.019616
Pedestrian -1 -1 -10 741.000000 173.000000 752.000000 211.000000 1.726456 0.647291 0.717810 5.231037 1.113470 26.851783 -0.821893 0.018870
Car -1 -1 -10 362.000000 187.000000 522.000000 296.000000 1.515730 1.675912 4.126080 -2.713567 1.785244 12.442538 1.576140 0.999671
Car -1 -1 -10 718.000000 159.000000 913.000000 296.000000 1.877662 1.719062 4.204925 3.125090 1.705894 12.235927 -1.605184 0.996649
Car -1 -1 -10 678.000000 185.000000 762.000000 247.000000 1.496785 1.628306 3.942741 3.017782 1.822549 19.792953 -1.596250 0.991310
Car -1 -1 -10 660.000000 185.000000 719.000000 228.000000 1.444557 1.614485 3.880063 2.828275 1.839115 25.757332 -1.587507 0.983985
Car -1 -1 -10 468.000000 181.000000 513.000000 207.000000 1.528690 1.552477 3.475459 -7.410983 1.810806 48.628464 -1.742282 0.054016
Car -1 -1 -10 735.000000 173.000000 757.000000 236.000000 1.528691 1.552477 3.475460 3.405716 1.220548 19.699297 -1.391836 0.042767
