Pedestrian -1 -1 -10 397.000000 184.000000 407.000000 220.000000 1.739273 0.582498 0.743541 -10.582547 2.297351 36.420142 1.222046 0.590180
Pedestrian -1 -1 -10 407.000000 180.000000 419.000000 215.000000 1.851263 0.692203 0.844477 -10.077760 2.212449 36.555540 1.285171 0.382589
Pedestrian -1 -1 -10 0.000000 190.000000 126.000000 372.000000 1.683850 0.706031 0.761479 -3.451734 1.687682 4.255391 1.465417 0.358741
Pedestrian -1 -1 -10 -22.000000 208.000000 259.000000 373.000000 1.758368 0.756611 0.715340 -3.909963 2.005360 6.576483 -0.153560 0.070680
Pedestrian -1 -1 -10 172.000000 192.000000 334.000000 370.000000 1.695980 0.645690 0.824165 -3.086596 1.761171 6.434557 1.525218 0.029260
Car -1 -1 -10 600.000000 183.000000 666.000000 235.000000 1.485785 1.563954 3.588614 0.601631 1.899961 23.403914 -1.711109 0.998939
Car -1 -1 -10 403.000000 191.000000 450.000000 229.000000 1.467769 1.600956 3.696729 -7.267034 2.186924 28.805162 -1.711583 0.997483
Car -1 -1 -10 850.000000 186.000000 1237.000000 375.000000 1.505009 1.600377 3.685218 2.837843 1.677865 4.403532 -1.599598 0.961366
Car -1 -1 -10 188.000000 193.000000 367.000000 301.000000 1.464767 1.642857 4.060904 -5.665800 1.931483 12.719902 1.459469 0.944947
Car -1 -1 -10 -16.000000 210.000000 265.000000 373.000000 1.460638 1.608230 3.749568 -4.928453 1.933632 7.595364 -1.719373 0.937345
Car -1 -1 -10 574.000000 183.000000 613.000000 218.000000 1.480582 1.567852 3.550956 -0.819708 2.060526 33.682267 -1.677809 0.903837
Car -1 -1 -10 423.000000 185.000000 461.000000 221.000000 1.670175 1.660437 3.875171 -8.736456 2.284291 37.676922 -1.726687 0.259740
Car -1 -1 -10 143.000000 202.000000 353.000000 364.000000 1.475108 1.546182 3.676451 -4.972596 2.046622 8.277205 1.629816 0.141644
Car -1 -1 -10 0.000000 189.000000 128.000000 380.000000 1.564861 1.593859 3.674881 -4.439151 1.513794 4.753708 -2.156859 0.059330
Car -1 -1 -10 684.000000 193.000000 861.000000 292.000000 1.515375 1.612695 3.793696 2.243748 1.650447 11.461208 -1.726649 0.019306
Cyclist -1 -1 -10 176.000000 187.000000 339.000000 376.000000 1.720731 0.537760 1.766612 -3.078840 1.787352 6.443850 1.505223 0.997056
Cyclist -1 -1 -10 1.000000 187.000000 113.000000 376.000000 1.660518 0.529699 1.672873 -3.453285 1.600807 3.983347 1.509141 0.729057
Cyclist -1 -1 -10 191.000000 195.000000 364.000000 296.000000 1.645192 0.579661 1.652099 -5.157374 1.943757 12.453878 1.531609 0.605761
Cyclist -1 -1 -10 -44.000000 207.000000 263.000000 377.000000 1.685683 0.696795 1.756541 -3.753823 1.791064 6.665069 -0.506328 0.533392
