Car -1 -1 -10 573.000000 174.000000 611.000000 209.000000 1.576779 1.649311 3.875206 -0.783027 1.030210 36.334187 -1.578338 0.999450
Car -1 -1 -10 438.000000 181.000000 504.000000 225.000000 1.396501 1.596846 3.857801 -4.706332 1.260738 25.355578 -1.581929 0.998874
Car -1 -1 -10 327.000000 183.000000 453.000000 260.000000 1.497444 1.619469 4.071160 -4.748702 1.435348 16.084192 -1.560403 0.998860
Car -1 -1 -10 286.000000 182.000000 379.000000 231.000000 1.457459 1.638654 3.891511 -8.693042 1.408752 23.219571 -1.485219 0.977761
Car -1 -1 -10 -1.000000 194.000000 294.000000 372.000000 1.575845 1.589714 3.787722 -4.389786 1.649511 6.072107 -1.493616 0.955107
Car -1 -1 -10 55.000000 175.000000 259.000000 274.000000 1.510352 1.590931 3.761249 -8.480445 1.385827 14.255440 -1.584433 0.947184
Car -1 -1 -10 191.000000 175.000000 293.000000 219.000000 1.507056 1.621763 3.715863 -12.255703 1.228364 24.045185 -1.588048 0.299796
Car -1 -1 -10 368.000000 179.000000 434.000000 205.000000 1.528690 1.552477 3.475459 -12.964347 1.275703 40.982486 -1.857973 0.130645
Car -1 -1 -10 463.000000 178.000000 509.000000 212.000000 1.661343 1.653219 3.840171 -5.868457 1.383624 33.269967 -1.632705 0.021783
Car -1 -1 -10 1.000000 194.000000 135.000000 370.000000 1.529750 1.643812 3.952712 -5.279972 1.621789 5.217110 -2.774816 0.014829
Car -1 -1 -10 108.000000 203.000000 259.000000 256.000000 1.546242 1.602063 3.758809 -8.405995 1.771788 14.179975 1.558277 0.011313
