Car -1 -1 -10 359.000000 182.000000 476.000000 254.000000 1.492432 1.655093 4.131295 -4.458873 1.466619 17.268591 -1.589387 0.999672
Car -1 -1 -10 74.000000 198.000000 351.000000 344.000000 1.450129 1.569575 3.664042 -4.533728 1.597528 8.890980 -1.566258 0.999363
Car -1 -1 -10 578.000000 173.000000 660.000000 254.000000 1.545321 1.678566 3.808320 0.222414 1.396590 16.881763 -1.538496 0.999345
Car -1 -1 -10 62.000000 187.000000 251.000000 275.000000 1.437483 1.581779 3.930941 -8.298748 1.540580 13.886663 -1.568259 0.984189
Car -1 -1 -10 223.000000 183.000000 304.000000 224.000000 1.465814 1.609059 3.899966 -12.422357 1.329683 25.888937 -1.595731 0.874254
Car -1 -1 -10 340.000000 183.000000 409.000000 222.000000 1.451709 1.626354 3.845004 -8.441861 1.251240 26.174384 -1.415461 0.661326
Car -1 -1 -10 0.000000 189.000000 50.000000 258.000000 1.488268 1.385988 2.560972 -13.768174 1.810857 16.397409 -2.335418 0.421243
Car -1 -1 -10 612.000000 170.000000 648.000000 201.000000 1.527506 1.618345 3.775417 1.488113 1.104408 37.509681 -1.536158 0.184634
Car -1 -1 -10 149.000000 186.000000 242.000000 237.000000 1.490102 1.601877 3.739037 -18.633196 1.141181 32.310113 1.560999 0.182870
Car -1 -1 -10 4.000000 189.000000 109.000000 257.000000 1.489761 1.616710 3.849080 -16.415217 1.724025 20.949234 -1.586835 0.138085
Cyclist -1 -1 -10 219.000000 182.000000 307.000000 224.000000 1.703404 0.656645 1.846622 -11.824469 1.498074 24.902336 -1.461312 0.057819
Cyclist -1 -1 -10 68.000000 186.000000 234.000000 276.000000 1.762195 0.759794 1.835074 -8.195007 1.630588 12.481870 -1.551445 0.011297
