Pedestrian -1 -1 -10 508.000000 172.000000 532.000000 237.000000 1.724639 0.596308 0.692475 -2.112505 1.419944 18.436497 -1.122121 0.992827
Pedestrian -1 -1 -10 201.000000 166.000000 269.000000 310.000000 1.671558 0.498390 0.658572 -3.756530 1.463878 7.249960 1.602673 0.987056
Pedestrian -1 -1 -10 565.000000 169.000000 584.000000 224.000000 1.702399 0.637526 0.717433 -0.960731 1.302383 23.502808 2.611998 0.960235
Pedestrian -1 -1 -10 639.000000 173.000000 661.000000 231.000000 1.678077 0.561732 0.716050 1.301509 1.451194 20.208806 2.058252 0.942196
Pedestrian -1 -1 -10 361.000000 160.000000 393.000000 255.000000 1.817044 0.666950 0.874245 -4.646850 1.419853 14.538735 -2.373566 0.934385
Pedestrian -1 -1 -10 1144.000000 140.000000 1235.000000 374.000000 1.706616 0.468942 0.704342 4.184059 1.635994 4.827597 0.696183 0.640607
Pedestrian -1 -1 -10 629.000000 167.000000 645.000000 216.000000 1.837147 0.656297 0.817963 1.248633 1.185975 26.439899 -1.646898 0.291447
Pedestrian -1 -1 -10 633.000000 169.000000 652.000000 224.000000 1.717202 0.539614 0.714202 0.549013 1.383791 13.659917 0.192767 0.198166
Pedestrian -1 -1 -10 121.000000 172.000000 297.000000 343.000000 1.783296 0.802385 0.658779 -3.854511 1.623759 7.223783 2.346778 0.098825
Pedestrian -1 -1 -10 74.000000 180.000000 108.000000 274.000000 1.723992 0.641542 0.568686 -7.304655 1.938021 10.251589 -1.663824 0.063453
Pedestrian -1 -1 -10 0.000000 120.000000 74.000000 366.000000 1.738015 0.631090 0.732440 -2.814106 1.117022 3.446149 2.407474 0.032173
Cyclist -1 -1 -10 507.000000 175.000000 538.000000 236.000000 1.770218 0.593692 1.798449 -2.224967 1.470377 18.587613 -1.190651 0.377798
Cyclist -1 -1 -10 1150.000000 135.000000 1234.000000 374.000000 1.726673 0.567740 1.680118 4.117318 1.646741 4.786889 -1.591047 0.021207
Cyclist -1 -1 -10 0.000000 121.000000 68.000000 369.000000 1.715537 0.549535 1.711519 -2.887585 1.121764 3.483687 -2.257816 0.010760
