Car -1 -1 -10 549.000000 188.000000 719.000000 343.000000 1.460379 1.643152 3.718142 0.290719 1.639124 8.645777 -1.544247 0.999605
Car -1 -1 -10 425.000000 177.000000 513.000000 243.000000 1.523220 1.662703 4.184469 -3.620437 1.638705 18.641054 -1.579057 0.994822
Car -1 -1 -10 692.000000 177.000000 754.000000 218.000000 1.436399 1.614945 4.056813 4.313594 1.642752 27.644032 -1.579882 0.994503
Car -1 -1 -10 466.000000 164.000000 531.000000 223.000000 1.713357 1.660590 4.038484 -3.730298 1.520734 25.152962 -1.605675 0.990971
Car -1 -1 -10 1.000000 178.000000 317.000000 372.000000 1.534728 1.660039 3.871212 -3.345318 1.674202 3.895290 -1.580182 0.983713
Car -1 -1 -10 578.000000 177.000000 652.000000 259.000000 1.501297 1.591878 3.621094 -0.017089 1.371388 10.756265 2.518863 0.740172
Car -1 -1 -10 567.000000 184.000000 680.000000 289.000000 1.464022 1.618721 3.780367 0.298654 1.510296 8.677660 -1.483792 0.106275
Car -1 -1 -10 753.000000 177.000000 851.000000 251.000000 1.487811 1.578746 3.597735 3.352936 1.492028 13.948302 -1.431140 0.032564
Car -1 -1 -10 582.000000 179.000000 642.000000 222.000000 1.472349 1.566716 3.523202 -0.129863 1.393267 19.181887 2.449158 0.028705
Car -1 -1 -10 901.000000 10.000000 1230.000000 368.000000 1.773579 1.653252 4.150250 3.697079 1.347247 4.906585 -1.544955 0.020272
Cyclist -1 -1 -10 578.000000 180.000000 655.000000 261.000000 1.627361 0.488933 1.526709 0.242483 1.656756 10.375214 -1.569922 0.085739
Cyclist -1 -1 -10 102.000000 180.000000 179.000000 229.000000 1.767695 0.567196 1.661453 -18.295870 1.961130 28.798887 -2.993011 0.028673
Cyclist -1 -1 -10 562.000000 186.000000 717.000000 333.000000 1.752341 0.555474 1.730769 0.271794 1.758655 7.168081 2.725446 0.023113
