Car -1 -1 -10 184.000000 192.000000 397.000000 313.000000 1.474085 1.612302 3.840360 -4.677571 1.822821 11.112781 1.579728 0.999346
Car -1 -1 -10 514.000000 179.000000 554.000000 208.000000 1.585565 1.606583 3.706426 -4.006017 1.845519 38.224656 1.592335 0.999245
Car -1 -1 -10 769.000000 184.000000 944.000000 289.000000 1.491116 1.597615 3.732507 3.777723 1.637267 11.778124 -1.567668 0.999148
Car -1 -1 -10 347.000000 185.000000 465.000000 260.000000 1.521093 1.559696 3.659712 -4.535263 1.853909 16.732868 1.612580 0.999064
Car -1 -1 -10 419.000000 185.000000 501.000000 236.000000 1.424951 1.605324 3.972183 -4.565168 1.835243 21.995359 1.585633 0.998933
Car -1 -1 -10 877.000000 194.000000 1236.000000 374.000000 1.478955 1.610537 3.832111 3.770354 1.683416 6.287239 -1.542022 0.996303
Car -1 -1 -10 702.000000 179.000000 770.000000 230.000000 1.506708 1.608418 3.858459 3.866982 1.757991 22.236358 -1.538022 0.995520
Car -1 -1 -10 719.000000 181.000000 831.000000 250.000000 1.459424 1.637526 4.077763 3.740524 1.691027 17.053588 -1.577163 0.993992
Car -1 -1 -10 692.000000 178.000000 746.000000 217.000000 1.505122 1.600648 3.688485 4.180083 1.731097 27.620896 -1.539619 0.950122
Car -1 -1 -10 531.000000 178.000000 564.000000 205.000000 1.496624 1.641569 4.040621 -4.464030 1.909639 42.472957 1.633275 0.851347
