Pedestrian -1 -1 -10 791.000000 200.000000 828.000000 311.000000 1.760809 0.577626 0.861380 2.710285 2.041854 10.033257 2.880146 0.900912
Pedestrian -1 -1 -10 776.000000 195.000000 858.000000 301.000000 1.735116 0.530307 0.837721 2.676082 1.893711 10.268022 2.874986 0.243791
Pedestrian -1 -1 -10 735.000000 196.000000 843.000000 273.000000 1.711228 0.557707 0.802940 3.410625 2.076007 15.819781 -0.859004 0.028754
Car -1 -1 -10 804.000000 189.000000 1009.000000 344.000000 1.555434 1.617336 3.734644 3.556941 1.849934 9.763032 -1.554533 0.998652
Car -1 -1 -10 122.000000 204.000000 432.000000 375.000000 1.559419 1.573635 3.675053 -3.050559 1.962067 7.249838 1.596738 0.997017
Car -1 -1 -10 702.000000 196.000000 770.000000 249.000000 1.495245 1.638085 4.081335 3.815615 2.211212 22.590987 -1.521627 0.994826
Car -1 -1 -10 554.000000 190.000000 589.000000 218.000000 1.532704 1.668068 4.037173 -2.221479 2.432729 40.200741 1.530459 0.986359
Car -1 -1 -10 733.000000 197.000000 835.000000 271.000000 1.484118 1.596778 3.878629 3.910409 2.060973 16.434495 1.588896 0.981440
Car -1 -1 -10 968.000000 215.000000 1238.000000 376.000000 1.475865 1.622287 3.916384 3.888032 1.895036 4.292609 -1.534269 0.956466
Car -1 -1 -10 459.000000 177.000000 561.000000 263.000000 1.753294 1.670032 4.086175 -2.691008 1.993434 18.652853 -1.589921 0.883237
Car -1 -1 -10 693.000000 192.000000 747.000000 237.000000 1.510745 1.534267 3.602917 4.097190 2.366679 27.745402 -1.552298 0.774997
Car -1 -1 -10 750.000000 195.000000 886.000000 294.000000 1.587586 1.576725 3.600398 2.423228 1.903381 11.809179 2.410408 0.683854
Car -1 -1 -10 684.000000 191.000000 728.000000 228.000000 1.563237 1.630752 3.919202 4.360505 2.559841 34.496160 -1.547300 0.152563
Car -1 -1 -10 788.000000 199.000000 847.000000 306.000000 1.562380 1.682409 3.874652 3.364056 1.805584 9.122275 1.487441 0.145941
