Car -1 -1 -10 338.000000 193.000000 433.000000 251.000000 1.513979 1.565421 3.647246 -6.239856 2.095007 20.233736 1.591518 0.999446
Car -1 -1 -10 667.000000 176.000000 737.000000 225.000000 1.520549 1.640542 3.949448 2.891845 1.628184 23.931562 -1.617075 0.997779
Car -1 -1 -10 399.000000 189.000000 471.000000 234.000000 1.478956 1.616496 3.933025 -6.198568 2.103277 25.799354 1.566738 0.996624
Car -1 -1 -10 453.000000 177.000000 502.000000 218.000000 1.568115 1.607203 3.792944 -6.123588 1.997565 33.885993 1.578592 0.918195
Car -1 -1 -10 0.000000 202.000000 109.000000 246.000000 1.541169 1.629783 3.846178 -20.750597 2.598365 27.120046 -1.551922 0.845482
Car -1 -1 -10 478.000000 181.000000 519.000000 210.000000 1.532055 1.628284 3.888190 -6.533438 2.017231 40.761599 1.572865 0.406728
Car -1 -1 -10 1078.000000 132.000000 1204.000000 183.000000 1.925790 1.619650 4.168348 24.714665 0.260477 34.141034 -1.675714 0.102360
Car -1 -1 -10 1123.000000 132.000000 1236.000000 175.000000 1.719005 1.675820 4.129712 27.244894 -0.020518 34.589823 -1.948927 0.017296
Car -1 -1 -10 33.000000 203.000000 170.000000 243.000000 1.481268 1.622475 4.149218 -21.172047 2.559446 26.871451 -1.581497 0.014316
Car -1 -1 -10 680.000000 167.000000 726.000000 196.000000 1.530266 1.570202 3.544835 5.758319 0.880082 43.942881 1.694644 0.013941
