Pedestrian -1 -1 -10 885.000000 95.000000 925.000000 300.000000 1.736677 0.638240 0.577007 7.181109 1.706196 17.535442 0.949668 0.360904
Pedestrian -1 -1 -10 407.000000 176.000000 433.000000 212.000000 1.794804 0.519810 0.867720 -7.525713 1.478950 27.175939 0.337686 0.041811
Car -1 -1 -10 248.000000 193.000000 422.000000 302.000000 1.475082 1.620154 3.872385 -4.434101 1.909762 12.290420 1.533839 0.999253
Car -1 -1 -10 727.000000 175.000000 888.000000 284.000000 1.544284 1.579466 3.673509 2.950074 1.571829 11.684497 -1.587287 0.999195
Car -1 -1 -10 799.000000 172.000000 1257.000000 372.000000 1.585357 1.662175 4.019109 2.796892 1.590229 5.579945 -1.547728 0.996728
Car -1 -1 -10 443.000000 178.000000 512.000000 236.000000 1.612538 1.599544 3.975873 -4.297824 1.870714 23.229599 1.614459 0.995342
Car -1 -1 -10 681.000000 175.000000 754.000000 232.000000 1.473114 1.577937 3.774970 2.976237 1.574101 20.324421 -1.551222 0.994021
Car -1 -1 -10 373.000000 178.000000 476.000000 260.000000 1.688111 1.594738 3.866085 -4.462985 1.883235 17.747669 1.531851 0.992473
Car -1 -1 -10 991.000000 174.000000 1237.000000 325.000000 1.527966 1.579585 3.785571 6.716731 1.075928 8.351718 0.446735 0.018548
Car -1 -1 -10 668.000000 175.000000 729.000000 217.000000 1.553354 1.604396 3.568982 3.150278 1.620458 26.391693 -1.590031 0.017680
Cyclist -1 -1 -10 881.000000 98.000000 931.000000 301.000000 1.672749 0.831952 1.841249 5.672000 1.127640 13.584917 3.136740 0.014392
