Car -1 -1 -10 701.000000 176.000000 842.000000 277.000000 1.653396 1.677374 3.993272 2.834789 1.738918 13.644652 -1.616431 0.999722
Car -1 -1 -10 320.000000 185.000000 476.000000 242.000000 1.546788 1.554038 4.017551 -6.033415 1.931846 20.445068 -3.005834 0.946629
Car -1 -1 -10 689.000000 177.000000 757.000000 207.000000 1.527260 1.562097 3.575338 5.832981 1.758481 38.910304 -2.095005 0.882143
Car -1 -1 -10 201.000000 182.000000 429.000000 262.000000 1.570940 1.626300 3.735181 -5.728980 1.754506 15.426827 -1.446322 0.770403
Car -1 -1 -10 405.000000 180.000000 487.000000 220.000000 1.528022 1.662234 3.901037 -7.065473 1.581040 30.664154 -3.228393 0.534703
Car -1 -1 -10 124.000000 191.000000 369.000000 282.000000 1.526248 1.592870 3.737227 -5.920191 1.824758 12.032585 -0.530491 0.248952
Car -1 -1 -10 331.000000 177.000000 395.000000 220.000000 1.498305 1.599262 3.839742 -6.118898 1.342977 18.137127 -1.797382 0.090324
Car -1 -1 -10 244.000000 177.000000 392.000000 229.000000 1.445536 1.588114 3.974415 -6.438638 1.388616 17.312745 2.723742 0.054725
Car -1 -1 -10 347.000000 178.000000 414.000000 204.000000 1.528690 1.552478 3.475459 -10.281923 1.178349 28.211136 -1.885942 0.036398
Car -1 -1 -10 117.000000 185.000000 267.000000 244.000000 1.473785 1.566755 3.554552 -11.618420 1.490556 19.564192 1.918287 0.035964
Car -1 -1 -10 75.000000 193.000000 347.000000 347.000000 1.594864 1.623904 3.700764 -4.122943 1.695984 8.649815 -1.605880 0.033919
