Pedestrian -1 -1 -10 685.000000 171.000000 710.000000 227.000000 1.774094 0.589832 0.748589 2.564466 1.641788 21.399330 -0.001646 0.014490
Car -1 -1 -10 75.000000 194.000000 315.000000 314.000000 1.625283 1.685534 4.117604 -6.566582 2.016772 12.096529 1.536840 0.999489
Car -1 -1 -10 470.000000 187.000000 530.000000 232.000000 1.490827 1.688833 4.082811 -4.088379 2.064413 26.640931 1.565627 0.998796
Car -1 -1 -10 503.000000 185.000000 548.000000 216.000000 1.553381 1.598335 3.828179 -4.130976 2.211634 37.643343 1.536030 0.977839
Car -1 -1 -10 708.000000 168.000000 805.000000 202.000000 1.595084 1.695159 4.280779 7.615525 1.596178 37.600147 3.122218 0.963085
Car -1 -1 -10 454.000000 189.000000 502.000000 218.000000 1.469354 1.615348 3.837183 -6.852920 2.357480 37.566577 1.753242 0.873938
Car -1 -1 -10 350.000000 196.000000 433.000000 243.000000 1.514886 1.591881 3.848751 -6.876870 2.237340 22.788340 1.555795 0.826254
Car -1 -1 -10 2.000000 200.000000 101.000000 375.000000 1.635407 1.651172 4.070559 -6.247664 1.972673 5.650380 1.540762 0.467264
Car -1 -1 -10 1162.000000 151.000000 1240.000000 209.000000 1.514038 1.602174 3.785220 18.714820 1.171827 23.078090 0.532654 0.045165
Car -1 -1 -10 1134.000000 215.000000 1238.000000 368.000000 1.519857 1.520913 3.460417 3.448190 1.684110 2.967151 -0.917936 0.043451
Car -1 -1 -10 174.000000 193.000000 273.000000 225.000000 1.524870 1.599476 3.896951 -18.272169 2.122363 33.818790 -0.041328 0.023150
Car -1 -1 -10 895.000000 150.000000 955.000000 179.000000 1.553129 1.655591 3.822069 20.043581 0.242527 47.843979 -1.619830 0.018355
