Car -1 -1 -10 713.000000 193.000000 866.000000 299.000000 1.444407 1.598251 4.006813 2.709347 1.741179 11.563273 1.569101 0.998844
Car -1 -1 -10 673.000000 180.000000 729.000000 223.000000 1.445594 1.615313 4.021367 3.123581 1.695619 25.575950 1.555502 0.997149
Car -1 -1 -10 462.000000 176.000000 533.000000 230.000000 1.509034 1.505629 3.478139 -3.119542 1.566595 20.947115 1.561069 0.996245
Car -1 -1 -10 2.000000 182.000000 426.000000 375.000000 1.502465 1.668385 4.160646 -2.981681 1.659966 6.120382 1.616979 0.992889
Car -1 -1 -10 791.000000 206.000000 1217.000000 375.000000 1.473277 1.598242 3.753949 2.834905 1.751118 6.095211 -1.614269 0.989372
Car -1 -1 -10 506.000000 176.000000 557.000000 215.000000 1.508919 1.596707 3.880814 -3.005709 1.591582 27.969196 1.587227 0.979473
Car -1 -1 -10 329.000000 173.000000 485.000000 292.000000 1.547693 1.581654 3.789704 -3.225983 1.632179 12.079607 1.599509 0.928801
Car -1 -1 -10 1139.000000 241.000000 1235.000000 370.000000 1.519694 1.634398 4.015799 2.886034 1.666327 6.166624 -1.494133 0.019178
Car -1 -1 -10 994.000000 224.000000 1213.000000 371.000000 1.503095 1.637265 4.067254 2.873734 1.599138 6.452019 -1.616997 0.012405
Car -1 -1 -10 213.000000 190.000000 446.000000 305.000000 1.493440 1.632902 3.954101 -2.982856 1.653438 6.065558 1.650535 0.012366
