Car -1 -1 -10 573.000000 181.000000 609.000000 214.000000 1.505649 1.584538 3.523926 -0.912868 1.323819 37.766524 -1.586780 0.999647
Car -1 -1 -10 293.000000 197.000000 474.000000 304.000000 1.459503 1.603840 3.988514 -3.423500 1.626046 11.585443 -1.574388 0.999621
Car -1 -1 -10 128.000000 193.000000 306.000000 277.000000 1.429200 1.592338 3.834406 -7.632485 1.609557 14.500590 -1.590548 0.999492
Car -1 -1 -10 442.000000 187.000000 503.000000 227.000000 1.485606 1.662140 4.106846 -5.062472 1.561623 27.111887 -1.598095 0.998192
Car -1 -1 -10 109.000000 193.000000 235.000000 248.000000 1.450942 1.631557 3.787518 -12.568366 1.718017 21.195821 -1.537764 0.976784
Car -1 -1 -10 318.000000 189.000000 374.000000 228.000000 1.481155 1.624242 3.812563 -7.955483 1.555906 23.215951 -1.871058 0.798936
Car -1 -1 -10 233.000000 181.000000 325.000000 223.000000 1.634746 1.649522 3.942800 -12.995022 1.600154 28.521790 -1.521955 0.571509
Car -1 -1 -10 366.000000 195.000000 423.000000 221.000000 1.444930 1.551956 3.789425 -9.180808 1.446943 30.903942 1.791175 0.144351
Car -1 -1 -10 401.000000 192.000000 441.000000 221.000000 1.524501 1.628508 3.864269 -8.922366 1.255539 31.694280 1.527702 0.040854
Car -1 -1 -10 338.000000 194.000000 376.000000 219.000000 1.486522 1.558810 3.410987 -7.579458 1.481762 20.977160 2.103946 0.029474
Car -1 -1 -10 437.000000 185.000000 480.000000 216.000000 1.553285 1.621862 3.770999 -8.784779 1.449826 41.083821 -1.740616 0.022673
