Car -1 -1 -10 759.000000 183.000000 879.000000 233.000000 1.473534 1.580154 3.719430 6.581643 1.798448 22.543910 -0.033071 0.996797
Car -1 -1 -10 331.000000 172.000000 487.000000 227.000000 1.482320 1.554544 3.611717 -5.453587 1.624423 20.551377 -2.467591 0.996234
Car -1 -1 -10 246.000000 173.000000 455.000000 240.000000 1.536994 1.627128 3.935471 -6.314425 1.547442 17.549362 -3.062760 0.995208
Car -1 -1 -10 785.000000 194.000000 1237.000000 372.000000 1.481556 1.669694 4.078344 2.746683 1.747415 5.383145 -1.567832 0.993123
Car -1 -1 -10 694.000000 179.000000 772.000000 212.000000 1.523148 1.659734 3.917850 6.064645 1.840714 34.313756 0.022439 0.969501
Car -1 -1 -10 387.000000 170.000000 516.000000 217.000000 1.580421 1.607926 3.873425 -5.670312 1.592554 25.085662 0.665853 0.849810
Car -1 -1 -10 8.000000 162.000000 266.000000 355.000000 1.694535 1.650902 3.959441 -5.329713 1.661744 7.776082 1.002091 0.485349
Car -1 -1 -10 899.000000 190.000000 1190.000000 301.000000 1.467967 1.540245 3.742339 6.101333 1.664422 10.461073 0.120492 0.401439
Car -1 -1 -10 461.000000 172.000000 545.000000 202.000000 1.541766 1.620521 3.773132 -6.178398 1.711489 43.409126 -3.213869 0.377545
Car -1 -1 -10 783.000000 187.000000 939.000000 246.000000 1.500567 1.594113 3.778363 6.854865 1.870964 22.319940 -0.045025 0.293397
Car -1 -1 -10 797.000000 187.000000 1035.000000 264.000000 1.547500 1.655240 4.218149 6.110799 1.769677 14.848974 3.161899 0.219347
Car -1 -1 -10 54.000000 137.000000 337.000000 304.000000 1.789037 1.687877 3.852003 -5.285524 1.396497 9.413642 -0.008560 0.189933
Car -1 -1 -10 749.000000 180.000000 833.000000 223.000000 1.544679 1.604694 3.969519 6.942657 1.839264 24.605360 -0.037653 0.057116
