Pedestrian -1 -1 -10 680.000000 161.000000 708.000000 238.000000 1.757359 0.689724 1.010603 2.155081 1.262651 17.104302 -1.418229 0.996813
Pedestrian -1 -1 -10 656.000000 162.000000 680.000000 238.000000 1.644568 0.557405 0.699972 1.510580 1.276046 16.785155 -1.882486 0.995779
Pedestrian -1 -1 -10 446.000000 166.000000 475.000000 244.000000 1.697133 0.622070 0.886070 -3.189565 1.296773 16.241955 -1.772753 0.969083
Pedestrian -1 -1 -10 559.000000 168.000000 578.000000 204.000000 1.739637 0.764485 0.827526 -1.619537 1.110964 36.747197 1.023181 0.568394
Pedestrian -1 -1 -10 535.000000 167.000000 546.000000 201.000000 1.770723 0.651253 0.560005 -2.777355 1.085755 32.668839 0.974865 0.256165
Pedestrian -1 -1 -10 1005.000000 224.000000 1127.000000 373.000000 1.705579 0.601029 0.542083 2.726054 1.784467 4.244393 2.166183 0.017457
Pedestrian -1 -1 -10 729.000000 161.000000 742.000000 204.000000 1.814165 0.800311 0.745811 5.786978 1.065546 31.029492 1.296619 0.017414
Pedestrian -1 -1 -10 532.000000 169.000000 541.000000 199.000000 1.759764 0.638513 0.580608 -2.821794 1.136157 32.766430 -1.633340 0.012295
Pedestrian -1 -1 -10 570.000000 168.000000 587.000000 198.000000 1.736209 0.638867 0.703065 -1.316648 1.022158 38.461148 3.061117 0.011853
Pedestrian -1 -1 -10 724.000000 162.000000 736.000000 200.000000 1.784572 0.606970 0.743141 5.432632 0.891872 30.726760 -1.446705 0.010575
Car -1 -1 -10 567.000000 167.000000 598.000000 194.000000 1.551103 1.621105 3.724550 -0.919074 1.003872 55.599411 -1.602005 0.012771
Cyclist -1 -1 -10 601.000000 164.000000 627.000000 207.000000 1.752218 0.624013 1.791048 0.515726 1.061038 30.793176 1.954542 0.986633
Cyclist -1 -1 -10 557.000000 168.000000 580.000000 204.000000 1.712734 0.529465 1.781809 -1.707245 1.052063 36.849853 0.984675 0.901548
Cyclist -1 -1 -10 566.000000 168.000000 590.000000 202.000000 1.707900 0.625731 1.691244 -1.429079 0.969672 38.211442 1.950458 0.411540
Cyclist -1 -1 -10 446.000000 170.000000 481.000000 239.000000 1.803385 0.602249 1.719151 -3.271176 1.394174 16.244329 -1.864349 0.031254
Cyclist -1 -1 -10 679.000000 162.000000 708.000000 236.000000 1.834792 0.559362 1.748802 2.118994 1.344750 17.104326 -1.875763 0.023967
Cyclist -1 -1 -10 461.000000 173.000000 499.000000 225.000000 1.702721 0.510964 1.640048 -3.763389 1.517643 21.728939 -1.218816 0.012013
