Pedestrian -1 -1 -10 728.000000 177.000000 750.000000 215.000000 1.750505 0.597167 0.537584 5.484346 1.822423 31.642723 -0.929690 0.017150
Car -1 -1 -10 704.000000 186.000000 831.000000 271.000000 1.433477 1.608099 3.764421 2.940469 1.728615 14.189265 -1.593755 0.999389
Car -1 -1 -10 445.000000 179.000000 523.000000 231.000000 1.453961 1.620846 3.853246 -3.531347 1.617585 20.609984 1.542388 0.999231
Car -1 -1 -10 172.000000 173.000000 430.000000 354.000000 1.511139 1.592523 3.729716 -3.145080 1.606233 8.046425 1.520564 0.998540
Car -1 -1 -10 652.000000 178.000000 705.000000 219.000000 1.520912 1.655663 3.898943 2.773495 1.876953 29.410685 1.521333 0.997085
Car -1 -1 -10 496.000000 172.000000 549.000000 213.000000 1.540927 1.569700 3.671747 -3.367308 1.516526 28.764557 1.595896 0.995686
Car -1 -1 -10 526.000000 174.000000 565.000000 203.000000 1.560051 1.598603 3.873747 -3.295545 1.555185 38.012532 1.586157 0.596634
Car -1 -1 -10 871.000000 55.000000 1235.000000 363.000000 1.910402 1.715173 4.178126 2.935832 1.409978 3.571968 -1.600561 0.054767
Car -1 -1 -10 643.000000 180.000000 680.000000 210.000000 1.497952 1.597112 3.635954 2.805078 1.885837 38.276942 -1.566650 0.036415
Cyclist -1 -1 -10 728.000000 177.000000 750.000000 215.000000 1.643125 0.482740 1.539175 5.757270 1.447918 32.663806 0.324645 0.013294
