Car -1 -1 -10 249.000000 199.000000 377.000000 263.000000 1.431555 1.609130 3.883039 -7.508413 2.070178 17.542639 -2.332026 0.999444
Car -1 -1 -10 111.000000 193.000000 183.000000 233.000000 1.404490 1.621202 3.948212 -18.390002 2.207074 28.301559 -2.307145 0.998600
Car -1 -1 -10 710.000000 180.000000 801.000000 234.000000 1.461783 1.641777 3.995279 3.904488 1.669070 19.657682 1.605763 0.998038
Car -1 -1 -10 90.000000 191.000000 154.000000 226.000000 1.508533 1.593592 3.764491 -22.072869 2.262903 32.419788 -2.257887 0.981859
Car -1 -1 -10 630.000000 179.000000 698.000000 231.000000 1.458846 1.559348 3.658437 1.567236 1.653123 20.805978 1.651188 0.977753
Car -1 -1 -10 387.000000 166.000000 647.000000 304.000000 2.006105 1.743933 4.325360 -1.951675 1.998901 12.145795 -2.354004 0.942379
Car -1 -1 -10 310.000000 180.000000 408.000000 217.000000 1.509996 1.629653 3.836457 -11.603170 1.903478 33.319781 -3.287497 0.882694
Car -1 -1 -10 49.000000 186.000000 84.000000 211.000000 1.521790 1.623476 3.840308 -40.938553 2.648289 53.790508 -2.318293 0.463151
Car -1 -1 -10 255.000000 186.000000 343.000000 211.000000 1.540181 1.652369 4.063908 -16.229556 2.064119 37.615718 -0.051750 0.177618
Car -1 -1 -10 774.000000 173.000000 925.000000 224.000000 1.437257 1.612111 4.058622 6.939157 1.822431 21.769459 1.353438 0.138188
Car -1 -1 -10 501.000000 178.000000 637.000000 251.000000 1.424013 1.522817 3.523183 0.257014 2.112070 18.385013 2.041544 0.012293
