Pedestrian -1 -1 -10 147.000000 192.000000 270.000000 371.000000 1.638223 0.644587 0.683777 -2.578601 1.585452 4.805915 1.430121 0.997693
Pedestrian -1 -1 -10 581.000000 164.000000 605.000000 236.000000 1.759536 0.608669 0.874832 -0.293829 1.367060 17.796074 2.004450 0.990457
Pedestrian -1 -1 -10 959.000000 157.000000 1010.000000 286.000000 1.663312 0.643197 0.648652 4.857148 1.388789 9.088571 -0.514862 0.988915
Pedestrian -1 -1 -10 521.000000 159.000000 543.000000 232.000000 1.779609 0.579915 0.848667 -1.945310 1.381090 19.649345 1.939922 0.948522
Pedestrian -1 -1 -10 552.000000 164.000000 575.000000 222.000000 1.764163 0.710972 0.963397 -1.195179 1.288234 22.700225 1.375820 0.937291
Pedestrian -1 -1 -10 426.000000 169.000000 484.000000 288.000000 1.712989 0.830735 0.567152 -2.258081 1.527345 10.851745 1.465227 0.872578
Pedestrian -1 -1 -10 220.000000 171.000000 275.000000 337.000000 1.668049 0.518511 0.637121 -3.663068 1.515448 7.488457 0.032745 0.842164
Pedestrian -1 -1 -10 594.000000 163.000000 610.000000 220.000000 1.705730 0.637387 0.631260 0.130815 2.142563 27.438709 -2.085786 0.336007
Pedestrian -1 -1 -10 696.000000 156.000000 736.000000 239.000000 1.819892 0.715648 0.846534 2.547409 1.497207 15.947202 2.282494 0.209155
Pedestrian -1 -1 -10 607.000000 165.000000 622.000000 209.000000 1.801732 0.676777 0.849517 0.551949 1.146430 29.986574 3.051597 0.127626
Pedestrian -1 -1 -10 620.000000 164.000000 636.000000 210.000000 1.736815 0.659769 0.758279 1.051524 1.224094 28.870152 -1.928358 0.112363
Pedestrian -1 -1 -10 801.000000 160.000000 840.000000 259.000000 1.775777 0.666674 0.788023 3.958327 1.233295 13.542762 -1.435259 0.047627
Car -1 -1 -10 160.000000 190.000000 276.000000 359.000000 1.528986 1.622832 3.756116 -2.424893 1.347561 6.182033 -2.008146 0.010733
Cyclist -1 -1 -10 419.000000 169.000000 488.000000 292.000000 1.767244 0.594043 1.817492 -2.255677 1.567092 10.834754 1.473166 0.950498
Cyclist -1 -1 -10 691.000000 159.000000 743.000000 240.000000 1.696770 0.456583 1.756197 2.513476 1.370262 15.757095 -1.910227 0.916287
Cyclist -1 -1 -10 867.000000 178.000000 970.000000 366.000000 1.691709 0.575710 1.705553 2.652839 1.767684 6.397024 1.432200 0.170277
Cyclist -1 -1 -10 160.000000 190.000000 276.000000 359.000000 1.671614 0.474859 1.612765 -2.592200 1.578649 4.869309 1.588981 0.148320
Cyclist -1 -1 -10 219.000000 174.000000 285.000000 328.000000 1.755737 0.571320 1.505084 -3.712015 1.299214 7.371141 0.387562 0.136481
Cyclist -1 -1 -10 676.000000 161.000000 697.000000 206.000000 1.836265 0.463202 1.804596 3.827949 0.929078 33.042056 -1.899047 0.032798
Cyclist -1 -1 -10 198.000000 184.000000 328.000000 301.000000 1.697826 0.548154 1.807577 -5.127979 1.540224 10.589088 0.057712 0.027029
Cyclist -1 -1 -10 784.000000 152.000000 861.000000 368.000000 1.735798 0.528766 1.743507 2.144545 1.596920 6.906414 -1.252157 0.017424
Cyclist -1 -1 -10 666.000000 163.000000 688.000000 207.000000 1.696692 0.663935 1.689517 3.201098 0.868502 32.894926 2.783379 0.010461
