Pedestrian -1 -1 -10 1000.000000 145.000000 1100.000000 319.000000 1.750782 0.640128 0.762217 4.727119 1.386800 7.608282 1.158461 0.990515
Pedestrian -1 -1 -10 668.000000 172.000000 686.000000 226.000000 1.719163 0.645218 0.818497 2.483831 1.467624 24.158330 1.718174 0.972727
Pedestrian -1 -1 -10 689.000000 170.000000 709.000000 225.000000 1.703628 0.658923 0.826100 3.230538 1.399508 24.304983 -1.481715 0.930344
Pedestrian -1 -1 -10 849.000000 216.000000 902.000000 335.000000 1.683874 0.628176 0.585446 2.707776 1.365968 6.984269 -1.756023 0.482258
Pedestrian -1 -1 -10 538.000000 173.000000 558.000000 227.000000 1.711688 0.651169 0.830995 -1.764152 1.400740 23.364461 -1.684640 0.384433
Pedestrian -1 -1 -10 928.000000 167.000000 1109.000000 356.000000 1.818583 0.595073 0.698123 3.992712 1.636892 7.024172 -0.642234 0.042419
Pedestrian -1 -1 -10 913.000000 177.000000 981.000000 290.000000 1.717040 0.662363 0.637936 6.027098 1.585423 12.593693 -0.687206 0.040598
Pedestrian -1 -1 -10 612.000000 173.000000 623.000000 205.000000 1.783892 0.691835 0.648179 0.869085 1.280005 40.736404 -1.530665 0.024633
Pedestrian -1 -1 -10 676.000000 171.000000 699.000000 226.000000 1.815339 0.688179 0.911449 2.819882 1.422759 24.371585 1.254783 0.022062
Car -1 -1 -10 6.000000 198.000000 420.000000 374.000000 1.542579 1.615693 3.923116 -2.666417 1.638313 4.314933 1.687211 0.992571
Car -1 -1 -10 152.000000 208.000000 382.000000 302.000000 1.455198 1.563061 3.698637 -2.943013 1.689613 3.834381 1.766056 0.012921
Cyclist -1 -1 -10 907.000000 174.000000 985.000000 298.000000 1.716510 0.559444 1.684391 6.093581 1.469458 12.530553 -1.102757 0.955100
Cyclist -1 -1 -10 836.000000 210.000000 914.000000 342.000000 1.670449 0.598285 1.712334 2.209228 1.796056 5.684756 1.380493 0.162089
Cyclist -1 -1 -10 832.000000 195.000000 975.000000 363.000000 1.661293 0.512658 1.628082 2.219427 1.826707 5.365726 -1.626060 0.090817
Cyclist -1 -1 -10 538.000000 172.000000 559.000000 227.000000 1.807859 0.576906 1.731517 -1.907073 1.463375 23.410070 -2.165948 0.058336
Cyclist -1 -1 -10 668.000000 174.000000 686.000000 226.000000 1.794368 0.580692 1.744633 2.465195 1.484061 24.200300 1.705357 0.036562
Cyclist -1 -1 -10 876.000000 177.000000 1111.000000 347.000000 1.689270 0.658944 1.734739 2.094254 1.926918 3.856448 1.557622 0.015358
