Pedestrian -1 -1 -10 654.000000 167.000000 670.000000 216.000000 1.781012 0.583248 0.765143 1.837611 1.514374 24.392385 2.112658 0.532169
Pedestrian -1 -1 -10 660.000000 166.000000 693.000000 219.000000 1.764708 0.639719 0.887419 2.098889 1.558486 23.751475 2.191915 0.074300
Pedestrian -1 -1 -10 140.000000 176.000000 162.000000 223.000000 1.747915 0.621089 0.844312 -16.107965 1.833426 25.428260 -1.234909 0.027958
Pedestrian -1 -1 -10 662.000000 167.000000 673.000000 213.000000 1.755050 0.555920 0.794817 1.806721 1.388942 23.693604 0.577534 0.027114
Pedestrian -1 -1 -10 668.000000 166.000000 681.000000 214.000000 1.738017 0.607509 0.730448 2.125501 1.436344 23.703005 2.773727 0.014457
Pedestrian -1 -1 -10 427.000000 174.000000 436.000000 206.000000 1.758267 0.558625 0.768366 -5.869409 1.518178 23.286824 0.324504 0.010776
Pedestrian -1 -1 -10 312.000000 177.000000 319.000000 213.000000 1.744741 0.648430 0.662175 -15.783226 1.791455 38.973215 -0.404645 0.010713
Car -1 -1 -10 418.000000 174.000000 526.000000 258.000000 1.570344 1.641659 3.973602 -2.942079 1.605714 16.107360 -1.584839 0.999126
Car -1 -1 -10 230.000000 185.000000 320.000000 228.000000 1.513771 1.646239 3.912184 -12.608422 2.062349 27.608579 1.574795 0.996789
Car -1 -1 -10 586.000000 171.000000 613.000000 198.000000 1.543393 1.618529 3.919783 -0.776362 1.592701 46.706046 -1.590275 0.996097
Cyclist -1 -1 -10 662.000000 162.000000 722.000000 221.000000 1.753616 0.508010 1.723822 2.491997 1.401469 22.237171 -2.487562 0.999470
Cyclist -1 -1 -10 658.000000 166.000000 691.000000 218.000000 1.713934 0.497168 1.780089 2.031021 1.490709 23.620657 -1.949978 0.644428
Cyclist -1 -1 -10 654.000000 167.000000 671.000000 216.000000 1.727781 0.482037 1.530040 1.872459 1.421136 25.108864 2.115565 0.361167
Cyclist -1 -1 -10 662.000000 167.000000 673.000000 213.000000 1.736719 0.565510 1.780278 1.836936 1.381838 23.677255 1.157054 0.070835
Cyclist -1 -1 -10 1014.000000 151.000000 1037.000000 205.000000 1.735831 0.479626 1.569973 18.939091 0.443131 32.511424 -1.059101 0.010709
