Pedestrian -1 -1 -10 709.000000 177.000000 721.000000 212.000000 1.667211 0.567496 0.540814 4.561263 1.681640 31.196708 -2.002114 0.375492
Pedestrian -1 -1 -10 702.000000 168.000000 711.000000 214.000000 1.730719 0.678737 0.768819 5.363741 1.454053 40.297897 -0.916218 0.120140
Pedestrian -1 -1 -10 704.000000 170.000000 718.000000 214.000000 1.702756 0.593838 0.682130 5.319116 1.284588 36.930789 2.690014 0.104583
Pedestrian -1 -1 -10 698.000000 169.000000 725.000000 222.000000 1.723817 0.555111 0.573370 2.230321 1.815760 15.235603 3.155632 0.025021
Pedestrian -1 -1 -10 699.000000 169.000000 708.000000 210.000000 1.713685 0.578820 0.815532 5.262531 1.363032 40.429227 -0.943858 0.019853
Pedestrian -1 -1 -10 696.000000 172.000000 703.000000 207.000000 1.792591 0.656768 0.655037 5.372188 2.059474 43.403126 -1.919963 0.013328
Car -1 -1 -10 683.000000 184.000000 780.000000 255.000000 1.468512 1.609496 3.857636 2.677900 1.720646 16.578418 -1.546457 0.998902
Car -1 -1 -10 531.000000 177.000000 575.000000 211.000000 1.486147 1.647596 4.282508 -2.656361 1.680691 33.834495 1.581811 0.998794
Car -1 -1 -10 651.000000 178.000000 698.000000 219.000000 1.512784 1.575600 3.703801 2.669256 1.773662 29.278407 1.563461 0.996630
Car -1 -1 -10 102.000000 188.000000 465.000000 372.000000 1.503090 1.679915 4.163963 -2.684155 1.710689 7.063996 1.563166 0.991420
Car -1 -1 -10 639.000000 175.000000 668.000000 201.000000 1.565615 1.671108 4.020820 3.312395 1.846013 49.446154 -1.526605 0.125376
Cyclist -1 -1 -10 712.000000 176.000000 721.000000 214.000000 1.711310 0.645392 1.686083 4.548472 1.490581 31.269344 1.112486 0.011366
