Car -1 -1 -10 169.000000 199.000000 364.000000 304.000000 1.490616 1.636657 3.971871 -5.824106 2.055737 12.869127 1.559726 0.999387
Car -1 -1 -10 325.000000 195.000000 425.000000 263.000000 1.503367 1.582595 3.859956 -5.843562 2.108089 18.214967 1.567875 0.997735
Car -1 -1 -10 812.000000 154.000000 944.000000 204.000000 1.564015 1.633488 3.974570 9.309694 1.071540 24.990543 3.290036 0.995040
Car -1 -1 -10 381.000000 192.000000 464.000000 245.000000 1.436381 1.589846 3.868385 -5.928749 2.151174 22.859730 1.573418 0.990408
Car -1 -1 -10 663.000000 177.000000 714.000000 212.000000 1.465472 1.565873 3.664278 3.274217 1.823842 33.861098 1.580302 0.988515
Car -1 -1 -10 428.000000 190.000000 493.000000 228.000000 1.431815 1.615002 3.964862 -5.872106 2.165348 29.007129 1.571528 0.961475
Car -1 -1 -10 475.000000 187.000000 521.000000 218.000000 1.517138 1.637942 3.988313 -5.699801 2.275591 36.617401 1.626671 0.904900
Car -1 -1 -10 1103.000000 142.000000 1216.000000 179.000000 1.550637 1.716588 4.174241 23.341428 0.235385 30.647623 0.055815 0.424362
Car -1 -1 -10 651.000000 178.000000 695.000000 206.000000 1.489701 1.613158 3.789176 3.323490 1.713576 36.316138 -1.569638 0.238263
Car -1 -1 -10 755.000000 162.000000 862.000000 200.000000 1.547868 1.623604 3.964548 9.036814 1.256312 30.211539 2.858591 0.193438
Car -1 -1 -10 1116.000000 119.000000 1245.000000 364.000000 1.601531 1.628413 3.711584 4.076837 1.046555 3.618257 -1.784276 0.092422
Cyclist -1 -1 -10 1125.000000 120.000000 1241.000000 369.000000 1.749685 0.520504 1.730707 3.187557 1.311897 3.993365 -1.428450 0.029720
