Pedestrian -1 -1 -10 0.000000 185.000000 140.000000 375.000000 1.806435 0.701714 0.916808 -4.446580 2.400305 5.297343 -2.749459 0.016560
Car -1 -1 -10 677.000000 184.000000 751.000000 238.000000 1.417453 1.573461 3.646463 2.832185 1.756758 20.449893 -1.557584 0.998921
Car -1 -1 -10 259.000000 182.000000 467.000000 252.000000 1.530423 1.631175 4.095743 -5.660717 1.813658 17.740317 0.079922 0.996822
Car -1 -1 -10 734.000000 174.000000 836.000000 221.000000 1.520857 1.647110 3.822828 6.307214 1.684716 25.624130 0.045025 0.992734
Car -1 -1 -10 782.000000 170.000000 1134.000000 374.000000 1.583839 1.571876 3.642429 2.805324 1.620934 6.744241 -1.601208 0.987319
Car -1 -1 -10 368.000000 180.000000 492.000000 225.000000 1.745646 1.632362 3.993620 -6.101220 1.982816 24.803440 0.050202 0.970441
Car -1 -1 -10 0.000000 188.000000 148.000000 374.000000 1.494660 1.616320 4.068012 -6.213867 1.806212 5.333635 0.109232 0.953931
Car -1 -1 -10 -14.000000 179.000000 271.000000 343.000000 1.541784 1.602250 3.972110 -6.255954 1.584704 9.614061 -3.610573 0.934395
Car -1 -1 -10 404.000000 178.000000 519.000000 212.000000 1.494567 1.631714 3.845342 -6.014230 1.576095 31.263197 1.764746 0.707748
Car -1 -1 -10 683.000000 175.000000 733.000000 202.000000 1.553572 1.608582 4.056700 5.684067 1.786599 40.204777 -0.095511 0.425993
Car -1 -1 -10 42.000000 185.000000 339.000000 278.000000 1.676509 1.685168 4.018723 -7.176644 1.776758 12.847608 -3.322701 0.373676
Car -1 -1 -10 193.000000 189.000000 414.000000 266.000000 1.530862 1.597925 4.030936 -6.301594 1.818265 15.884362 0.046715 0.190868
