Pedestrian -1 -1 -10 569.000000 158.000000 594.000000 227.000000 1.750415 0.633601 0.735759 -0.706593 1.140622 19.436969 -0.538329 0.995754
Pedestrian -1 -1 -10 213.000000 169.000000 242.000000 244.000000 1.836522 0.663471 0.950969 -9.714212 1.617303 18.194107 -3.094082 0.992317
Pedestrian -1 -1 -10 242.000000 174.000000 270.000000 238.000000 1.712798 0.593293 0.777239 -9.903056 1.579023 20.020362 2.657185 0.926987
Pedestrian -1 -1 -10 201.000000 172.000000 230.000000 240.000000 1.787222 0.736151 0.804827 -9.793185 1.428018 18.210288 -1.138253 0.673209
Pedestrian -1 -1 -10 190.000000 176.000000 218.000000 240.000000 1.782874 0.619114 0.639677 -11.934151 1.697696 20.962616 -0.070388 0.303249
Pedestrian -1 -1 -10 867.000000 152.000000 884.000000 199.000000 1.761682 0.634314 0.918568 10.473894 0.695049 27.371987 -1.265211 0.265679
Pedestrian -1 -1 -10 404.000000 165.000000 428.000000 219.000000 1.769915 0.659158 0.546655 -4.618971 1.267121 17.013897 0.714670 0.050785
Pedestrian -1 -1 -10 333.000000 164.000000 364.000000 218.000000 1.794099 0.673005 0.816567 -7.106147 1.284965 19.634482 2.306272 0.023618
Car -1 -1 -10 330.000000 178.000000 484.000000 279.000000 1.471928 1.617990 3.941148 -3.309505 1.445517 12.528379 -1.569625 0.999251
Car -1 -1 -10 1121.000000 140.000000 1220.000000 187.000000 1.552807 1.567147 3.682070 23.616378 0.232918 28.817751 -0.932793 0.078135
Car -1 -1 -10 1045.000000 151.000000 1145.000000 190.000000 1.473227 1.542369 3.827607 19.314498 0.492280 27.951808 3.251870 0.061690
Car -1 -1 -10 1069.000000 138.000000 1211.000000 208.000000 1.552024 1.568454 3.825312 11.419239 0.647998 16.043787 -2.408368 0.036356
Car -1 -1 -10 402.000000 179.000000 434.000000 213.000000 1.499285 1.554381 3.433425 -6.044713 1.373303 21.855629 1.870352 0.017873
Cyclist -1 -1 -10 281.000000 166.000000 357.000000 241.000000 1.735577 0.585261 1.760454 -6.971200 1.410481 17.182494 2.362568 0.995061
Cyclist -1 -1 -10 1081.000000 133.000000 1200.000000 214.000000 1.706240 0.664735 1.789377 11.269487 0.703619 15.140781 3.711951 0.994105
Cyclist -1 -1 -10 993.000000 142.000000 1069.000000 205.000000 1.674746 0.513391 1.744968 11.421423 0.829770 19.262117 -1.576550 0.918674
Cyclist -1 -1 -10 788.000000 155.000000 834.000000 197.000000 1.712697 0.749749 1.796449 8.796661 0.734556 30.637147 3.055608 0.863557
Cyclist -1 -1 -10 867.000000 152.000000 885.000000 200.000000 1.816188 0.584119 1.807140 10.513163 0.715147 27.403959 -1.119262 0.563657
Cyclist -1 -1 -10 327.000000 164.000000 367.000000 220.000000 1.707167 0.537094 1.701163 -7.045962 1.094750 19.527399 0.611568 0.557172
Cyclist -1 -1 -10 307.000000 168.000000 388.000000 224.000000 1.771365 0.616778 1.811075 -6.943982 1.237773 19.565640 0.605522 0.064179
Cyclist -1 -1 -10 1121.000000 140.000000 1220.000000 187.000000 1.698619 0.640325 1.669384 22.620604 0.404989 27.992975 -0.946890 0.015703
Cyclist -1 -1 -10 404.000000 165.000000 428.000000 219.000000 1.671970 0.629052 1.688653 -4.371326 0.950101 17.159811 0.702077 0.015569
