Car -1 -1 -10 376.000000 190.000000 499.000000 268.000000 1.428017 1.612152 4.012542 -3.375259 1.533704 14.852959 -1.572309 0.999702
Car -1 -1 -10 577.000000 179.000000 614.000000 212.000000 1.538246 1.637495 3.738186 -0.648389 1.294950 36.607643 -1.570392 0.999645
Car -1 -1 -10 236.000000 187.000000 360.000000 254.000000 1.411167 1.578364 3.785392 -7.575897 1.487794 17.937818 -1.585183 0.997827
Car -1 -1 -10 205.000000 186.000000 291.000000 230.000000 1.467930 1.623852 3.878667 -12.757870 1.559635 25.625499 -1.574661 0.994015
Car -1 -1 -10 465.000000 185.000000 515.000000 219.000000 1.482050 1.628421 4.063981 -4.880615 1.341277 30.373371 -1.612737 0.978886
Car -1 -1 -10 365.000000 182.000000 414.000000 226.000000 1.488784 1.635799 3.690995 -7.941440 1.438072 27.078159 -1.729100 0.978744
Car -1 -1 -10 2.000000 210.000000 172.000000 371.000000 1.551972 1.625057 3.873104 -3.566634 1.673209 2.643955 -1.558607 0.970219
Car -1 -1 -10 0.000000 188.000000 118.000000 269.000000 1.544922 1.650383 3.818745 -12.279611 1.657180 14.916889 -1.620298 0.881323
Car -1 -1 -10 292.000000 181.000000 356.000000 214.000000 1.608077 1.595402 4.060114 -13.328673 1.273327 33.471176 -1.418865 0.522136
Car -1 -1 -10 407.000000 187.000000 461.000000 218.000000 1.528691 1.552476 3.475460 -8.629253 1.173534 37.598321 -1.815128 0.073156
