Pedestrian -1 -1 -10 769.000000 157.000000 808.000000 276.000000 1.683648 0.661452 0.816315 2.958402 1.253204 11.662185 -1.316306 0.823528
Pedestrian -1 -1 -10 497.000000 163.000000 512.000000 222.000000 1.814288 0.620987 0.650885 -3.735739 1.358065 27.057171 1.556248 0.306146
Pedestrian -1 -1 -10 483.000000 168.000000 514.000000 215.000000 1.810892 0.616197 0.650168 -3.730095 1.350287 27.050144 1.548982 0.209464
Pedestrian -1 -1 -10 608.000000 166.000000 617.000000 196.000000 1.804366 0.585960 0.734054 0.688014 0.913083 42.737629 1.166236 0.131624
Pedestrian -1 -1 -10 520.000000 168.000000 556.000000 220.000000 1.786629 0.669321 0.627205 -3.124578 1.184859 32.875897 -1.224379 0.080215
Pedestrian -1 -1 -10 593.000000 165.000000 604.000000 195.000000 1.781361 0.575947 0.754988 -0.318088 0.735732 42.354105 -3.137892 0.075233
Pedestrian -1 -1 -10 581.000000 165.000000 589.000000 191.000000 1.826838 0.615082 0.893542 -1.233039 0.635062 53.451508 1.531274 0.038145
Pedestrian -1 -1 -10 476.000000 171.000000 501.000000 219.000000 1.767944 0.655574 0.811998 -5.573225 1.353249 34.197144 -1.315205 0.011297
Pedestrian -1 -1 -10 436.000000 168.000000 456.000000 222.000000 1.737913 0.659571 0.645534 -5.094330 1.247221 23.363324 -1.292894 0.010603
Car -1 -1 -10 441.000000 176.000000 574.000000 280.000000 1.521835 1.658767 4.006995 -1.459332 1.469174 12.246757 1.605412 0.998507
Car -1 -1 -10 515.000000 172.000000 565.000000 228.000000 1.515852 1.608403 3.699656 -3.039812 0.650144 34.332948 0.466786 0.023912
Car -1 -1 -10 474.000000 171.000000 522.000000 222.000000 1.613612 1.593160 3.776867 -4.785160 1.178590 33.540365 1.808149 0.018076
Cyclist -1 -1 -10 519.000000 169.000000 562.000000 230.000000 1.740989 0.509161 1.483469 -1.620073 1.439904 16.378544 -1.648563 0.206467
Cyclist -1 -1 -10 770.000000 156.000000 810.000000 280.000000 1.703312 0.648580 1.708327 3.050494 1.178592 11.694001 -1.285898 0.206100
Cyclist -1 -1 -10 541.000000 169.000000 566.000000 218.000000 1.760671 0.615037 1.647558 -2.682445 0.923104 44.053016 2.898489 0.068607
Cyclist -1 -1 -10 476.000000 172.000000 513.000000 215.000000 1.724990 0.517450 1.608364 -5.552990 1.123160 34.717893 -1.611770 0.068092
Cyclist -1 -1 -10 762.000000 166.000000 800.000000 243.000000 1.670250 0.689344 1.695419 3.026292 1.221372 11.754413 1.122939 0.019358
Cyclist -1 -1 -10 494.000000 164.000000 513.000000 219.000000 1.679608 0.700254 1.737159 -3.831768 0.992525 27.126897 0.922692 0.018046
