Pedestrian -1 -1 -10 723.000000 175.000000 788.000000 226.000000 1.729209 0.620319 0.804296 3.770544 1.744545 20.124858 0.316838 0.010383
Car -1 -1 -10 524.000000 173.000000 570.000000 204.000000 1.498360 1.638555 3.684023 -3.181582 1.609063 37.197349 1.620970 0.999607
Car -1 -1 -10 193.000000 185.000000 394.000000 315.000000 1.499631 1.645052 4.020743 -4.541796 1.804790 10.640827 1.572309 0.997460
Car -1 -1 -10 1.000000 204.000000 261.000000 375.000000 1.455296 1.627066 3.897346 -4.605157 1.831615 6.184137 1.570038 0.984845
Car -1 -1 -10 725.000000 177.000000 795.000000 230.000000 1.500884 1.607329 3.929758 4.506068 1.649551 21.326549 -1.504357 0.982112
Car -1 -1 -10 707.000000 171.000000 770.000000 215.000000 1.563544 1.610486 3.657840 4.764293 1.571172 27.022181 -1.590084 0.974106
Car -1 -1 -10 748.000000 163.000000 892.000000 263.000000 1.681610 1.731452 4.433936 4.087472 1.505913 15.027860 -1.545154 0.957596
Car -1 -1 -10 549.000000 173.000000 581.000000 199.000000 1.489846 1.614821 3.815748 -3.195125 1.411546 37.448060 1.607203 0.522345
Car -1 -1 -10 698.000000 171.000000 743.000000 207.000000 1.495005 1.594999 3.826316 4.963467 1.522188 32.151460 -1.522272 0.515770
Car -1 -1 -10 692.000000 170.000000 726.000000 199.000000 1.545846 1.598684 3.712027 5.336204 1.501408 37.960977 -1.540321 0.269504
