Pedestrian -1 -1 -10 773.000000 165.000000 782.000000 192.000000 1.828254 0.621942 0.817947 12.229479 1.515803 52.540702 2.830471 0.484696
Car -1 -1 -10 834.000000 177.000000 906.000000 239.000000 1.580849 1.624597 3.400970 7.300259 1.790843 19.790248 -1.353550 0.999407
Car -1 -1 -10 690.000000 167.000000 738.000000 207.000000 1.516903 1.626445 3.741451 4.755439 1.533524 32.911005 -1.386100 0.999024
Car -1 -1 -10 912.000000 201.000000 1233.000000 374.000000 1.528088 1.524237 3.470854 3.406246 1.756595 5.870424 -1.350388 0.997246
Car -1 -1 -10 237.000000 170.000000 559.000000 376.000000 1.521129 1.576392 3.698925 -1.723776 1.555841 7.021577 1.801769 0.997207
Car -1 -1 -10 543.000000 174.000000 669.000000 264.000000 1.481158 1.585304 3.682515 0.089200 1.542788 13.751253 -1.326137 0.996485
Car -1 -1 -10 554.000000 163.000000 653.000000 227.000000 1.580465 1.601964 3.766033 -0.993441 1.209184 22.220740 2.111800 0.983427
Car -1 -1 -10 720.000000 169.000000 753.000000 200.000000 1.565853 1.598827 3.921214 7.260211 1.417396 40.629031 -1.268519 0.934918
Car -1 -1 -10 5.000000 167.000000 299.000000 372.000000 1.505039 1.582626 3.725075 -2.895035 1.649428 2.557176 -1.470583 0.894545
Car -1 -1 -10 832.000000 177.000000 879.000000 222.000000 1.484291 1.606167 3.673338 8.427967 1.681177 24.608306 -1.301920 0.029941
Cyclist -1 -1 -10 773.000000 165.000000 782.000000 191.000000 1.710929 0.515906 1.631252 12.271491 1.148383 52.332216 1.299643 0.020924
