Pedestrian -1 -1 -10 680.000000 170.000000 695.000000 216.000000 1.770160 0.689849 0.855468 3.206705 1.717007 30.084755 1.228086 0.953665
Car -1 -1 -10 461.000000 182.000000 511.000000 215.000000 1.448719 1.559795 3.689695 -5.600044 1.807464 31.872002 1.178755 0.998739
Car -1 -1 -10 338.000000 183.000000 415.000000 211.000000 1.456309 1.574401 4.035041 -12.609991 2.011268 39.167528 0.400847 0.989860
Car -1 -1 -10 882.000000 192.000000 1237.000000 374.000000 1.499087 1.599174 3.819481 2.965101 1.646835 3.820491 -1.615179 0.978524
Car -1 -1 -10 -3.000000 197.000000 200.000000 375.000000 1.475144 1.606823 3.702697 -5.881559 1.769050 7.247878 1.531989 0.971250
Car -1 -1 -10 108.000000 182.000000 200.000000 235.000000 1.560338 1.615874 3.712310 -15.127454 1.875454 24.288621 1.301298 0.765071
Car -1 -1 -10 28.000000 185.000000 133.000000 236.000000 1.523998 1.625162 3.892940 -18.099430 1.828784 24.933574 -1.679452 0.275417
Car -1 -1 -10 0.000000 192.000000 132.000000 305.000000 1.496132 1.607933 3.732425 -10.743837 1.396248 12.042708 -1.675429 0.153611
Car -1 -1 -10 -1.000000 189.000000 67.000000 243.000000 1.493281 1.575313 3.955305 -19.956442 2.033086 23.572811 1.425737 0.142377
Car -1 -1 -10 678.000000 173.000000 696.000000 208.000000 1.516429 1.586268 3.502610 3.924278 1.396470 30.591731 -0.286814 0.017976
Cyclist -1 -1 -10 679.000000 173.000000 697.000000 211.000000 1.805236 0.605437 1.726456 3.252888 1.741715 30.048743 1.732085 0.011373
