Car -1 -1 -10 639.000000 177.000000 682.000000 213.000000 1.494272 1.639462 3.936643 2.269384 1.699722 33.131886 -1.593196 0.998903
Car -1 -1 -10 266.000000 190.000000 461.000000 305.000000 1.478575 1.669845 4.075717 -3.806549 1.854502 11.962148 1.548917 0.997375
Car -1 -1 -10 404.000000 188.000000 504.000000 246.000000 1.455365 1.565177 3.624083 -4.064428 1.924736 19.952262 1.581908 0.995726
Car -1 -1 -10 47.000000 204.000000 290.000000 317.000000 1.438454 1.625577 3.979939 -6.766532 2.009901 11.583473 1.568395 0.979414
Car -1 -1 -10 762.000000 160.000000 899.000000 208.000000 1.611663 1.661014 4.149462 7.686835 1.383947 25.977742 3.081374 0.973314
Car -1 -1 -10 733.000000 165.000000 827.000000 202.000000 1.504263 1.613196 4.159600 6.950183 1.386626 29.449222 3.321559 0.229776
Car -1 -1 -10 773.000000 161.000000 811.000000 208.000000 1.514253 1.527827 3.456872 6.975194 0.950167 29.867695 -1.373546 0.081448
Car -1 -1 -10 394.000000 189.000000 461.000000 234.000000 1.455728 1.579839 3.889733 -4.535073 1.845044 20.047428 1.348601 0.071772
Car -1 -1 -10 937.000000 149.000000 1008.000000 178.000000 1.684820 1.699943 3.904036 21.185481 0.350011 42.290031 -0.073155 0.027744
Cyclist -1 -1 -10 776.000000 160.000000 808.000000 210.000000 1.697031 0.481972 1.444754 6.022363 1.767730 25.997909 -1.357064 0.024092
