Pedestrian -1 -1 -10 403.000000 174.000000 414.000000 211.000000 1.843006 0.728356 0.852530 -13.384725 2.016286 47.910064 -1.662085 0.057228
Pedestrian -1 -1 -10 415.000000 176.000000 445.000000 242.000000 1.683672 0.715330 0.663543 -4.657304 1.751164 18.373069 1.353525 0.028915
Pedestrian -1 -1 -10 421.000000 178.000000 446.000000 213.000000 1.705730 0.637387 0.631260 -8.676370 2.132966 37.258950 -2.327192 0.018205
Pedestrian -1 -1 -10 361.000000 183.000000 418.000000 241.000000 1.758540 0.765553 0.544148 -6.864991 1.878112 22.281761 -1.785455 0.012459
Pedestrian -1 -1 -10 317.000000 186.000000 415.000000 253.000000 1.720168 0.685919 0.890069 -5.420743 2.121880 15.926530 2.719722 0.010717
Car -1 -1 -10 661.000000 178.000000 780.000000 260.000000 1.524291 1.559602 3.501923 2.190278 1.619618 14.955933 -1.712655 0.999562
Car -1 -1 -10 319.000000 189.000000 407.000000 254.000000 1.464738 1.590976 3.712822 -5.865781 1.873318 17.639547 -1.759002 0.996685
Car -1 -1 -10 561.000000 177.000000 605.000000 213.000000 1.486856 1.581149 3.531575 -1.253437 1.773737 33.834897 -1.759296 0.992652
Car -1 -1 -10 796.000000 182.000000 1241.000000 373.000000 1.496555 1.625686 3.885366 2.959320 1.597945 5.997174 1.539585 0.982664
Car -1 -1 -10 351.000000 187.000000 420.000000 241.000000 1.499235 1.638065 4.045576 -7.053247 1.919850 22.785174 1.335802 0.714671
Car -1 -1 -10 1083.000000 231.000000 1245.000000 377.000000 1.511722 1.568573 3.778298 2.885017 1.397597 1.213554 -1.583374 0.303970
Car -1 -1 -10 538.000000 178.000000 570.000000 205.000000 1.564938 1.614536 3.808004 -3.503092 2.003661 44.133525 -1.738522 0.148516
Car -1 -1 -10 617.000000 182.000000 705.000000 230.000000 1.519555 1.589367 3.589227 1.186610 1.660160 21.780316 -1.837202 0.021093
Car -1 -1 -10 618.000000 176.000000 664.000000 205.000000 1.533673 1.578960 3.656041 2.660695 1.395360 33.410739 -2.163005 0.017330
Cyclist -1 -1 -10 412.000000 174.000000 447.000000 248.000000 1.761211 0.567719 1.762014 -4.650323 1.814126 18.319312 1.364640 0.997948
Cyclist -1 -1 -10 446.000000 174.000000 480.000000 239.000000 1.737905 0.560741 1.762241 -4.244592 1.773895 20.549646 1.464134 0.997118
Cyclist -1 -1 -10 1104.000000 204.000000 1239.000000 348.000000 1.682606 0.561631 1.663834 2.240113 1.504990 2.503391 -1.439741 0.065702
Cyclist -1 -1 -10 420.000000 179.000000 449.000000 213.000000 1.668927 0.511110 1.555397 -8.833230 2.216263 37.879047 -1.821434 0.048598
Cyclist -1 -1 -10 317.000000 186.000000 415.000000 253.000000 1.742575 0.701344 1.792086 -5.419902 1.971092 16.109998 2.383294 0.034807
