Car -1 -1 -10 254.000000 192.000000 439.000000 294.000000 1.475904 1.642639 4.056864 -4.196972 1.605740 12.190524 -1.576167 0.999454
Car -1 -1 -10 577.000000 179.000000 611.000000 210.000000 1.560911 1.637517 4.116916 -0.764331 1.275778 39.824735 -1.590723 0.999159
Car -1 -1 -10 430.000000 185.000000 499.000000 234.000000 1.458337 1.577744 3.696633 -4.590040 1.527586 23.320351 -1.576479 0.996953
Car -1 -1 -10 -9.000000 179.000000 255.000000 292.000000 1.588177 1.644457 3.868356 -8.473238 1.574468 13.134594 -1.616930 0.982221
Car -1 -1 -10 265.000000 192.000000 350.000000 238.000000 1.458158 1.597754 3.808540 -8.449298 1.552946 21.130992 -1.465417 0.847791
Car -1 -1 -10 472.000000 184.000000 522.000000 217.000000 1.475964 1.620100 4.100780 -5.050854 1.448502 33.649983 -1.576283 0.800829
Car -1 -1 -10 171.000000 197.000000 362.000000 320.000000 1.459705 1.594722 4.023994 -4.711795 1.607776 10.244689 1.250842 0.790105
Car -1 -1 -10 501.000000 184.000000 540.000000 209.000000 1.553986 1.624221 3.848645 -5.409612 1.359617 42.403095 -2.824396 0.381878
Car -1 -1 -10 361.000000 181.000000 402.000000 207.000000 1.488931 1.613178 3.748776 -12.612167 1.282311 41.534879 -1.352157 0.086698
Car -1 -1 -10 371.000000 186.000000 427.000000 221.000000 1.513539 1.624762 3.827914 -8.834358 1.394045 31.849180 -1.700798 0.034160
