Pedestrian -1 -1 -10 452.000000 186.000000 461.000000 217.000000 1.705730 0.637387 0.631263 -9.307386 1.628359 45.453603 -2.294590 0.056205
Pedestrian -1 -1 -10 445.000000 184.000000 464.000000 210.000000 1.727306 0.583862 0.736320 -2.254594 1.288457 9.542406 2.763287 0.013364
Car -1 -1 -10 107.000000 180.000000 428.000000 373.000000 1.542204 1.630013 3.840363 -3.289399 1.561014 7.715481 -1.609201 0.999489
Car -1 -1 -10 559.000000 177.000000 604.000000 218.000000 1.532028 1.628351 3.777967 -1.153223 1.241322 30.995148 -1.601698 0.999361
Car -1 -1 -10 360.000000 187.000000 469.000000 263.000000 1.471248 1.567289 3.676366 -4.160774 1.548873 15.565814 -1.634338 0.997189
Car -1 -1 -10 94.000000 184.000000 217.000000 240.000000 1.464606 1.622832 4.008533 -13.072738 1.493431 21.183902 -1.567558 0.985368
Car -1 -1 -10 1.000000 197.000000 92.000000 324.000000 1.515761 1.626620 3.880874 -7.922279 1.747973 7.769274 -1.597239 0.905882
Car -1 -1 -10 103.000000 174.000000 193.000000 218.000000 1.466257 1.596806 4.036923 -16.957087 1.078583 26.188942 1.435883 0.232766
Car -1 -1 -10 330.000000 180.000000 375.000000 212.000000 1.451123 1.573076 3.722953 -9.110517 1.119222 24.259814 1.570206 0.041224
Car -1 -1 -10 119.000000 186.000000 299.000000 267.000000 1.582122 1.569602 3.710176 -8.982819 1.466192 17.183852 1.671195 0.011996
