Pedestrian -1 -1 -10 405.000000 169.000000 418.000000 207.000000 1.785693 0.673816 0.649106 -11.252383 1.685352 40.415280 1.432716 0.175965
Pedestrian -1 -1 -10 397.000000 174.000000 406.000000 207.000000 1.720624 0.587531 0.690019 -11.601562 1.808210 40.229244 -1.942455 0.104244
Pedestrian -1 -1 -10 386.000000 176.000000 409.000000 210.000000 1.780717 0.652556 1.080954 -11.653830 1.890015 39.942551 -0.287051 0.015211
Car -1 -1 -10 751.000000 173.000000 1022.000000 342.000000 1.514374 1.591081 3.550068 2.736684 1.543653 8.005456 -1.659098 0.999122
Car -1 -1 -10 584.000000 173.000000 641.000000 218.000000 1.530297 1.569756 3.605674 -0.024419 1.615514 26.874004 -1.734268 0.998370
Car -1 -1 -10 405.000000 181.000000 447.000000 216.000000 1.509255 1.609292 3.663398 -8.047739 1.895467 31.795516 -1.755977 0.989043
Car -1 -1 -10 143.000000 197.000000 362.000000 310.000000 1.505658 1.590513 3.703472 -5.248527 1.832273 10.882164 -1.862666 0.925251
Car -1 -1 -10 558.000000 175.000000 596.000000 205.000000 1.534961 1.565169 3.638966 -1.716180 1.678675 37.209371 -1.693405 0.889731
Car -1 -1 -10 269.000000 181.000000 399.000000 265.000000 1.471637 1.665609 4.077058 -6.053448 1.808817 15.815986 1.434341 0.441821
Car -1 -1 -10 418.000000 174.000000 454.000000 209.000000 1.566803 1.609706 3.650178 -9.565182 1.698557 40.901719 -1.772109 0.161752
Car -1 -1 -10 659.000000 180.000000 784.000000 253.000000 1.509278 1.608608 3.757745 1.894127 1.510462 14.868239 -1.741386 0.035180
Car -1 -1 -10 250.000000 187.000000 354.000000 325.000000 1.621590 1.574921 3.654350 -3.600464 1.782326 9.929314 0.684275 0.010573
Cyclist -1 -1 -10 353.000000 175.000000 431.000000 296.000000 1.716298 0.538598 1.771792 -3.343565 1.744124 11.011058 1.558326 0.999823
Cyclist -1 -1 -10 261.000000 176.000000 349.000000 329.000000 1.732965 0.543370 1.763533 -3.733351 1.756538 8.837660 1.396258 0.998520
Cyclist -1 -1 -10 273.000000 183.000000 381.000000 276.000000 1.663572 0.462831 1.786254 -5.515974 1.791394 15.474368 1.558446 0.758190
Cyclist -1 -1 -10 159.000000 191.000000 343.000000 302.000000 1.700518 0.753365 1.771893 -4.874040 1.899201 9.559443 2.204833 0.154677
Cyclist -1 -1 -10 402.000000 181.000000 448.000000 218.000000 1.752772 0.648857 1.776343 -7.682541 2.063824 30.547426 2.866834 0.093676
Cyclist -1 -1 -10 397.000000 174.000000 416.000000 214.000000 1.769479 0.650259 1.811993 -11.414364 1.568706 40.344277 -2.315859 0.034086
Cyclist -1 -1 -10 386.000000 176.000000 409.000000 210.000000 1.799292 0.632592 1.750457 -11.680940 1.858024 40.383407 -0.248299 0.023192
Cyclist -1 -1 -10 373.000000 177.000000 415.000000 219.000000 1.726995 0.529552 1.590337 -12.076404 1.586578 38.956076 1.789209 0.014347
Cyclist -1 -1 -10 396.000000 174.000000 407.000000 208.000000 1.684377 0.620310 1.656730 -11.839663 1.728345 40.404100 1.921133 0.013338
