Car -1 -1 -10 579.000000 177.000000 621.000000 214.000000 1.528365 1.638629 3.759410 -0.341551 1.162443 32.545870 -1.575558 0.999757
Car -1 -1 -10 322.000000 180.000000 479.000000 281.000000 1.506095 1.601896 3.747436 -3.612095 1.474825 13.072921 -1.535156 0.999406
Car -1 -1 -10 482.000000 183.000000 543.000000 224.000000 1.460775 1.658275 3.979892 -3.362733 1.340091 25.443827 -1.564785 0.998841
Car -1 -1 -10 78.000000 173.000000 286.000000 278.000000 1.649455 1.653881 3.971686 -7.850182 1.487492 13.729329 -1.567384 0.996341
Car -1 -1 -10 1.000000 185.000000 143.000000 263.000000 1.444463 1.603004 3.741965 -12.093410 1.549530 14.899277 1.573263 0.977908
Car -1 -1 -10 280.000000 183.000000 384.000000 240.000000 1.430841 1.623687 3.862787 -7.526981 1.479480 20.595761 -1.408917 0.894642
Car -1 -1 -10 442.000000 179.000000 491.000000 207.000000 1.565246 1.639689 3.944832 -7.931090 1.124500 39.585074 -1.771675 0.297496
Car -1 -1 -10 190.000000 179.000000 294.000000 235.000000 1.561338 1.599129 3.756858 -11.631521 1.411180 22.630274 -1.546382 0.084430
Car -1 -1 -10 251.000000 180.000000 342.000000 223.000000 1.519172 1.624054 3.971353 -12.276410 0.983494 28.743164 -3.393821 0.064405
Car -1 -1 -10 1.000000 185.000000 38.000000 309.000000 1.478741 1.616741 4.027899 -9.011955 1.758112 8.130505 -1.549820 0.040221
Car -1 -1 -10 336.000000 181.000000 406.000000 230.000000 1.603279 1.549771 3.683202 -13.006503 1.383256 38.314208 -1.901361 0.026437
