Car -1 -1 -10 694.000000 182.000000 840.000000 277.000000 1.472632 1.654838 4.073056 2.739683 1.629456 13.370827 -1.608243 0.999738
Car -1 -1 -10 242.000000 184.000000 464.000000 250.000000 1.430585 1.626401 4.019382 -5.970673 1.725413 17.231118 0.054523 0.995675
Car -1 -1 -10 671.000000 178.000000 734.000000 223.000000 1.406072 1.582142 3.848652 3.086450 1.632598 24.112779 -1.571247 0.995528
Car -1 -1 -10 -12.000000 185.000000 328.000000 309.000000 1.488166 1.561660 3.735656 -6.501245 1.677018 9.309126 -3.136331 0.993231
Car -1 -1 -10 646.000000 168.000000 683.000000 199.000000 1.588878 1.655313 3.966915 3.309046 1.584554 43.419859 -1.542311 0.968208
Car -1 -1 -10 896.000000 207.000000 1244.000000 371.000000 1.429614 1.606007 3.928046 2.983226 1.722095 3.353627 -1.622598 0.922380
Car -1 -1 -10 -2.000000 193.000000 200.000000 359.000000 1.544459 1.662319 4.195474 -6.740558 1.731246 6.904860 -3.168634 0.878567
Car -1 -1 -10 335.000000 169.000000 454.000000 225.000000 1.559184 1.631498 3.844547 -6.290596 1.519315 19.954032 -3.127374 0.811178
Car -1 -1 -10 472.000000 173.000000 541.000000 204.000000 1.573031 1.594010 3.767989 -5.615784 1.500834 38.658149 -2.793210 0.204061
Car -1 -1 -10 435.000000 176.000000 534.000000 213.000000 1.520177 1.580833 3.798273 -4.547257 1.736793 33.238630 0.304254 0.073999
