Pedestrian -1 -1 -10 424.000000 178.000000 442.000000 228.000000 1.868028 0.707368 0.868691 -6.270484 2.005229 25.462350 1.348582 0.957451
Pedestrian -1 -1 -10 405.000000 182.000000 421.000000 222.000000 1.810136 0.705161 0.782743 -7.024860 2.061023 25.383094 -1.782595 0.771817
Pedestrian -1 -1 -10 413.000000 182.000000 423.000000 226.000000 1.705196 0.559823 0.594294 -6.850749 1.879230 25.359680 2.312923 0.067508
Pedestrian -1 -1 -10 410.000000 180.000000 436.000000 230.000000 1.841233 0.654425 0.891220 -6.606864 1.857490 25.393669 -1.537409 0.056057
Pedestrian -1 -1 -10 398.000000 195.000000 474.000000 253.000000 1.768540 0.750145 0.998126 -4.304404 2.216509 17.459625 -3.332211 0.018094
Pedestrian -1 -1 -10 725.000000 184.000000 753.000000 217.000000 1.773918 0.645673 0.644944 5.786138 2.031415 34.168506 -1.919534 0.016451
Car -1 -1 -10 699.000000 183.000000 837.000000 281.000000 1.498828 1.577731 3.576529 2.675679 1.698666 12.995771 -1.595327 0.999741
Car -1 -1 -10 394.000000 196.000000 479.000000 253.000000 1.420082 1.574343 3.749306 -4.540048 2.013615 19.196073 -1.629234 0.998950
Car -1 -1 -10 656.000000 183.000000 714.000000 232.000000 1.471516 1.597440 3.498620 2.332020 1.815538 23.256385 -1.589479 0.995674
Car -1 -1 -10 447.000000 181.000000 506.000000 230.000000 1.625211 1.668957 4.261565 -5.018187 2.034307 28.482967 -1.583951 0.990136
Car -1 -1 -10 633.000000 180.000000 666.000000 210.000000 1.570709 1.612597 3.935526 2.234219 1.991190 39.190486 -1.597606 0.984155
Car -1 -1 -10 493.000000 185.000000 532.000000 213.000000 1.586645 1.627176 3.917660 -5.524403 2.230454 42.428919 1.561792 0.729679
Car -1 -1 -10 0.000000 220.000000 120.000000 372.000000 1.548164 1.616206 3.944826 -4.612384 1.834493 3.477333 1.531834 0.496457
Car -1 -1 -10 469.000000 184.000000 517.000000 222.000000 1.506327 1.554889 3.609106 -4.877977 1.923574 27.934995 -1.572905 0.024915
Cyclist -1 -1 -10 725.000000 184.000000 750.000000 217.000000 1.697633 0.577869 1.683687 5.713117 1.986802 33.851230 -1.231443 0.082141
Cyclist -1 -1 -10 406.000000 182.000000 432.000000 223.000000 1.755779 0.678132 1.722549 -6.896982 1.805202 25.562263 -0.317896 0.024473
Cyclist -1 -1 -10 418.000000 180.000000 442.000000 226.000000 1.686997 0.665764 1.707322 -6.334187 1.670642 25.626382 0.786506 0.017119
