Pedestrian -1 -1 -10 401.000000 167.000000 429.000000 245.000000 1.781686 0.721005 0.732325 -4.293587 1.701266 15.903911 -1.405950 0.911006
Pedestrian -1 -1 -10 424.000000 168.000000 442.000000 244.000000 1.747009 0.651739 0.745329 -4.917574 1.311021 19.055301 -1.375669 0.107351
Pedestrian -1 -1 -10 410.000000 169.000000 450.000000 250.000000 1.758378 0.778207 0.661389 -4.817444 1.405663 18.573422 -1.440586 0.022429
Car -1 -1 -10 664.000000 179.000000 717.000000 221.000000 1.378870 1.593527 3.822352 2.882021 1.640178 26.883592 -1.578334 0.998727
Car -1 -1 -10 224.000000 183.000000 481.000000 356.000000 1.545600 1.645542 4.050695 -2.616969 1.716472 8.308978 -1.589256 0.998581
Car -1 -1 -10 404.000000 183.000000 537.000000 279.000000 1.525161 1.632134 3.943954 -2.594806 1.728229 13.544645 -1.522006 0.997751
Car -1 -1 -10 715.000000 183.000000 882.000000 300.000000 1.447316 1.603882 3.814244 2.701084 1.675831 11.136291 -1.571061 0.994972
Car -1 -1 -10 553.000000 178.000000 586.000000 209.000000 1.587348 1.649702 4.084025 -2.321510 1.903494 40.858369 -1.626024 0.991814
Car -1 -1 -10 770.000000 170.000000 1197.000000 375.000000 1.562207 1.629568 3.769210 2.436965 1.583805 5.636076 -1.557731 0.978639
Car -1 -1 -10 648.000000 179.000000 690.000000 208.000000 1.534519 1.643253 4.001690 3.220079 1.849425 39.556095 -1.644257 0.902941
Car -1 -1 -10 643.000000 179.000000 670.000000 204.000000 1.516480 1.542895 3.294839 2.783941 2.179838 51.482030 1.648662 0.255966
Car -1 -1 -10 755.000000 179.000000 971.000000 336.000000 1.529025 1.673177 3.864656 2.512771 1.569084 5.493804 -1.547044 0.016068
Cyclist -1 -1 -10 389.000000 170.000000 434.000000 246.000000 1.763887 0.674286 1.681736 -4.677478 1.429902 17.049864 0.692799 0.154173
Cyclist -1 -1 -10 356.000000 173.000000 471.000000 243.000000 1.667942 0.612950 1.834902 -4.887824 1.283397 18.705118 -2.399706 0.025806
Cyclist -1 -1 -10 401.000000 183.000000 537.000000 280.000000 1.682018 0.570558 1.711088 -2.087882 1.703028 12.137000 1.784390 0.016095
