Pedestrian -1 -1 -10 748.000000 177.000000 756.000000 203.000000 1.787653 0.619243 0.511971 3.915535 1.667861 20.015281 3.218760 0.028400
Pedestrian -1 -1 -10 749.000000 179.000000 760.000000 211.000000 1.760702 0.603244 0.506142 3.768915 1.779152 18.600867 -2.039569 0.011192
Car -1 -1 -10 538.000000 185.000000 580.000000 213.000000 1.496303 1.670967 4.105700 -2.997103 2.220692 40.543265 1.596187 0.999259
Car -1 -1 -10 301.000000 193.000000 445.000000 288.000000 1.477264 1.616174 3.998001 -4.405763 1.936036 13.714374 1.579765 0.998599
Car -1 -1 -10 108.000000 205.000000 353.000000 359.000000 1.442536 1.587071 3.819427 -4.612828 1.897437 9.158939 1.585595 0.995499
Car -1 -1 -10 737.000000 178.000000 841.000000 258.000000 1.709819 1.688369 4.253926 4.237723 1.817255 17.927241 -1.521609 0.984538
Car -1 -1 -10 717.000000 185.000000 772.000000 234.000000 1.477367 1.563958 3.640647 4.482637 2.119847 24.255576 -1.490889 0.964207
Car -1 -1 -10 3.000000 201.000000 185.000000 372.000000 1.512751 1.612021 3.821752 -4.615915 1.717916 4.371599 1.548379 0.927260
Car -1 -1 -10 704.000000 184.000000 753.000000 224.000000 1.563501 1.597607 3.731928 4.770739 2.108798 30.252812 -1.599758 0.806110
Car -1 -1 -10 698.000000 184.000000 735.000000 216.000000 1.531469 1.586080 3.609006 5.255702 2.125193 35.110628 -1.508267 0.375233
Car -1 -1 -10 561.000000 184.000000 590.000000 209.000000 1.539678 1.588292 3.755976 -2.124292 2.451335 46.004263 1.835618 0.237048
