Pedestrian -1 -1 -10 415.000000 172.000000 454.000000 206.000000 1.803953 0.720820 1.020797 -8.938425 1.087456 36.430440 -1.597697 0.013678
Car -1 -1 -10 573.000000 175.000000 612.000000 210.000000 1.511252 1.590341 3.681221 -0.702631 1.091583 35.083676 -1.570119 0.999518
Car -1 -1 -10 149.000000 184.000000 389.000000 312.000000 1.481297 1.625159 3.967026 -4.680961 1.539065 10.665699 -1.587921 0.999265
Car -1 -1 -10 393.000000 185.000000 480.000000 240.000000 1.434331 1.595065 3.772879 -4.601217 1.419150 19.848842 -1.579394 0.998852
Car -1 -1 -10 52.000000 176.000000 209.000000 247.000000 1.499783 1.626233 3.764435 -12.186588 1.345440 18.781269 -1.590806 0.995238
Car -1 -1 -10 335.000000 179.000000 404.000000 220.000000 1.479332 1.557285 3.501289 -8.993249 1.329857 27.646992 -1.602590 0.773401
Car -1 -1 -10 434.000000 179.000000 492.000000 222.000000 1.497013 1.591219 3.766270 -5.458851 1.284640 27.781259 -1.597555 0.648968
Car -1 -1 -10 412.000000 172.000000 455.000000 205.000000 1.535830 1.653301 3.949170 -8.915819 0.685521 38.410784 -1.686380 0.394399
Car -1 -1 -10 0.000000 180.000000 100.000000 315.000000 1.509127 1.615668 3.860741 -8.427948 1.603009 8.775735 -1.595634 0.055077
Car -1 -1 -10 398.000000 177.000000 464.000000 215.000000 1.548951 1.643838 3.819381 -9.009940 0.566941 38.305650 -1.670955 0.010416
