Car -1 -1 -10 782.000000 203.000000 1097.000000 373.000000 1.488296 1.591580 3.591615 2.964362 1.802974 7.332993 -1.616433 0.998706
Car -1 -1 -10 85.000000 178.000000 345.000000 288.000000 1.534360 1.649740 3.836341 -6.576537 1.737699 12.028964 -3.230698 0.990346
Car -1 -1 -10 723.000000 175.000000 869.000000 232.000000 1.725766 1.664798 4.061865 6.124137 1.947671 25.084604 3.084053 0.973608
Car -1 -1 -10 395.000000 183.000000 499.000000 218.000000 1.560599 1.680343 3.981822 -6.765631 1.973504 30.807113 -3.144039 0.961944
Car -1 -1 -10 794.000000 188.000000 1043.000000 280.000000 1.521996 1.614148 4.218014 6.387324 1.834695 14.694861 3.194742 0.915254
Car -1 -1 -10 -10.000000 171.000000 233.000000 377.000000 1.657626 1.620212 3.985424 -6.129958 1.727985 6.764732 -0.041983 0.830585
Car -1 -1 -10 435.000000 180.000000 521.000000 214.000000 1.661389 1.724684 4.230952 -6.700894 1.895795 35.926879 -3.230713 0.810456
Car -1 -1 -10 319.000000 183.000000 453.000000 236.000000 1.534023 1.560236 3.946003 -6.666520 1.876512 21.305316 0.001786 0.684751
Car -1 -1 -10 788.000000 183.000000 956.000000 253.000000 1.534352 1.642130 4.023818 6.564391 1.839298 17.242887 0.137287 0.629850
Car -1 -1 -10 -1.000000 179.000000 82.000000 383.000000 1.538597 1.611058 4.017619 -5.673109 1.827415 4.459108 0.013806 0.050916
Cyclist -1 -1 -10 813.000000 192.000000 1066.000000 286.000000 1.674959 0.662290 1.696274 6.571663 1.769183 14.448153 2.498192 0.027762
