Pedestrian -1 -1 -10 457.000000 176.000000 471.000000 206.000000 1.865200 0.638303 0.855340 -9.521195 1.646925 46.990183 0.315741 0.288552
Pedestrian -1 -1 -10 521.000000 174.000000 530.000000 203.000000 1.751830 0.619496 0.556900 -5.575449 1.371835 47.467649 0.528437 0.189158
Pedestrian -1 -1 -10 578.000000 171.000000 595.000000 199.000000 1.787418 0.603258 0.759063 -1.362707 1.236978 48.538278 -3.015854 0.044242
Pedestrian -1 -1 -10 508.000000 173.000000 516.000000 199.000000 1.782017 0.660891 0.824847 -6.552679 1.120040 49.631423 -0.133775 0.012234
Pedestrian -1 -1 -10 518.000000 176.000000 539.000000 202.000000 1.744724 0.678893 0.822796 -4.261109 1.737086 40.744748 -1.501049 0.010290
Car -1 -1 -10 524.000000 178.000000 559.000000 204.000000 1.550101 1.646219 3.947769 -3.749496 1.307276 42.539512 -1.600877 0.998227
Car -1 -1 -10 889.000000 150.000000 1007.000000 189.000000 1.535346 1.630371 4.101364 13.699454 0.342822 28.454924 3.109693 0.982120
Cyclist -1 -1 -10 396.000000 181.000000 419.000000 216.000000 1.766156 0.530688 1.839704 -10.545610 1.857405 37.594311 -1.452742 0.971430
Cyclist -1 -1 -10 624.000000 172.000000 656.000000 197.000000 1.751444 0.625213 1.800369 2.141726 1.116116 47.583862 0.033051 0.951692
Cyclist -1 -1 -10 574.000000 174.000000 601.000000 199.000000 1.752456 0.554785 1.639094 -1.409374 1.139847 48.709249 2.513394 0.755957
