Pedestrian -1 -1 -10 98.000000 164.000000 127.000000 262.000000 1.752919 0.660151 0.740492 -12.330667 1.361153 17.943525 1.503434 0.742979
Pedestrian -1 -1 -10 75.000000 169.000000 134.000000 276.000000 1.804032 0.636814 0.716040 -11.929562 1.561100 17.059794 -1.799145 0.011782
Car -1 -1 -10 662.000000 175.000000 736.000000 237.000000 1.730893 1.672105 4.141167 2.716536 1.865237 22.846405 -1.608953 0.997774
Car -1 -1 -10 343.000000 182.000000 473.000000 238.000000 1.535621 1.618941 4.286880 -6.344926 1.859365 20.782510 0.070333 0.989788
Car -1 -1 -10 875.000000 219.000000 1242.000000 374.000000 1.426050 1.609673 3.906607 2.873836 1.708229 3.584983 -1.586785 0.956464
Car -1 -1 -10 206.000000 185.000000 428.000000 263.000000 1.488321 1.551135 3.698937 -6.289320 1.852941 17.212380 0.551783 0.910973
Car -1 -1 -10 377.000000 174.000000 504.000000 225.000000 1.501327 1.632946 3.907058 -6.621028 1.849757 27.094633 -3.131230 0.884616
Car -1 -1 -10 634.000000 180.000000 663.000000 205.000000 1.550215 1.659024 3.972873 2.758291 1.940406 45.671719 -1.500594 0.603341
Car -1 -1 -10 647.000000 181.000000 694.000000 220.000000 1.511929 1.596982 3.888915 2.555161 1.961453 33.858666 -1.585693 0.592055
Car -1 -1 -10 467.000000 178.000000 542.000000 204.000000 1.534059 1.579501 3.957412 -5.794164 1.900400 48.798543 -1.097643 0.129144
Car -1 -1 -10 428.000000 177.000000 524.000000 213.000000 1.577063 1.597963 3.755799 -5.868433 1.749742 37.005925 -1.642678 0.092762
Car -1 -1 -10 1.000000 199.000000 167.000000 322.000000 1.579551 1.573398 3.427958 -7.823415 1.849573 10.185751 -2.137711 0.044898
Cyclist -1 -1 -10 199.000000 182.000000 408.000000 280.000000 1.623777 0.626418 1.699641 -4.428926 1.936331 11.826860 2.586968 0.010757
