Pedestrian -1 -1 -10 548.000000 163.000000 583.000000 259.000000 1.790094 0.617871 1.022081 -0.786209 1.501746 13.639710 -2.696249 0.999094
Pedestrian -1 -1 -10 867.000000 154.000000 951.000000 358.000000 1.754720 0.678649 0.953963 2.709041 1.498668 6.485529 -1.557501 0.998732
Pedestrian -1 -1 -10 771.000000 165.000000 843.000000 362.000000 1.735088 0.554884 0.809023 1.769849 1.561408 6.528858 -1.692991 0.998254
Pedestrian -1 -1 -10 997.000000 158.000000 1043.000000 269.000000 1.787662 0.522229 0.837694 6.201508 1.556248 10.819419 3.005924 0.996767
Pedestrian -1 -1 -10 205.000000 163.000000 279.000000 339.000000 1.746066 0.663793 1.004599 -3.789105 1.557362 7.468577 -2.029528 0.994838
Pedestrian -1 -1 -10 720.000000 165.000000 746.000000 238.000000 1.709065 0.582048 0.904045 2.958764 1.270826 16.564986 -1.865418 0.977176
Pedestrian -1 -1 -10 1134.000000 147.000000 1188.000000 263.000000 1.723904 0.584027 0.854423 8.159481 1.237483 10.551939 3.278086 0.972407
Pedestrian -1 -1 -10 954.000000 153.000000 989.000000 249.000000 1.705993 0.620322 0.578440 6.722977 1.251322 13.059445 3.134013 0.931701
Pedestrian -1 -1 -10 492.000000 172.000000 512.000000 227.000000 1.794750 0.658166 0.828035 -3.266135 1.444116 22.858139 2.453309 0.546475
Pedestrian -1 -1 -10 126.000000 172.000000 223.000000 329.000000 1.743630 0.730755 0.689246 -5.055949 1.613526 8.510288 2.556854 0.288788
Pedestrian -1 -1 -10 1017.000000 152.000000 1037.000000 205.000000 1.781838 0.751144 0.440431 9.883944 0.904558 16.852174 2.085423 0.048314
Pedestrian -1 -1 -10 428.000000 170.000000 451.000000 223.000000 1.741744 0.740852 0.703942 -5.725063 1.459340 25.740001 -1.609116 0.044975
Car -1 -1 -10 461.000000 165.000000 539.000000 218.000000 1.732524 1.693410 3.968851 -3.951975 1.232643 26.800826 1.501153 0.039581
Car -1 -1 -10 485.000000 165.000000 522.000000 226.000000 1.867497 1.741271 4.231417 -3.826198 1.354821 27.000281 1.456081 0.018722
Car -1 -1 -10 503.000000 166.000000 545.000000 208.000000 1.669670 1.646257 4.089545 -3.879952 0.960056 34.747552 -1.549665 0.011470
Cyclist -1 -1 -10 124.000000 170.000000 222.000000 329.000000 1.702859 0.532773 1.774943 -5.130988 1.594475 8.531853 0.978873 0.918580
Cyclist -1 -1 -10 488.000000 167.000000 526.000000 227.000000 1.737049 0.546228 1.691037 -2.842430 1.352662 22.506399 2.461706 0.322573
Cyclist -1 -1 -10 1131.000000 146.000000 1189.000000 265.000000 1.755929 0.566399 1.660435 8.315608 1.223758 10.705784 3.246150 0.113855
Cyclist -1 -1 -10 197.000000 166.000000 281.000000 329.000000 1.819742 0.508811 1.735367 -3.888570 1.634316 7.484329 -2.502685 0.084615
Cyclist -1 -1 -10 505.000000 166.000000 539.000000 222.000000 1.695958 0.549675 1.776280 -2.560109 1.424129 22.152835 1.589299 0.048907
Cyclist -1 -1 -10 546.000000 163.000000 582.000000 262.000000 1.847045 0.584619 1.758198 -0.803096 1.515834 13.738582 -2.471829 0.015356
