Car -1 -1 -10 788.000000 183.000000 1073.000000 363.000000 1.487759 1.595497 3.609881 3.143983 1.671367 7.865564 -1.572070 0.999248
Car -1 -1 -10 22.000000 183.000000 353.000000 282.000000 1.512571 1.689213 4.224309 -6.631170 1.661631 11.518414 -3.182387 0.999016
Car -1 -1 -10 678.000000 181.000000 736.000000 223.000000 1.474559 1.584885 3.470516 3.517130 1.770900 26.372069 -1.611458 0.998350
Car -1 -1 -10 333.000000 179.000000 476.000000 238.000000 1.563687 1.578065 3.842306 -6.096914 1.649964 21.489126 -3.138858 0.997571
Car -1 -1 -10 382.000000 176.000000 508.000000 226.000000 1.521386 1.624317 4.137437 -5.568188 1.692672 25.058061 -3.195687 0.989653
Car -1 -1 -10 233.000000 181.000000 429.000000 249.000000 1.513721 1.644769 3.887392 -6.534469 1.714387 17.018196 -3.130103 0.984946
Car -1 -1 -10 722.000000 176.000000 900.000000 281.000000 1.582466 1.631501 3.811603 3.349884 1.720510 13.042213 -1.572825 0.979345
Car -1 -1 -10 3.000000 224.000000 96.000000 379.000000 1.525330 1.606927 4.006426 -5.324177 1.739361 4.146620 0.001740 0.545848
Car -1 -1 -10 446.000000 176.000000 542.000000 211.000000 1.551098 1.665436 4.051214 -5.149448 1.520262 33.325249 -3.176874 0.496092
Car -1 -1 -10 702.000000 177.000000 789.000000 224.000000 1.558551 1.524241 3.553848 7.178962 1.780730 34.720656 0.015721 0.114204
