Pedestrian -1 -1 -10 907.000000 136.000000 989.000000 332.000000 1.803010 0.661263 0.999573 3.347835 1.348906 7.031136 1.364015 0.998945
Pedestrian -1 -1 -10 622.000000 143.000000 690.000000 354.000000 1.735975 0.611282 0.819942 0.470046 1.436656 6.478426 1.138917 0.998411
Pedestrian -1 -1 -10 756.000000 153.000000 823.000000 339.000000 1.714465 0.553193 0.713679 1.715189 1.448022 6.860290 1.335428 0.995789
Pedestrian -1 -1 -10 798.000000 150.000000 906.000000 366.000000 1.647590 0.513746 0.508286 1.322637 1.513527 3.657529 0.883395 0.968641
Pedestrian -1 -1 -10 536.000000 150.000000 556.000000 206.000000 1.673500 0.623000 0.847658 -1.847376 0.716286 20.778158 -2.269230 0.943214
Pedestrian -1 -1 -10 635.000000 143.000000 658.000000 202.000000 1.758020 0.576017 0.495221 1.304350 0.513796 21.986054 2.193885 0.924236
Pedestrian -1 -1 -10 1030.000000 161.000000 1230.000000 369.000000 1.743611 0.577253 0.627625 1.546761 1.585520 2.050053 1.158918 0.889059
Pedestrian -1 -1 -10 824.000000 142.000000 888.000000 317.000000 1.706709 0.606554 0.742139 2.468012 1.108871 6.985531 0.382587 0.831904
Pedestrian -1 -1 -10 245.000000 132.000000 275.000000 261.000000 1.714958 0.522559 0.697243 -5.806158 0.997421 11.761446 -0.035708 0.679866
Pedestrian -1 -1 -10 520.000000 141.000000 539.000000 200.000000 1.735983 0.719267 0.687324 -2.215169 0.587886 20.180585 -2.754725 0.662271
Pedestrian -1 -1 -10 256.000000 134.000000 285.000000 250.000000 1.777838 0.623254 0.737196 -5.862759 1.176248 11.930604 -2.629446 0.494965
Pedestrian -1 -1 -10 234.000000 126.000000 265.000000 279.000000 1.771191 0.665553 0.644173 -4.508748 1.892655 8.944590 -1.463917 0.070430
Pedestrian -1 -1 -10 628.000000 149.000000 664.000000 249.000000 1.756008 0.524655 0.727504 0.534867 1.336741 13.367412 0.196625 0.068471
Pedestrian -1 -1 -10 516.000000 143.000000 531.000000 186.000000 1.738455 0.590767 0.723239 -3.648609 0.335711 29.982926 2.484082 0.046990
Pedestrian -1 -1 -10 547.000000 146.000000 561.000000 187.000000 1.744329 0.545851 0.581748 -1.938619 0.358328 28.832052 1.979721 0.045057
Pedestrian -1 -1 -10 238.000000 136.000000 306.000000 245.000000 1.817529 0.535710 0.863859 -5.641676 1.056901 11.866280 0.037638 0.032439
Pedestrian -1 -1 -10 351.000000 141.000000 386.000000 206.000000 1.689091 0.572401 0.567134 -5.597938 1.350498 16.899776 -2.422989 0.017978
Pedestrian -1 -1 -10 859.000000 146.000000 962.000000 346.000000 1.766384 0.547260 0.763872 4.010911 1.045032 9.673293 3.420411 0.010210
Car -1 -1 -10 1039.000000 156.000000 1226.000000 368.000000 1.546546 1.596541 3.806028 1.605835 1.247705 3.130204 -0.949690 0.016435
Cyclist -1 -1 -10 341.000000 141.000000 389.000000 209.000000 1.697031 0.481972 1.444753 -7.863997 1.019654 21.700981 -1.930770 0.754955
Cyclist -1 -1 -10 286.000000 146.000000 352.000000 202.000000 1.679336 0.417753 1.612100 -8.216291 1.036583 20.166607 -2.409084 0.267803
Cyclist -1 -1 -10 315.000000 144.000000 369.000000 200.000000 1.683473 0.576891 1.577387 -8.087257 0.908077 21.546237 -1.972993 0.125084
Cyclist -1 -1 -10 238.000000 136.000000 306.000000 245.000000 1.750791 0.663249 1.712596 -5.646040 1.161629 11.843085 0.569279 0.101932
Cyclist -1 -1 -10 633.000000 143.000000 659.000000 206.000000 1.813202 0.621686 1.796288 1.142580 0.532477 21.938128 -2.066861 0.094955
Cyclist -1 -1 -10 268.000000 140.000000 319.000000 214.000000 1.760499 0.645485 1.775888 -7.854083 0.558188 17.546845 1.163287 0.089705
Cyclist -1 -1 -10 309.000000 141.000000 343.000000 197.000000 1.687768 0.439062 1.472091 -6.494459 1.234848 16.198184 -1.894104 0.080187
Cyclist -1 -1 -10 1037.000000 152.000000 1224.000000 365.000000 1.660258 0.612696 1.702092 1.765631 1.411640 2.083540 1.133547 0.068000
Cyclist -1 -1 -10 799.000000 145.000000 905.000000 355.000000 1.666978 0.748582 1.717307 1.431252 1.409466 3.435315 1.050596 0.055558
Cyclist -1 -1 -10 254.000000 133.000000 285.000000 250.000000 1.697031 0.481972 1.444753 -5.565580 1.668715 11.809915 -2.046425 0.034625
Cyclist -1 -1 -10 536.000000 146.000000 557.000000 203.000000 1.742563 0.528422 1.741644 -1.875389 0.741386 20.615502 -2.258458 0.020915
Cyclist -1 -1 -10 244.000000 132.000000 272.000000 261.000000 1.649617 0.680704 1.710891 -5.676471 1.087312 11.493905 2.137426 0.019514
