Pedestrian -1 -1 -10 453.000000 174.000000 468.000000 207.000000 1.861206 0.569029 1.027240 -9.256745 1.506649 44.068298 0.305954 0.484567
Pedestrian -1 -1 -10 508.000000 171.000000 517.000000 202.000000 1.795776 0.666251 0.759468 -6.013592 1.166540 44.992401 -2.132155 0.120411
Pedestrian -1 -1 -10 595.000000 168.000000 608.000000 197.000000 1.839554 0.565362 0.869593 -0.288499 1.070922 46.812924 1.059203 0.032965
Pedestrian -1 -1 -10 569.000000 173.000000 581.000000 200.000000 1.756752 0.663556 0.882430 -2.130115 1.176619 45.064189 -2.605117 0.032851
Car -1 -1 -10 517.000000 177.000000 554.000000 205.000000 1.438777 1.606266 3.925499 -3.830738 1.243891 39.202656 -1.607962 0.990603
Car -1 -1 -10 930.000000 147.000000 1068.000000 191.000000 1.563950 1.635659 4.110658 13.822648 0.389462 25.000758 3.107875 0.967351
Cyclist -1 -1 -10 383.000000 179.000000 410.000000 214.000000 1.708255 0.458818 1.737994 -10.414685 1.656942 35.435972 -1.529612 0.964687
Cyclist -1 -1 -10 641.000000 169.000000 675.000000 197.000000 1.740979 0.699399 1.843730 3.227278 1.073732 44.116918 0.032658 0.598810
Cyclist -1 -1 -10 586.000000 171.000000 617.000000 198.000000 1.734398 0.593838 1.772568 -0.287099 1.154438 46.770296 -0.064667 0.075162
Cyclist -1 -1 -10 454.000000 174.000000 470.000000 207.000000 1.795481 0.465213 1.720856 -9.112591 1.471905 43.906982 0.344385 0.014131
