Pedestrian -1 -1 -10 309.000000 163.000000 342.000000 270.000000 1.777339 0.685880 0.712541 -4.706362 1.626821 11.728933 -1.513399 0.967536
Pedestrian -1 -1 -10 354.000000 170.000000 386.000000 282.000000 1.749019 0.586625 0.739537 -4.870075 1.529398 14.414406 1.823676 0.818938
Pedestrian -1 -1 -10 311.000000 168.000000 374.000000 276.000000 1.741970 0.597554 0.575827 -4.605022 1.449498 11.937670 -2.397647 0.404034
Pedestrian -1 -1 -10 348.000000 175.000000 422.000000 279.000000 1.735694 0.694863 0.733618 -4.204382 1.469244 13.300977 -1.461523 0.185796
Pedestrian -1 -1 -10 998.000000 93.000000 1098.000000 299.000000 1.651340 0.569241 0.575309 4.736817 0.579064 7.232343 3.018720 0.140930
Pedestrian -1 -1 -10 281.000000 173.000000 350.000000 277.000000 1.759205 0.688264 0.654801 -4.708092 1.610275 11.652809 -1.449284 0.072278
Pedestrian -1 -1 -10 307.000000 180.000000 477.000000 272.000000 1.742192 0.697502 0.741838 -2.911569 1.965980 11.611373 -2.414993 0.058475
Car -1 -1 -10 662.000000 180.000000 730.000000 232.000000 1.458864 1.604998 3.774401 2.482401 1.641527 21.820116 -1.591231 0.999000
Car -1 -1 -10 763.000000 183.000000 1195.000000 376.000000 1.480156 1.616785 3.782825 2.479696 1.613672 6.121349 -1.607625 0.998386
Car -1 -1 -10 532.000000 179.000000 569.000000 214.000000 1.554724 1.659844 4.067036 -2.883266 1.899483 35.723149 -1.645883 0.996201
Car -1 -1 -10 189.000000 192.000000 490.000000 361.000000 1.535418 1.658143 4.031771 -2.782285 1.765144 8.447027 -1.537290 0.992037
Car -1 -1 -10 -12.000000 199.000000 346.000000 375.000000 1.493838 1.646086 4.056212 -2.717958 1.602928 3.506199 -1.601613 0.956636
Car -1 -1 -10 639.000000 179.000000 689.000000 213.000000 1.523380 1.630227 3.978500 2.550336 1.815973 34.617502 -1.677782 0.954883
Car -1 -1 -10 338.000000 187.000000 488.000000 265.000000 1.515598 1.639014 4.028222 -3.607751 1.700061 13.339353 -1.699275 0.777710
Car -1 -1 -10 632.000000 179.000000 666.000000 206.000000 1.618485 1.636398 3.663794 2.273211 1.947714 50.814610 -1.540262 0.468876
Car -1 -1 -10 254.000000 186.000000 460.000000 293.000000 1.480653 1.582625 3.844818 -3.973012 1.541446 12.539228 -3.060772 0.086593
Car -1 -1 -10 1119.000000 216.000000 1239.000000 368.000000 1.528690 1.552477 3.475459 2.584509 1.429540 3.179861 -0.909519 0.074294
Car -1 -1 -10 348.000000 175.000000 422.000000 279.000000 1.472794 1.510323 3.547425 -3.780345 1.247720 13.446393 0.732177 0.019958
Cyclist -1 -1 -10 348.000000 185.000000 485.000000 267.000000 1.668048 0.588581 1.685765 -2.993860 1.732655 12.376187 1.799828 0.160163
Cyclist -1 -1 -10 348.000000 174.000000 403.000000 280.000000 1.664863 0.535582 1.735084 -4.909301 1.347617 14.425092 -2.021072 0.073181
Cyclist -1 -1 -10 287.000000 172.000000 352.000000 278.000000 1.686021 0.678531 1.770673 -4.675043 1.288634 11.748571 -2.530905 0.042091
Cyclist -1 -1 -10 180.000000 192.000000 494.000000 355.000000 1.729087 0.722881 1.902343 -2.294901 1.844529 7.149278 -1.418284 0.010785
