Car -1 -1 -10 693.000000 184.000000 806.000000 264.000000 1.384840 1.582111 3.952625 2.699498 1.654385 14.847152 -1.553594 0.999646
Car -1 -1 -10 551.000000 176.000000 587.000000 203.000000 1.457352 1.604899 3.607624 -2.117261 1.598768 38.932976 1.589474 0.998278
Car -1 -1 -10 -5.000000 176.000000 319.000000 326.000000 1.543973 1.598511 4.092977 -6.095774 1.676488 8.776157 0.036485 0.995736
Car -1 -1 -10 673.000000 179.000000 725.000000 223.000000 1.446378 1.609227 3.902638 2.977414 1.635713 24.124203 -1.579033 0.988113
Car -1 -1 -10 348.000000 174.000000 498.000000 230.000000 1.477170 1.599003 4.095422 -5.767437 1.796526 21.767612 0.136527 0.984601
Car -1 -1 -10 267.000000 174.000000 445.000000 245.000000 1.510949 1.636363 4.102389 -6.032223 1.404649 16.442690 0.009560 0.960194
Car -1 -1 -10 414.000000 174.000000 513.000000 215.000000 1.592773 1.610021 3.834789 -5.943298 1.631555 30.435080 -3.335165 0.881066
Car -1 -1 -10 647.000000 171.000000 681.000000 199.000000 1.551929 1.615070 3.735433 3.152899 1.563917 42.547896 -1.625836 0.876580
Car -1 -1 -10 480.000000 174.000000 548.000000 200.000000 1.539882 1.645513 3.945402 -5.785176 1.611821 46.206480 -0.049714 0.806826
Car -1 -1 -10 194.000000 171.000000 391.000000 263.000000 1.512453 1.647700 4.010967 -6.397129 1.482496 15.835119 -0.033362 0.255352
