Car -1 -1 -10 466.000000 171.000000 545.000000 233.000000 1.681203 1.684978 4.018386 -3.046322 1.689591 21.788437 1.588880 0.999749
Car -1 -1 -10 727.000000 179.000000 887.000000 320.000000 1.543592 1.537144 3.438501 2.416798 1.687188 9.680824 -1.541082 0.999594
Car -1 -1 -10 520.000000 174.000000 567.000000 215.000000 1.479604 1.577241 3.684249 -2.961016 1.648182 29.383189 -1.548761 0.997143
Car -1 -1 -10 688.000000 183.000000 795.000000 269.000000 1.494409 1.580138 3.609883 2.394474 1.695761 14.295873 -1.521328 0.994848
Car -1 -1 -10 150.000000 170.000000 387.000000 245.000000 1.475947 1.666387 4.065997 -7.242379 1.436385 15.374470 -3.148355 0.993318
Car -1 -1 -10 0.000000 229.000000 195.000000 371.000000 1.495044 1.621229 3.868657 -2.971394 1.592570 1.998311 -1.588121 0.951998
Car -1 -1 -10 1.000000 239.000000 72.000000 370.000000 1.513228 1.612672 3.759262 -2.608090 1.465817 1.557761 -1.730581 0.032667
Car -1 -1 -10 748.000000 183.000000 868.000000 263.000000 1.482435 1.535874 3.629233 3.716157 1.348873 15.004167 2.417802 0.029811
Cyclist -1 -1 -10 582.000000 168.000000 604.000000 222.000000 1.774134 0.652902 1.827314 -0.598232 1.635217 24.907509 1.691279 0.998709
Cyclist -1 -1 -10 579.000000 169.000000 600.000000 200.000000 1.687095 0.477887 1.485967 -0.503128 1.114151 14.971536 -1.634053 0.017432
