Pedestrian -1 -1 -10 636.000000 156.000000 663.000000 230.000000 1.718365 0.625286 0.866144 1.123523 1.155664 17.430063 1.245720 0.989869
Pedestrian -1 -1 -10 81.000000 157.000000 188.000000 374.000000 1.730392 0.754384 0.895581 -4.004855 1.550085 6.090902 1.047907 0.987939
Pedestrian -1 -1 -10 9.000000 161.000000 109.000000 369.000000 1.718449 0.667990 0.688626 -4.619228 1.617499 6.032971 0.920239 0.922591
Pedestrian -1 -1 -10 2.000000 164.000000 61.000000 356.000000 1.788766 0.602662 0.906862 -5.312468 1.568839 6.720671 1.451390 0.870999
Pedestrian -1 -1 -10 492.000000 167.000000 509.000000 214.000000 1.761594 0.701583 0.818501 -3.832048 1.236271 26.793242 -1.217970 0.788602
Pedestrian -1 -1 -10 474.000000 168.000000 492.000000 215.000000 1.715252 0.587346 0.817365 -4.424130 1.153987 26.534270 -1.877137 0.650241
Pedestrian -1 -1 -10 352.000000 167.000000 375.000000 220.000000 1.658984 0.606375 0.832139 -7.948631 1.188539 23.970792 -2.098840 0.278060
Pedestrian -1 -1 -10 43.000000 174.000000 147.000000 361.000000 1.770894 0.587447 0.864286 -4.313684 1.598462 5.958819 1.974602 0.259386
Pedestrian -1 -1 -10 442.000000 167.000000 452.000000 198.000000 1.817204 0.611236 0.660000 -9.177530 1.078483 42.396737 0.803996 0.217106
Pedestrian -1 -1 -10 1.000000 159.000000 29.000000 362.000000 1.783004 0.696097 0.689662 -5.487619 1.527727 6.742059 0.883839 0.181779
Pedestrian -1 -1 -10 28.000000 163.000000 76.000000 265.000000 1.805156 0.750966 0.685778 -10.261178 1.238562 13.401874 0.975254 0.099641
Pedestrian -1 -1 -10 82.000000 173.000000 335.000000 335.000000 1.723338 0.605263 0.806741 -4.298115 1.962975 8.499761 2.113757 0.067692
Pedestrian -1 -1 -10 89.000000 162.000000 134.000000 354.000000 1.782524 0.662034 0.770812 -5.234440 1.400122 7.810985 1.986954 0.052880
Pedestrian -1 -1 -10 415.000000 168.000000 425.000000 194.000000 1.806342 0.715131 0.777546 -14.007095 1.038927 55.391718 -0.140819 0.017768
Pedestrian -1 -1 -10 116.000000 183.000000 202.000000 329.000000 1.753111 0.639694 1.143576 -5.068859 1.646930 7.941052 -3.575072 0.013527
Car -1 -1 -10 131.000000 180.000000 355.000000 319.000000 1.531585 1.621257 3.959171 -4.749312 1.591276 10.277649 1.461029 0.995001
Car -1 -1 -10 81.000000 169.000000 208.000000 339.000000 1.614774 1.609013 3.871429 -6.109117 1.506121 7.916920 -3.600376 0.045883
Cyclist -1 -1 -10 367.000000 160.000000 434.000000 282.000000 1.789942 0.659731 1.813178 -3.208072 1.506942 11.379428 1.476103 0.999479
Cyclist -1 -1 -10 350.000000 167.000000 375.000000 220.000000 1.736700 0.598044 1.700272 -8.022369 1.215358 23.970008 -2.036851 0.520188
Cyclist -1 -1 -10 474.000000 167.000000 493.000000 215.000000 1.750263 0.583195 1.696542 -4.423109 1.164363 26.600090 -1.803315 0.080132
Cyclist -1 -1 -10 78.000000 174.000000 212.000000 353.000000 1.758557 0.547302 1.724291 -4.025435 1.586132 6.108940 -2.572888 0.032622
Cyclist -1 -1 -10 0.000000 162.000000 78.000000 354.000000 1.708913 0.539379 1.766093 -4.642085 1.488752 6.035342 1.335588 0.027038
