Car -1 -1 -10 444.000000 180.000000 501.000000 232.000000 1.571366 1.687191 3.602361 -4.562408 1.440208 24.125315 -1.728792 0.999572
Car -1 -1 -10 539.000000 177.000000 620.000000 243.000000 1.546880 1.666147 3.710171 -0.905459 1.396863 19.854085 -1.725414 0.999320
Car -1 -1 -10 79.000000 190.000000 284.000000 292.000000 1.447008 1.609756 3.884177 -6.996775 1.571433 12.337926 -1.713529 0.999143
Car -1 -1 -10 247.000000 184.000000 352.000000 241.000000 1.472163 1.650471 4.155939 -8.833385 1.459738 20.934541 -1.749055 0.997225
Car -1 -1 -10 348.000000 183.000000 398.000000 218.000000 1.463572 1.663192 4.178290 -10.618042 1.414615 32.711772 -1.748705 0.997128
Car -1 -1 -10 -1.000000 203.000000 73.000000 354.000000 1.576513 1.642605 3.845225 -6.351527 1.786113 5.634719 -1.640732 0.262180
Car -1 -1 -10 1.000000 169.000000 90.000000 282.000000 1.516655 1.609034 3.777672 -11.786384 1.571691 13.679779 1.516973 0.168276
Car -1 -1 -10 380.000000 182.000000 414.000000 211.000000 1.522611 1.629935 3.941953 -12.283509 1.292993 41.393150 -1.795965 0.164684
Car -1 -1 -10 143.000000 189.000000 214.000000 216.000000 1.529245 1.465974 3.256749 -17.509608 1.295480 27.775369 1.524499 0.063536
Car -1 -1 -10 305.000000 183.000000 343.000000 209.000000 1.510994 1.590682 3.593352 -3.838324 1.138683 9.481304 0.664029 0.035102
Car -1 -1 -10 177.000000 189.000000 242.000000 215.000000 1.478330 1.572592 3.703164 -16.839931 0.930785 31.375396 0.632755 0.019900
