Pedestrian -1 -1 -10 386.000000 175.000000 399.000000 203.000000 1.762458 0.650075 0.714988 -13.086817 1.320484 43.138096 1.741105 0.388959
Pedestrian -1 -1 -10 1004.000000 152.000000 1027.000000 215.000000 1.819204 0.655585 0.876717 10.420875 0.924532 18.158325 3.015756 0.033063
Pedestrian -1 -1 -10 1011.000000 163.000000 1036.000000 212.000000 1.739833 0.643841 0.486736 13.502233 1.752646 22.574776 -1.534544 0.015188
Car -1 -1 -10 438.000000 174.000000 470.000000 202.000000 1.545252 1.657765 3.837772 -8.441532 1.152170 39.599920 1.407207 0.997149
Car -1 -1 -10 248.000000 176.000000 325.000000 221.000000 1.762768 1.681276 4.272492 -14.348510 1.807919 32.114956 1.510414 0.994315
Car -1 -1 -10 905.000000 160.000000 1062.000000 208.000000 1.459397 1.624471 3.896497 12.333826 0.843093 23.831306 0.097679 0.990979
Car -1 -1 -10 -1.000000 202.000000 293.000000 365.000000 1.521346 1.611959 3.834546 -3.213769 1.622045 3.344338 -1.549935 0.977838
Cyclist -1 -1 -10 386.000000 174.000000 398.000000 204.000000 1.653925 0.574542 1.655550 -12.968098 1.985618 42.880023 -1.789104 0.054285
Cyclist -1 -1 -10 7.000000 201.000000 276.000000 360.000000 1.688598 0.643113 1.900743 -2.701138 1.718586 3.576020 1.635219 0.015994
Cyclist -1 -1 -10 909.000000 159.000000 1060.000000 206.000000 1.792717 0.570776 1.881731 11.823750 1.039566 23.136837 0.036285 0.013990
