Car -1 -1 -10 557.000000 178.000000 613.000000 231.000000 1.520084 1.635537 3.697361 -0.781046 1.352234 24.535702 -1.605701 0.999522
Car -1 -1 -10 454.000000 177.000000 528.000000 238.000000 1.548264 1.652222 3.893187 -3.384171 1.437300 21.527978 -1.600223 0.999024
Car -1 -1 -10 39.000000 168.000000 417.000000 373.000000 1.611046 1.646924 3.898195 -3.302905 1.535467 6.995809 -1.588000 0.998205
Car -1 -1 -10 393.000000 185.000000 451.000000 215.000000 1.454420 1.609429 3.810862 -8.356427 1.298631 32.619320 -1.607314 0.516382
Car -1 -1 -10 0.000000 191.000000 107.000000 323.000000 1.494286 1.605212 3.900554 -8.081692 1.577466 8.798690 -1.616169 0.415145
Car -1 -1 -10 359.000000 181.000000 406.000000 208.000000 1.547676 1.631255 3.974641 -12.853038 1.281407 41.132625 1.439175 0.331723
Car -1 -1 -10 502.000000 183.000000 541.000000 215.000000 1.523738 1.572738 3.702698 -4.302155 1.372813 34.780634 -1.615775 0.176287
Car -1 -1 -10 206.000000 181.000000 386.000000 265.000000 2.070564 1.664645 4.269045 -7.890695 1.997102 20.397080 -1.490983 0.121414
Car -1 -1 -10 6.000000 185.000000 230.000000 362.000000 1.485789 1.607812 3.700547 -3.026558 1.496003 6.324746 -1.493045 0.075444
Car -1 -1 -10 307.000000 180.000000 367.000000 216.000000 1.592659 1.583401 3.642516 -11.926427 0.998560 31.459448 0.707172 0.028394
Car -1 -1 -10 253.000000 178.000000 369.000000 240.000000 1.476117 1.627036 3.907435 -7.895953 1.148188 19.169796 1.617786 0.024587
