Car -1 -1 -10 601.000000 176.000000 679.000000 249.000000 1.579301 1.661654 3.664929 0.751439 1.348486 17.658242 -1.513026 0.999392
Car -1 -1 -10 136.000000 185.000000 399.000000 322.000000 1.477357 1.680023 4.228219 -4.409871 1.505581 10.126937 -1.598950 0.999171
Car -1 -1 -10 60.000000 182.000000 195.000000 247.000000 1.462979 1.588724 3.741685 -12.303370 1.439989 18.847809 -1.559377 0.994307
Car -1 -1 -10 650.000000 180.000000 689.000000 208.000000 1.492518 1.544226 3.729080 3.940385 1.121029 41.149690 -1.344106 0.751212
Car -1 -1 -10 0.000000 186.000000 71.000000 309.000000 1.556261 1.628938 3.872338 -8.153916 1.714022 7.936856 -1.600725 0.521424
Car -1 -1 -10 487.000000 175.000000 537.000000 202.000000 1.511834 1.576837 3.620830 -4.948471 0.395536 42.143795 -1.720631 0.125129
Car -1 -1 -10 320.000000 178.000000 372.000000 221.000000 1.480910 1.616126 3.859505 -8.415943 1.042480 24.958387 1.690352 0.117096
Car -1 -1 -10 153.000000 172.000000 224.000000 199.000000 1.520402 1.621022 3.854679 -22.865162 1.143115 39.511371 1.455667 0.063953
Car -1 -1 -10 617.000000 167.000000 654.000000 194.000000 1.550060 1.608759 3.748614 0.067008 1.123145 6.979042 2.627450 0.043193
Car -1 -1 -10 449.000000 167.000000 541.000000 207.000000 1.477472 1.588612 3.778370 -4.071372 0.840837 25.668632 -1.597547 0.011950
Car -1 -1 -10 240.000000 177.000000 326.000000 215.000000 1.526772 1.592878 3.756017 -11.779384 0.954335 25.881169 -1.750216 0.011675
