Car -1 -1 -10 574.000000 174.000000 611.000000 208.000000 1.555473 1.608505 3.734853 -0.777403 0.959909 36.730412 -1.587538 0.999556
Car -1 -1 -10 456.000000 180.000000 510.000000 219.000000 1.458175 1.577757 3.727952 -4.723488 1.261201 28.004006 -1.587608 0.998938
Car -1 -1 -10 88.000000 183.000000 368.000000 346.000000 1.462184 1.595051 3.731891 -4.308985 1.527093 8.884478 -1.524104 0.998397
Car -1 -1 -10 368.000000 180.000000 468.000000 245.000000 1.470795 1.632012 4.050572 -4.817623 1.384001 18.858929 -1.603261 0.998321
Car -1 -1 -10 322.000000 179.000000 397.000000 224.000000 1.472677 1.636047 3.872026 -8.938545 1.297715 25.640976 -1.567390 0.869422
Car -1 -1 -10 4.000000 164.000000 111.000000 264.000000 1.883977 1.721897 4.159236 -12.325352 1.477633 14.020812 -1.567871 0.611137
Car -1 -1 -10 159.000000 176.000000 324.000000 251.000000 1.498806 1.637483 3.803378 -8.650118 0.955347 17.059894 1.573307 0.517326
Car -1 -1 -10 379.000000 178.000000 441.000000 207.000000 1.559653 1.617398 3.739708 -12.593380 1.216544 43.385198 -1.842298 0.257732
Car -1 -1 -10 252.000000 178.000000 311.000000 207.000000 1.523039 1.633498 3.947290 -12.195302 1.192118 26.179559 -1.543775 0.013379
Car -1 -1 -10 204.000000 179.000000 318.000000 224.000000 1.516547 1.643331 3.962676 -12.295539 1.222663 25.945508 -1.515462 0.010639
