Car -1 -1 -10 573.000000 174.000000 614.000000 210.000000 1.534588 1.629482 3.910174 -0.709707 1.078482 33.322527 -1.577643 0.999563
Car -1 -1 -10 163.000000 188.000000 397.000000 316.000000 1.436051 1.609073 3.893172 -4.424363 1.532397 10.496503 -1.574044 0.999138
Car -1 -1 -10 344.000000 179.000000 452.000000 246.000000 1.479922 1.629647 3.938049 -5.301319 1.360570 18.397517 -1.570146 0.999013
Car -1 -1 -10 185.000000 187.000000 287.000000 238.000000 1.456356 1.620936 3.781683 -8.917800 1.461901 18.302464 -1.543975 0.943659
Car -1 -1 -10 1.000000 187.000000 111.000000 313.000000 1.471022 1.623301 3.873746 -8.521382 1.703858 9.060741 -1.634217 0.259845
Car -1 -1 -10 179.000000 183.000000 333.000000 258.000000 1.475885 1.607646 3.774547 -8.877514 1.536747 18.332300 -1.527045 0.226434
Car -1 -1 -10 349.000000 172.000000 409.000000 211.000000 1.505973 1.619514 3.915766 -8.648167 1.010082 27.977176 -1.419993 0.209934
Car -1 -1 -10 502.000000 175.000000 544.000000 203.000000 1.567224 1.679797 3.886656 -5.166167 0.916034 45.330107 1.504611 0.068573
Car -1 -1 -10 229.000000 186.000000 296.000000 226.000000 1.550663 1.630782 3.723321 -12.248390 1.022789 27.363345 1.174093 0.055823
Car -1 -1 -10 534.000000 163.000000 559.000000 192.000000 1.539903 1.598022 3.661457 -0.913318 0.921100 8.459774 -1.115526 0.031947
Car -1 -1 -10 249.000000 182.000000 330.000000 222.000000 1.546482 1.634780 3.920420 -12.086095 1.145516 27.731931 -1.593281 0.028828
Car -1 -1 -10 478.000000 174.000000 534.000000 212.000000 1.645510 1.620067 3.853921 -4.372011 1.001333 29.887160 -1.575414 0.019519
