Pedestrian -1 -1 -10 686.000000 165.000000 699.000000 206.000000 1.810163 0.675822 0.835209 4.325387 1.559355 37.534169 -1.910077 0.310125
Pedestrian -1 -1 -10 693.000000 168.000000 702.000000 208.000000 1.770364 0.662461 0.550513 4.379175 1.489020 37.635429 -1.893589 0.045838
Pedestrian -1 -1 -10 525.000000 177.000000 541.000000 217.000000 1.753266 0.723285 0.788369 -3.546758 1.935009 32.704019 1.428345 0.034199
Pedestrian -1 -1 -10 544.000000 172.000000 558.000000 208.000000 1.728057 0.614772 0.729708 -2.899649 1.921385 33.197560 1.915107 0.024143
Car -1 -1 -10 690.000000 172.000000 808.000000 270.000000 1.517444 1.578842 3.620951 2.590418 1.627030 13.982308 -1.589682 0.999448
Car -1 -1 -10 337.000000 182.000000 451.000000 261.000000 1.575545 1.616397 3.851561 -5.117347 1.903103 17.440197 1.572099 0.998706
Car -1 -1 -10 467.000000 184.000000 514.000000 218.000000 1.503485 1.684148 4.128788 -5.438709 2.030531 33.345023 1.555727 0.998085
Car -1 -1 -10 0.000000 202.000000 158.000000 377.000000 1.534606 1.644993 3.918889 -4.570043 1.733297 3.544282 -1.603058 0.394122
Cyclist -1 -1 -10 523.000000 176.000000 542.000000 217.000000 1.808253 0.623840 1.830863 -3.498158 1.844167 32.758895 1.497932 0.997894
Cyclist -1 -1 -10 539.000000 173.000000 558.000000 215.000000 1.751442 0.723467 1.856190 -2.922330 1.955775 33.082642 1.549015 0.934227
Cyclist -1 -1 -10 528.000000 177.000000 553.000000 212.000000 1.804051 0.678567 1.774621 -3.230053 1.901847 32.840762 0.437236 0.115679
Cyclist -1 -1 -10 547.000000 173.000000 558.000000 205.000000 1.807388 0.728708 1.781517 -2.854847 1.824900 33.484125 1.565597 0.044924
Cyclist -1 -1 -10 705.000000 176.000000 736.000000 204.000000 1.745557 0.686849 1.800514 5.928378 1.556676 38.172755 -2.945905 0.017805
Cyclist -1 -1 -10 537.000000 177.000000 549.000000 206.000000 1.710995 0.722744 1.759260 -2.932952 1.792958 33.075956 1.482506 0.010634
