Car -1 -1 -10 745.000000 190.000000 988.000000 348.000000 1.440773 1.575715 3.603011 2.856606 1.701615 8.711845 -1.570749 0.998288
Car -1 -1 -10 -3.000000 180.000000 277.000000 327.000000 1.569381 1.569920 3.858696 -6.188841 1.647025 8.871991 0.338746 0.997584
Car -1 -1 -10 636.000000 178.000000 669.000000 205.000000 1.427023 1.602574 3.842495 2.407027 1.834768 42.342765 -1.641582 0.994883
Car -1 -1 -10 801.000000 175.000000 1069.000000 271.000000 1.624670 1.654454 4.182133 6.034559 1.644578 13.712737 -0.038833 0.990803
Car -1 -1 -10 266.000000 180.000000 435.000000 247.000000 1.582353 1.633378 4.097300 -6.811622 1.754432 17.231142 -3.263510 0.990024
Car -1 -1 -10 324.000000 175.000000 458.000000 234.000000 1.489266 1.626390 3.885998 -6.300965 1.743327 21.782562 -2.593757 0.948307
Car -1 -1 -10 726.000000 180.000000 824.000000 226.000000 1.472170 1.550324 3.662069 6.571868 1.975728 26.125748 -0.073423 0.930260
Car -1 -1 -10 764.000000 180.000000 882.000000 238.000000 1.496223 1.585168 3.770423 5.838799 1.729084 19.513415 -0.158395 0.914420
Car -1 -1 -10 58.000000 182.000000 404.000000 263.000000 1.633370 1.583887 4.135502 -6.581627 1.713366 12.152802 -0.303785 0.794933
Car -1 -1 -10 429.000000 178.000000 525.000000 211.000000 1.563297 1.580857 3.717434 -6.043994 1.886005 36.977897 0.053366 0.637028
Cyclist -1 -1 -10 551.000000 176.000000 563.000000 207.000000 1.724876 0.603976 1.758325 -2.903805 1.938544 39.323556 1.615341 0.012467
