Car -1 -1 -10 578.000000 178.000000 620.000000 216.000000 1.550284 1.635856 3.820630 -0.359631 1.241582 32.139195 -1.575249 0.999697
Car -1 -1 -10 351.000000 183.000000 488.000000 271.000000 1.467410 1.608178 3.792705 -3.636063 1.458621 14.514160 -1.539361 0.999431
Car -1 -1 -10 489.000000 183.000000 544.000000 223.000000 1.463362 1.631219 3.915406 -3.385088 1.309062 26.767218 -1.564987 0.999065
Car -1 -1 -10 148.000000 174.000000 320.000000 264.000000 1.662268 1.646430 3.960768 -7.876931 1.450276 15.676465 -1.593614 0.997847
Car -1 -1 -10 1.000000 186.000000 195.000000 258.000000 1.500120 1.599006 3.771594 -12.111195 1.617035 17.288511 -1.577236 0.917225
Car -1 -1 -10 309.000000 183.000000 405.000000 233.000000 1.462072 1.606225 3.723925 -7.511112 1.437384 22.225636 -1.412409 0.395617
Car -1 -1 -10 445.000000 180.000000 495.000000 207.000000 1.562532 1.624780 3.861843 -8.010754 1.190808 41.094676 -1.736987 0.287598
Car -1 -1 -10 0.000000 190.000000 148.000000 313.000000 1.457689 1.630428 3.913747 -8.524945 1.645515 9.688106 -1.574648 0.232995
Car -1 -1 -10 278.000000 181.000000 358.000000 224.000000 1.532332 1.594175 3.818499 -13.036125 1.251632 30.483888 -1.894211 0.097221
Car -1 -1 -10 214.000000 177.000000 308.000000 218.000000 1.606497 1.593361 3.894647 -14.248297 1.149175 29.226881 -0.260077 0.014820
Car -1 -1 -10 231.000000 179.000000 279.000000 214.000000 1.526595 1.574579 3.663453 -15.372917 0.755103 32.071556 -2.618226 0.011449
