Pedestrian -1 -1 -10 605.000000 151.000000 640.000000 236.000000 1.809452 0.728569 1.016339 0.407407 1.105485 16.248889 -2.568777 0.997985
Pedestrian -1 -1 -10 825.000000 154.000000 903.000000 366.000000 1.716388 0.674247 0.861631 2.292466 1.454422 6.375607 -1.688803 0.997900
Pedestrian -1 -1 -10 138.000000 145.000000 258.000000 376.000000 1.780609 0.727004 0.818785 -3.124259 1.496466 5.526671 1.606498 0.994982
Pedestrian -1 -1 -10 727.000000 157.000000 772.000000 293.000000 1.729503 0.591307 0.883747 1.797578 1.417554 9.145430 -1.917949 0.988302
Pedestrian -1 -1 -10 802.000000 146.000000 846.000000 327.000000 1.761057 0.660659 0.861135 2.326306 1.490795 7.695111 -1.718788 0.955226
Pedestrian -1 -1 -10 763.000000 164.000000 801.000000 280.000000 1.725578 0.622766 0.839844 2.570724 1.424344 10.438511 -1.828046 0.953691
Pedestrian -1 -1 -10 711.000000 164.000000 749.000000 278.000000 1.804745 0.638249 0.873773 1.827986 1.480441 10.598351 -1.374616 0.936400
Pedestrian -1 -1 -10 3.000000 154.000000 71.000000 352.000000 1.807324 0.652345 0.905877 -5.894166 1.697774 7.255842 -1.679871 0.812587
Pedestrian -1 -1 -10 668.000000 158.000000 685.000000 206.000000 1.688998 0.627648 0.655358 2.708519 0.832066 26.369258 -1.880810 0.693112
Pedestrian -1 -1 -10 680.000000 157.000000 698.000000 207.000000 1.758012 0.708070 0.895082 3.214717 0.743306 26.429184 -1.528978 0.573013
Pedestrian -1 -1 -10 5.000000 158.000000 160.000000 368.000000 1.757043 0.695237 0.759307 -4.660680 1.630203 5.990679 1.893393 0.426720
Pedestrian -1 -1 -10 751.000000 157.000000 788.000000 269.000000 1.782680 0.637775 0.782805 2.595767 1.424675 10.748909 1.853439 0.266418
Pedestrian -1 -1 -10 798.000000 153.000000 832.000000 263.000000 1.825636 0.618587 0.828862 3.467538 1.294831 11.641908 -1.264092 0.172778
Car -1 -1 -10 538.000000 163.000000 594.000000 207.000000 1.510084 1.653807 3.971860 -1.315576 0.881034 27.547907 1.653138 0.998236
Cyclist -1 -1 -10 0.000000 155.000000 83.000000 358.000000 1.755706 0.498247 1.539882 -5.528367 1.623009 7.096029 1.381034 0.302492
Cyclist -1 -1 -10 7.000000 154.000000 172.000000 371.000000 1.715616 0.678863 1.722722 -4.509338 1.688700 5.931876 -0.125878 0.036692
Cyclist -1 -1 -10 801.000000 154.000000 856.000000 320.000000 1.868498 0.659300 1.675198 2.457109 1.506493 8.125566 -1.750303 0.028962
Cyclist -1 -1 -10 603.000000 149.000000 639.000000 237.000000 1.790278 0.580356 1.758831 0.338621 1.139934 16.269205 2.167398 0.025115
