Pedestrian -1 -1 -10 672.000000 165.000000 743.000000 329.000000 1.724666 0.767775 0.939077 1.117129 1.517795 7.990801 -1.549366 0.994331
Pedestrian -1 -1 -10 621.000000 168.000000 684.000000 334.000000 1.688701 0.654708 0.840210 0.548479 1.518649 7.787942 -1.862186 0.992574
Pedestrian -1 -1 -10 190.000000 166.000000 263.000000 337.000000 1.721936 0.639509 0.878397 -4.005731 1.539742 7.571183 -1.694107 0.973411
Pedestrian -1 -1 -10 210.000000 169.000000 328.000000 360.000000 1.632214 0.592910 0.593892 -2.425158 1.546883 5.519553 1.575167 0.248700
Pedestrian -1 -1 -10 764.000000 165.000000 796.000000 246.000000 1.719644 0.629460 0.781295 3.794716 1.381437 15.324606 -1.373610 0.179539
Pedestrian -1 -1 -10 695.000000 169.000000 778.000000 304.000000 1.660957 0.641891 0.818028 1.213252 1.628790 7.770329 2.309398 0.156314
Pedestrian -1 -1 -10 733.000000 166.000000 766.000000 245.000000 1.775823 0.636294 0.757852 3.814645 1.368826 18.970021 1.722876 0.079144
Pedestrian -1 -1 -10 669.000000 169.000000 690.000000 258.000000 1.740334 0.625654 0.697278 2.058879 1.510146 19.115091 -1.575791 0.035434
Pedestrian -1 -1 -10 734.000000 164.000000 753.000000 222.000000 1.706897 0.610576 0.663939 3.843858 1.213350 18.918729 -0.793978 0.022049
Pedestrian -1 -1 -10 634.000000 175.000000 662.000000 217.000000 1.785443 0.650638 0.699078 2.299012 1.595985 35.894367 3.160399 0.015746
Pedestrian -1 -1 -10 655.000000 174.000000 671.000000 230.000000 1.721016 0.543825 0.621566 0.664558 1.322853 8.184345 -2.152098 0.015679
Pedestrian -1 -1 -10 642.000000 168.000000 703.000000 276.000000 1.804550 0.588944 0.611732 1.869948 1.506548 19.218831 3.090666 0.012734
Car -1 -1 -10 488.000000 172.000000 534.000000 212.000000 1.848391 1.735754 4.175272 -4.857552 1.485770 39.893341 1.553269 0.032822
Cyclist -1 -1 -10 383.000000 168.000000 455.000000 295.000000 1.799189 0.650092 1.776775 -2.802513 1.657813 10.808577 1.731736 0.999869
Cyclist -1 -1 -10 225.000000 170.000000 360.000000 377.000000 1.717673 0.566350 1.734774 -2.390015 1.608357 5.504757 1.542605 0.999377
Cyclist -1 -1 -10 716.000000 162.000000 791.000000 290.000000 1.623553 0.479341 1.635231 2.026682 1.746971 9.530873 2.238107 0.626225
Cyclist -1 -1 -10 191.000000 167.000000 293.000000 356.000000 1.744889 0.669160 1.708083 -3.923380 1.587528 7.534517 2.240712 0.546413
Cyclist -1 -1 -10 757.000000 166.000000 800.000000 249.000000 1.739303 0.541201 1.656734 3.863252 1.380206 15.732591 1.845157 0.129606
Cyclist -1 -1 -10 684.000000 165.000000 754.000000 319.000000 1.764995 0.619967 1.666239 1.202946 1.536648 8.082671 -1.450883 0.124023
Cyclist -1 -1 -10 728.000000 163.000000 770.000000 263.000000 1.757519 0.468007 1.670297 3.825065 1.390106 18.791433 2.293338 0.061580
Cyclist -1 -1 -10 391.000000 176.000000 412.000000 224.000000 1.706499 0.517648 1.558082 -5.403561 1.378104 18.424297 -1.888510 0.040019
Cyclist -1 -1 -10 771.000000 166.000000 924.000000 339.000000 1.727808 0.523314 1.789998 2.359278 1.717633 7.109596 -0.304108 0.029531
Cyclist -1 -1 -10 1143.000000 196.000000 1235.000000 268.000000 1.693533 0.530548 1.543171 11.100236 1.317091 13.997361 -0.928566 0.015244
Cyclist -1 -1 -10 220.000000 184.000000 323.000000 315.000000 1.637923 0.517320 1.553338 -2.370524 1.361854 5.591570 0.557560 0.010538
