Pedestrian -1 -1 -10 636.000000 169.000000 646.000000 199.000000 1.760085 0.717914 0.645805 1.067827 1.196585 26.656775 -0.981923 0.080438
Pedestrian -1 -1 -10 621.000000 174.000000 632.000000 204.000000 1.784859 0.631843 0.681800 0.411517 1.432549 25.231317 -2.082164 0.019795
Pedestrian -1 -1 -10 824.000000 178.000000 868.000000 212.000000 1.727667 0.713563 0.950438 10.078114 1.741254 31.558438 0.231241 0.017442
Car -1 -1 -10 846.000000 175.000000 992.000000 284.000000 1.566149 1.622971 3.696821 5.121149 1.644790 12.552863 -1.323167 0.999645
Car -1 -1 -10 596.000000 176.000000 696.000000 252.000000 1.511003 1.623363 3.958092 0.918358 1.623853 16.435983 -1.368453 0.999639
Car -1 -1 -10 644.000000 179.000000 727.000000 236.000000 1.505023 1.669332 4.212174 2.262429 1.701020 21.684967 -1.294489 0.996748
Car -1 -1 -10 731.000000 175.000000 761.000000 201.000000 1.522942 1.624132 3.879973 9.016567 1.804570 47.806852 -1.350743 0.975268
Car -1 -1 -10 824.000000 178.000000 867.000000 212.000000 1.502403 1.595516 3.697865 10.828665 1.724409 33.044451 -1.371001 0.796252
Car -1 -1 -10 846.000000 176.000000 931.000000 246.000000 1.484354 1.566631 3.576478 6.859084 1.607301 17.771286 -1.331347 0.054321
Car -1 -1 -10 816.000000 178.000000 850.000000 204.000000 1.528690 1.552477 3.475459 13.837050 2.473346 47.841694 -1.278255 0.037686
Cyclist -1 -1 -10 636.000000 169.000000 646.000000 200.000000 1.691246 0.415975 1.586726 1.154997 0.931408 26.833817 -1.999342 0.010049
