Car -1 -1 -10 649.000000 179.000000 738.000000 242.000000 1.514766 1.581752 3.511160 2.071592 1.685092 18.609843 -1.695389 0.999147
Car -1 -1 -10 732.000000 178.000000 954.000000 319.000000 1.491067 1.600619 3.876651 2.853548 1.632663 9.645247 1.501783 0.997896
Car -1 -1 -10 367.000000 187.000000 438.000000 241.000000 1.442104 1.598804 3.699448 -6.011138 1.891447 21.086722 -1.768507 0.996603
Car -1 -1 -10 560.000000 179.000000 600.000000 211.000000 1.510903 1.611444 3.758776 -1.652903 1.867365 37.586881 -1.775991 0.976017
Car -1 -1 -10 841.000000 130.000000 1244.000000 373.000000 1.805371 1.755093 4.147616 2.938208 1.619142 4.322787 -1.559174 0.646869
Car -1 -1 -10 614.000000 182.000000 681.000000 223.000000 1.541244 1.586654 3.757807 1.075815 1.631604 25.538025 -1.705674 0.030441
Car -1 -1 -10 426.000000 180.000000 456.000000 208.000000 1.549892 1.587651 3.631493 -10.071435 2.257396 42.304344 -1.797009 0.018542
Car -1 -1 -10 436.000000 179.000000 468.000000 216.000000 1.530591 1.593220 3.731018 -9.965181 2.191244 42.270185 -1.740951 0.011391
Cyclist -1 -1 -10 441.000000 175.000000 467.000000 233.000000 1.776758 0.570430 1.811821 -5.090254 1.886234 23.271579 1.396585 0.997010
Cyclist -1 -1 -10 466.000000 175.000000 493.000000 226.000000 1.729361 0.581321 1.761603 -4.587298 1.868320 25.296780 1.517483 0.989728
Cyclist -1 -1 -10 427.000000 178.000000 464.000000 215.000000 1.653200 0.537805 1.650850 -5.115283 1.710991 23.546490 0.691481 0.086251
