Pedestrian -1 -1 -10 1070.000000 157.000000 1245.000000 367.000000 1.842815 0.664861 0.859275 2.488194 2.086749 2.923988 3.313618 0.043612
Car -1 -1 -10 307.000000 188.000000 432.000000 260.000000 1.519115 1.598756 3.866462 -5.682107 1.925815 17.443460 1.591643 0.999699
Car -1 -1 -10 382.000000 186.000000 467.000000 237.000000 1.454802 1.587872 3.742787 -5.692764 1.901662 22.802304 1.584016 0.996482
Car -1 -1 -10 788.000000 154.000000 898.000000 193.000000 1.581630 1.589948 3.755570 9.328651 0.839681 29.595274 3.051709 0.982047
Car -1 -1 -10 1066.000000 172.000000 1234.000000 370.000000 1.523114 1.607357 3.933842 3.330949 1.757726 2.016807 -1.625180 0.964442
Car -1 -1 -10 426.000000 184.000000 492.000000 227.000000 1.436546 1.538133 3.657033 -5.602089 1.941863 27.468048 1.594161 0.957640
Car -1 -1 -10 0.000000 206.000000 179.000000 373.000000 1.728632 1.662998 3.947775 -6.004416 2.014916 6.365197 -1.577637 0.754258
Car -1 -1 -10 665.000000 173.000000 705.000000 202.000000 1.540974 1.624621 3.878883 3.458418 1.401397 35.436542 -1.562200 0.706083
Car -1 -1 -10 464.000000 183.000000 513.000000 214.000000 1.447571 1.614605 3.900684 -5.553473 1.912544 33.588388 1.577817 0.693776
Car -1 -1 -10 1122.000000 132.000000 1240.000000 174.000000 1.587051 1.687362 4.153236 23.098212 0.122783 29.035675 -0.017000 0.581493
Car -1 -1 -10 739.000000 157.000000 850.000000 192.000000 1.634863 1.670388 4.051977 9.291549 1.052609 34.871531 2.968116 0.333195
Car -1 -1 -10 496.000000 179.000000 538.000000 207.000000 1.566241 1.624867 3.962539 -5.209788 2.000597 41.233150 1.649217 0.298770
Car -1 -1 -10 1070.000000 138.000000 1187.000000 173.000000 1.551649 1.633775 3.869529 22.828711 0.031956 32.721410 2.018578 0.181258
Car -1 -1 -10 1029.000000 142.000000 1113.000000 172.000000 1.483932 1.645555 4.029990 23.463098 -0.008644 36.267622 3.214765 0.153221
Cyclist -1 -1 -10 1053.000000 144.000000 1245.000000 378.000000 1.714444 0.666429 1.753588 2.772048 1.792844 2.708063 -1.571318 0.024246
