Pedestrian -1 -1 -10 1083.000000 149.000000 1186.000000 369.000000 1.706497 0.574914 0.813968 3.826709 1.280371 5.267136 1.184242 0.996654
Pedestrian -1 -1 -10 523.000000 164.000000 536.000000 202.000000 1.779695 0.704462 0.581115 -3.997301 1.206519 36.824114 1.982363 0.757374
Pedestrian -1 -1 -10 605.000000 163.000000 616.000000 193.000000 1.744658 0.625710 0.754863 0.472930 0.690707 43.523649 1.594375 0.323118
Pedestrian -1 -1 -10 538.000000 163.000000 548.000000 201.000000 1.766738 0.658064 0.650942 -2.794811 0.804897 34.374152 -1.565877 0.307326
Pedestrian -1 -1 -10 611.000000 162.000000 619.000000 192.000000 1.765287 0.720087 0.549727 0.869962 0.666403 45.395878 -2.043211 0.254490
Pedestrian -1 -1 -10 622.000000 165.000000 631.000000 193.000000 1.748891 0.698399 0.625263 1.546332 0.551736 43.924449 -1.469186 0.157654
Pedestrian -1 -1 -10 528.000000 163.000000 545.000000 203.000000 1.781658 0.525135 0.496437 -3.218176 0.875873 32.146326 -1.657710 0.151651
Pedestrian -1 -1 -10 580.000000 162.000000 591.000000 195.000000 1.746110 0.668324 0.637598 -0.827902 0.459584 54.250493 -1.540720 0.062959
Pedestrian -1 -1 -10 563.000000 165.000000 585.000000 202.000000 1.789524 0.718242 0.691191 -1.668631 0.733600 44.212070 -1.517802 0.059070
Pedestrian -1 -1 -10 614.000000 163.000000 623.000000 192.000000 1.808782 0.686321 0.899959 0.991996 0.712134 45.457994 -2.032524 0.049047
Pedestrian -1 -1 -10 577.000000 161.000000 587.000000 197.000000 1.705730 0.637387 0.631259 -1.392822 0.399743 44.012135 -2.113621 0.047930
Pedestrian -1 -1 -10 585.000000 163.000000 593.000000 191.000000 1.783518 0.600881 0.787246 -0.827725 0.522937 54.262037 1.520358 0.037772
Pedestrian -1 -1 -10 1074.000000 156.000000 1176.000000 264.000000 1.784402 0.759059 0.729527 7.237683 1.166797 10.380202 1.213891 0.027513
Pedestrian -1 -1 -10 539.000000 167.000000 559.000000 200.000000 1.768579 0.658038 0.654640 -2.788854 0.806818 34.380170 -1.558242 0.026612
Pedestrian -1 -1 -10 532.000000 166.000000 540.000000 200.000000 1.763333 0.580904 0.722045 -4.269957 0.656853 44.944035 -1.151989 0.018889
Pedestrian -1 -1 -10 543.000000 165.000000 551.000000 200.000000 1.751323 0.669781 0.516728 -2.719309 0.480807 34.616400 -1.629896 0.013418
Car -1 -1 -10 514.000000 175.000000 593.000000 240.000000 1.526617 1.658425 4.004670 -1.047907 1.342383 17.634486 1.607050 0.999510
Car -1 -1 -10 993.000000 157.000000 1145.000000 220.000000 1.506520 1.557430 3.438613 11.169599 1.238283 17.609959 2.160121 0.310968
Car -1 -1 -10 1037.000000 154.000000 1204.000000 241.000000 1.503907 1.601419 3.907440 7.515137 0.566676 11.796666 3.124667 0.012178
Cyclist -1 -1 -10 522.000000 166.000000 541.000000 201.000000 1.697390 0.547731 1.555507 -3.815340 1.380696 36.127742 -1.678823 0.040927
Cyclist -1 -1 -10 561.000000 166.000000 585.000000 205.000000 1.685477 0.663880 1.666360 -1.685768 0.335116 44.544134 1.016122 0.029171
Cyclist -1 -1 -10 571.000000 163.000000 582.000000 200.000000 1.680761 0.675346 1.668350 -1.686328 0.348484 44.525647 1.013113 0.014935
Cyclist -1 -1 -10 1062.000000 153.000000 1165.000000 241.000000 1.738931 0.571978 1.704236 7.620207 0.804670 10.490569 -0.074006 0.013893
Cyclist -1 -1 -10 577.000000 161.000000 587.000000 197.000000 1.697031 0.481972 1.444753 -1.386799 0.295080 44.536209 -1.630489 0.012952
