Pedestrian -1 -1 -10 0.000000 199.000000 154.000000 377.000000 1.641942 0.675545 0.537637 -3.019640 1.639056 3.888840 1.400205 0.234133
Car -1 -1 -10 661.000000 180.000000 758.000000 250.000000 1.419390 1.616980 4.008206 2.224354 1.633310 17.454587 -1.612495 0.999369
Car -1 -1 -10 638.000000 174.000000 680.000000 211.000000 1.530701 1.600097 3.747287 2.107682 1.644131 32.650056 -1.640126 0.992542
Car -1 -1 -10 12.000000 192.000000 378.000000 289.000000 1.378011 1.568941 4.076861 -6.597385 1.632577 11.893079 -3.123233 0.978555
Car -1 -1 -10 183.000000 186.000000 410.000000 266.000000 1.470351 1.572242 3.907074 -6.375952 1.739002 14.587253 -3.071110 0.972948
Car -1 -1 -10 375.000000 181.000000 494.000000 220.000000 1.707016 1.703477 3.975318 -6.688241 1.935514 29.194595 -0.010605 0.919277
Car -1 -1 -10 451.000000 178.000000 522.000000 205.000000 1.489762 1.571372 3.455969 -6.597528 1.839251 44.073320 1.496985 0.497050
Car -1 -1 -10 274.000000 185.000000 430.000000 240.000000 1.522597 1.508761 3.808577 -6.976367 1.799501 19.577111 0.105395 0.317647
Car -1 -1 -10 7.000000 203.000000 201.000000 347.000000 1.498329 1.589050 3.918267 -3.934755 1.179084 4.764159 0.946308 0.317499
Car -1 -1 -10 1176.000000 123.000000 1243.000000 368.000000 1.599789 1.635526 3.939958 5.140603 1.432738 3.831599 -0.278014 0.284882
Car -1 -1 -10 429.000000 179.000000 504.000000 214.000000 1.549773 1.577533 4.010131 -7.605581 1.877680 35.641641 -3.148247 0.218719
Car -1 -1 -10 1.000000 199.000000 178.000000 274.000000 1.454469 1.556838 3.545061 -11.357546 1.743543 15.992706 1.456804 0.020306
Car -1 -1 -10 202.000000 193.000000 359.000000 244.000000 1.535864 1.594142 4.133130 -8.192169 0.980696 18.551899 1.635953 0.010398
Cyclist -1 -1 -10 -3.000000 195.000000 181.000000 377.000000 1.668610 0.587328 1.664844 -3.057461 1.593169 3.653651 1.619630 0.860389
Cyclist -1 -1 -10 8.000000 197.000000 323.000000 329.000000 1.687444 0.731231 1.843669 -4.793848 2.290095 8.603473 1.593819 0.046227
