Car -1 -1 -10 374.000000 190.000000 467.000000 242.000000 1.456284 1.641385 4.082243 -5.847197 2.046193 22.881065 1.619439 0.998476
Car -1 -1 -10 237.000000 196.000000 394.000000 280.000000 1.464541 1.648060 4.014447 -5.979991 2.012911 15.308552 1.559491 0.998344
Car -1 -1 -10 705.000000 176.000000 804.000000 245.000000 1.476335 1.641295 3.918651 3.212144 1.607435 17.170843 -1.572051 0.998220
Car -1 -1 -10 -4.000000 205.000000 273.000000 362.000000 1.443772 1.559560 3.699769 -5.906239 1.954544 9.326196 1.570441 0.996345
Car -1 -1 -10 682.000000 176.000000 757.000000 229.000000 1.543598 1.625103 3.890795 3.190959 1.605851 22.656734 -1.567841 0.986979
Car -1 -1 -10 1011.000000 134.000000 1239.000000 238.000000 1.567357 1.635789 4.070651 9.143304 0.988895 11.217236 3.217024 0.979024
Car -1 -1 -10 660.000000 178.000000 717.000000 213.000000 1.525271 1.609613 3.982471 3.287579 1.708398 32.657385 1.508338 0.959524
Car -1 -1 -10 917.000000 151.000000 1110.000000 222.000000 1.544130 1.589755 3.876932 8.990655 1.077258 16.240446 -0.073987 0.921574
Car -1 -1 -10 430.000000 187.000000 494.000000 228.000000 1.471907 1.583831 3.799618 -5.975555 2.125161 28.858717 1.594704 0.920688
Car -1 -1 -10 844.000000 154.000000 1027.000000 218.000000 1.517558 1.644696 4.091722 8.262960 1.160329 18.987357 3.078240 0.872591
Car -1 -1 -10 481.000000 184.000000 525.000000 214.000000 1.472410 1.572879 3.811710 -5.620010 2.188065 37.650433 1.651980 0.673895
Car -1 -1 -10 652.000000 179.000000 694.000000 206.000000 1.505416 1.515357 3.539997 3.457133 1.891778 36.163868 -0.785257 0.480489
