Pedestrian -1 -1 -10 872.000000 148.000000 980.000000 370.000000 1.796814 0.629810 0.987683 2.644086 1.537703 6.008206 -1.612693 0.997396
Pedestrian -1 -1 -10 615.000000 165.000000 643.000000 241.000000 1.788493 0.708737 0.908889 0.662341 1.430814 17.654284 3.099613 0.992153
Pedestrian -1 -1 -10 568.000000 166.000000 602.000000 253.000000 1.811706 0.726592 0.986880 -0.387333 1.470289 14.974217 1.657428 0.990118
Pedestrian -1 -1 -10 850.000000 180.000000 881.000000 258.000000 1.757067 0.707784 0.635263 6.123781 1.544958 16.890452 3.364840 0.360228
Pedestrian -1 -1 -10 992.000000 187.000000 1034.000000 279.000000 1.647560 0.522228 0.630278 6.213343 1.482036 10.332935 3.047662 0.243674
Pedestrian -1 -1 -10 755.000000 165.000000 767.000000 208.000000 1.738046 0.679818 0.738590 6.361143 0.913924 28.946823 -1.725607 0.103387
Pedestrian -1 -1 -10 1168.000000 113.000000 1235.000000 371.000000 1.771991 0.555507 0.780250 3.634682 1.272474 4.167685 -1.868350 0.082683
Pedestrian -1 -1 -10 875.000000 170.000000 926.000000 272.000000 1.733097 0.647224 0.653544 5.020803 1.550647 12.448452 -1.701233 0.045502
Pedestrian -1 -1 -10 888.000000 178.000000 911.000000 265.000000 1.769885 0.582405 0.648635 5.922693 1.238745 14.955982 -1.721701 0.036512
Pedestrian -1 -1 -10 937.000000 178.000000 976.000000 289.000000 1.738737 0.537198 0.700257 4.770832 1.533938 10.301843 1.070238 0.025557
Pedestrian -1 -1 -10 896.000000 175.000000 917.000000 247.000000 1.802568 0.522999 0.694917 3.344822 1.348295 8.063567 0.576967 0.024310
Pedestrian -1 -1 -10 894.000000 157.000000 935.000000 254.000000 1.762564 0.519499 0.642267 2.894528 1.328611 6.720768 0.991489 0.017584
Pedestrian -1 -1 -10 858.000000 176.000000 905.000000 265.000000 1.710066 0.548354 0.551946 5.359528 1.593774 13.917947 -0.757377 0.014508
Pedestrian -1 -1 -10 909.000000 166.000000 952.000000 253.000000 1.675277 0.507243 0.503404 6.417411 1.242413 13.519209 2.999213 0.011972
Car -1 -1 -10 392.000000 155.000000 558.000000 271.000000 1.910983 1.768285 4.236748 -2.265558 1.437434 14.069830 1.700456 0.952679
Car -1 -1 -10 496.000000 163.000000 585.000000 234.000000 1.793921 1.614603 3.941364 -1.279654 1.269912 20.669064 1.614506 0.084221
Car -1 -1 -10 567.000000 166.000000 604.000000 251.000000 1.677955 1.604024 3.394631 -0.082860 1.339077 15.623597 0.079448 0.020396
Cyclist -1 -1 -10 1168.000000 113.000000 1235.000000 371.000000 1.748681 0.581725 1.743069 3.834319 1.255570 4.450036 -0.841768 0.024515
Cyclist -1 -1 -10 846.000000 181.000000 886.000000 257.000000 1.643836 0.414298 1.657338 6.400149 1.208680 16.912445 -1.362651 0.017838
Cyclist -1 -1 -10 858.000000 176.000000 905.000000 265.000000 1.628103 0.447871 1.670563 6.234090 1.255375 16.239383 -1.128806 0.010373
