Car -1 -1 -10 163.000000 188.000000 429.000000 345.000000 1.478771 1.619456 3.853259 -3.522872 1.520306 8.862556 -1.566662 0.999786
Car -1 -1 -10 582.000000 178.000000 622.000000 214.000000 1.583928 1.667842 4.040148 -0.276566 1.292326 34.358813 -1.580514 0.999738
Car -1 -1 -10 457.000000 185.000000 530.000000 238.000000 1.419446 1.614327 3.965607 -3.285144 1.428201 20.993739 -1.558337 0.999502
Car -1 -1 -10 127.000000 186.000000 309.000000 275.000000 1.446814 1.578234 3.638683 -7.544758 1.571262 14.291564 -1.488925 0.994022
Car -1 -1 -10 355.000000 184.000000 426.000000 228.000000 1.417379 1.602162 3.860011 -7.421858 1.413214 24.603452 -1.569302 0.946849
Car -1 -1 -10 5.000000 183.000000 203.000000 254.000000 1.471918 1.620502 3.849047 -11.465365 1.548711 16.469821 -1.609455 0.914927
Car -1 -1 -10 505.000000 183.000000 536.000000 211.000000 1.519740 1.617217 3.785863 -5.025007 1.301847 35.845167 0.992649 0.694411
Car -1 -1 -10 418.000000 180.000000 470.000000 213.000000 1.555091 1.657917 3.888604 -7.638158 1.241339 34.459170 -1.636774 0.587104
Car -1 -1 -10 0.000000 197.000000 92.000000 323.000000 1.508343 1.598320 3.793692 -7.656437 1.582595 7.760495 -1.589389 0.253514
Car -1 -1 -10 314.000000 183.000000 371.000000 215.000000 1.480907 1.633372 3.859682 -12.989577 1.300803 33.295839 -3.055754 0.243140
