Car -1 -1 -10 450.000000 179.000000 512.000000 223.000000 1.489043 1.565546 3.607344 -4.709133 1.756440 26.611081 1.612396 0.999420
Car -1 -1 -10 760.000000 182.000000 968.000000 304.000000 1.482684 1.632607 3.830032 3.481352 1.664084 10.889772 -1.568693 0.997370
Car -1 -1 -10 145.000000 193.000000 383.000000 318.000000 1.457974 1.645302 4.064535 -4.912792 1.799037 10.749040 1.574715 0.997217
Car -1 -1 -10 698.000000 177.000000 775.000000 232.000000 1.516558 1.653763 4.033154 3.895708 1.744242 22.015130 -1.586222 0.996719
Car -1 -1 -10 726.000000 179.000000 841.000000 255.000000 1.514508 1.636449 3.855237 3.752931 1.696115 16.380124 -1.541928 0.991154
Car -1 -1 -10 484.000000 178.000000 534.000000 214.000000 1.470911 1.589502 3.808038 -4.505197 1.716244 31.309805 1.626558 0.985343
Car -1 -1 -10 847.000000 191.000000 1250.000000 377.000000 1.489406 1.626942 4.002585 3.470009 1.652412 5.947811 -1.584629 0.973441
Car -1 -1 -10 3.000000 196.000000 227.000000 375.000000 1.453053 1.595775 3.872841 -4.863533 1.906848 5.345352 1.584208 0.937605
Car -1 -1 -10 694.000000 177.000000 745.000000 219.000000 1.553290 1.548023 3.608066 4.078312 1.777502 27.429375 -1.567215 0.493656
Car -1 -1 -10 999.000000 176.000000 1096.000000 216.000000 1.552990 1.567912 3.839333 12.294344 1.275298 21.022604 -0.153012 0.359867
Car -1 -1 -10 1085.000000 172.000000 1240.000000 250.000000 1.669893 1.625496 3.916895 13.634780 1.435438 17.222374 1.312254 0.247555
