Pedestrian -1 -1 -10 474.000000 157.000000 517.000000 291.000000 1.800040 0.691805 0.884694 -1.522145 1.480673 10.039089 1.431510 0.998679
Pedestrian -1 -1 -10 610.000000 159.000000 640.000000 235.000000 1.738858 0.663842 1.057553 0.424569 1.220829 16.455579 -1.082130 0.998221
Pedestrian -1 -1 -10 430.000000 167.000000 479.000000 296.000000 1.751106 0.688163 0.806217 -1.982407 1.522125 9.680355 1.846085 0.994926
Pedestrian -1 -1 -10 1114.000000 94.000000 1237.000000 367.000000 1.848770 0.631720 1.059074 4.211596 1.304501 5.306058 -1.833799 0.991106
Pedestrian -1 -1 -10 660.000000 162.000000 690.000000 233.000000 1.805927 0.703192 1.008844 1.747986 1.248587 16.885006 2.082671 0.937966
Pedestrian -1 -1 -10 126.000000 229.000000 248.000000 372.000000 1.729275 0.675603 0.694109 -2.965172 2.005431 5.172456 1.580972 0.760729
Pedestrian -1 -1 -10 692.000000 165.000000 714.000000 224.000000 1.766981 0.630930 0.913461 2.608854 1.161656 19.124759 1.733994 0.729654
Pedestrian -1 -1 -10 0.000000 230.000000 98.000000 367.000000 1.725291 0.624571 0.773074 -3.334347 1.906302 4.107350 -1.853964 0.245497
Pedestrian -1 -1 -10 419.000000 165.000000 442.000000 230.000000 1.683567 0.541402 0.629215 -4.115422 1.242376 17.066673 0.880714 0.223992
Pedestrian -1 -1 -10 673.000000 160.000000 694.000000 222.000000 1.630548 0.547987 0.582593 2.356673 1.368274 18.774752 2.593083 0.121588
Pedestrian -1 -1 -10 255.000000 218.000000 353.000000 363.000000 1.707335 0.641776 0.753462 -2.609402 1.882714 6.207434 0.619066 0.096330
Pedestrian -1 -1 -10 417.000000 165.000000 459.000000 260.000000 1.722482 0.643676 0.667149 -2.867805 1.575179 12.279305 -1.247346 0.088080
Pedestrian -1 -1 -10 3.000000 225.000000 211.000000 371.000000 1.762392 0.699741 0.797897 -2.600071 2.151977 3.760115 1.038588 0.082001
Pedestrian -1 -1 -10 369.000000 192.000000 406.000000 276.000000 1.775098 0.586326 0.673621 -3.696796 1.731770 12.319804 -2.416962 0.073176
Pedestrian -1 -1 -10 1077.000000 138.000000 1106.000000 228.000000 1.714315 0.592246 0.726395 6.001067 1.064680 8.876208 2.751149 0.067338
Pedestrian -1 -1 -10 686.000000 161.000000 707.000000 215.000000 1.758010 0.606531 0.758584 3.205784 0.954415 25.237499 -1.907104 0.049657
Car -1 -1 -10 561.000000 168.000000 593.000000 195.000000 1.562776 1.676423 3.763975 -1.609790 0.840842 44.717916 1.534433 0.997766
Cyclist -1 -1 -10 119.000000 227.000000 250.000000 374.000000 1.608388 0.420367 1.604756 -2.845668 1.816709 4.808384 1.517045 0.376163
Cyclist -1 -1 -10 717.000000 157.000000 754.000000 220.000000 1.705001 0.560689 1.733394 3.654081 0.928830 20.478746 -1.860481 0.268424
Cyclist -1 -1 -10 1.000000 221.000000 166.000000 374.000000 1.738068 0.530497 1.724048 -2.644506 1.945926 3.635100 1.007453 0.164856
Cyclist -1 -1 -10 924.000000 186.000000 1128.000000 369.000000 1.664709 0.553753 1.710349 1.934774 1.770362 4.014895 2.718478 0.100338
Cyclist -1 -1 -10 1038.000000 113.000000 1224.000000 360.000000 1.848384 0.425837 1.776112 4.338370 1.390531 5.378286 -1.483052 0.062356
