Car -1 -1 -10 575.000000 177.000000 610.000000 209.000000 1.548200 1.646474 3.909150 -0.768996 1.102815 37.913160 -1.584700 0.999482
Car -1 -1 -10 305.000000 186.000000 446.000000 275.000000 1.456742 1.565955 3.607512 -4.378689 1.519518 14.159415 -1.539947 0.999084
Car -1 -1 -10 281.000000 176.000000 370.000000 236.000000 1.572339 1.643409 3.765602 -8.513576 1.481522 22.343370 -1.551761 0.995603
Car -1 -1 -10 479.000000 182.000000 523.000000 213.000000 1.446436 1.573322 3.861920 -4.861491 1.278286 33.502265 -1.599929 0.995483
Car -1 -1 -10 424.000000 182.000000 495.000000 229.000000 1.449264 1.616050 4.113018 -4.876260 1.343516 24.144020 -1.585335 0.988197
Car -1 -1 -10 0.000000 198.000000 209.000000 296.000000 1.411827 1.607438 3.895522 -8.350810 1.614863 11.942762 -1.620658 0.963499
Car -1 -1 -10 2.000000 249.000000 138.000000 375.000000 1.512231 1.618488 3.893462 -3.987659 1.806148 3.053846 -1.609343 0.727063
Car -1 -1 -10 56.000000 163.000000 219.000000 246.000000 1.955606 1.719406 4.129166 -12.343070 1.479331 19.421148 -1.537563 0.098615
Car -1 -1 -10 888.000000 210.000000 1228.000000 370.000000 1.570811 1.585832 3.822431 2.944200 1.625517 4.984285 -1.561316 0.014722
Car -1 -1 -10 518.000000 167.000000 551.000000 201.000000 1.783476 1.701101 3.764255 -4.909272 0.669918 48.955131 -1.609210 0.013185
