Car -1 -1 -10 660.000000 176.000000 722.000000 223.000000 1.456232 1.651717 3.836531 2.690116 1.592692 24.120879 -1.518848 0.998931
Car -1 -1 -10 -1.000000 172.000000 299.000000 313.000000 1.518623 1.607432 3.940081 -6.067976 1.523500 9.270579 0.366245 0.985816
Car -1 -1 -10 229.000000 172.000000 448.000000 248.000000 1.516284 1.594055 3.894792 -5.970009 1.568340 16.437511 -0.019631 0.985751
Car -1 -1 -10 385.000000 172.000000 509.000000 216.000000 1.606125 1.605333 4.139239 -6.011248 1.483235 27.889475 -3.264891 0.808351
Car -1 -1 -10 730.000000 177.000000 853.000000 249.000000 1.499930 1.610994 3.788514 3.972371 1.604093 15.587159 1.362528 0.798439
Car -1 -1 -10 458.000000 169.000000 545.000000 201.000000 1.449087 1.548842 4.086176 -6.032437 1.454678 38.498652 -3.025434 0.560040
Car -1 -1 -10 91.000000 182.000000 357.000000 261.000000 1.599595 1.614840 4.065010 -6.769960 1.709869 12.886831 -1.462083 0.319013
Car -1 -1 -10 662.000000 170.000000 700.000000 205.000000 1.473261 1.545003 3.913949 5.152796 0.788291 51.727903 1.216249 0.128526
Car -1 -1 -10 349.000000 170.000000 460.000000 225.000000 1.652227 1.610807 3.831541 -6.745593 1.486064 23.665655 -3.199074 0.102394
Car -1 -1 -10 724.000000 173.000000 807.000000 220.000000 1.532732 1.592706 3.811281 6.083910 1.572962 29.844487 0.071836 0.077085
Car -1 -1 -10 443.000000 175.000000 511.000000 206.000000 1.536453 1.604523 3.849744 -5.562884 1.412589 28.315358 -3.178626 0.071313
Car -1 -1 -10 793.000000 131.000000 1254.000000 372.000000 1.924676 1.708108 4.212521 2.785171 1.511653 5.686062 -1.588728 0.039837
