Pedestrian -1 -1 -10 621.000000 140.000000 662.000000 250.000000 1.780934 0.613843 0.961116 0.550593 1.092065 11.359164 1.403614 0.997191
Pedestrian -1 -1 -10 573.000000 140.000000 611.000000 256.000000 1.792381 0.650898 0.904658 -0.303046 1.142186 11.244000 0.992523 0.997141
Pedestrian -1 -1 -10 901.000000 163.000000 1005.000000 367.000000 1.666705 0.572857 0.648409 2.539605 1.519242 5.233931 1.509510 0.996161
Pedestrian -1 -1 -10 544.000000 137.000000 584.000000 262.000000 1.785551 0.687447 0.967365 -0.643943 1.163188 10.782840 0.853062 0.995950
Pedestrian -1 -1 -10 821.000000 174.000000 930.000000 371.000000 1.659380 0.576970 0.690906 1.942369 1.615142 4.976016 0.328277 0.994749
Pedestrian -1 -1 -10 512.000000 143.000000 538.000000 207.000000 1.746130 0.612356 0.756939 -2.301371 0.700444 19.353155 1.391985 0.935862
Pedestrian -1 -1 -10 539.000000 137.000000 560.000000 207.000000 1.798906 0.628743 0.731539 -1.732932 0.611498 19.710992 1.395323 0.847616
Pedestrian -1 -1 -10 614.000000 143.000000 649.000000 224.000000 1.716918 0.580219 0.542922 0.396680 1.012387 12.457520 0.706181 0.745789
Pedestrian -1 -1 -10 479.000000 145.000000 499.000000 207.000000 1.804258 0.598386 0.784179 -3.222142 0.755661 19.467384 0.981631 0.679484
Pedestrian -1 -1 -10 607.000000 144.000000 635.000000 213.000000 1.810529 0.605968 0.722453 0.185427 0.812379 17.831613 -2.021470 0.590015
Pedestrian -1 -1 -10 500.000000 144.000000 520.000000 204.000000 1.789573 0.588406 0.650482 -2.864033 0.784515 20.507711 0.897018 0.578267
Pedestrian -1 -1 -10 649.000000 142.000000 668.000000 199.000000 1.664955 0.671007 0.770008 1.634628 0.461484 21.886008 0.115786 0.563813
Pedestrian -1 -1 -10 272.000000 136.000000 324.000000 256.000000 1.835193 0.671169 1.062605 -5.090388 1.085047 11.586636 -2.517600 0.405609
Pedestrian -1 -1 -10 244.000000 134.000000 281.000000 250.000000 1.797307 0.600464 0.750911 -5.810024 1.096486 12.019125 2.130430 0.350595
Pedestrian -1 -1 -10 449.000000 143.000000 471.000000 203.000000 1.828369 0.694586 1.047215 -4.124981 0.768786 20.183648 1.027992 0.341944
Pedestrian -1 -1 -10 528.000000 139.000000 549.000000 199.000000 1.695814 0.541114 0.548338 -1.755967 0.455930 19.878911 -1.584579 0.225423
Pedestrian -1 -1 -10 496.000000 143.000000 511.000000 201.000000 1.828354 0.588415 0.807523 -3.410099 0.639263 22.758022 0.865727 0.163428
Pedestrian -1 -1 -10 640.000000 143.000000 663.000000 217.000000 1.728305 0.610784 0.536080 1.550240 0.765155 21.697128 -1.506829 0.161007
Pedestrian -1 -1 -10 472.000000 149.000000 490.000000 205.000000 1.738919 0.568321 0.765934 -3.679841 0.819933 20.348846 -1.266159 0.122490
Pedestrian -1 -1 -10 401.000000 144.000000 424.000000 202.000000 1.730234 0.581737 0.647439 -5.400819 0.623368 19.563788 1.271752 0.103206
Pedestrian -1 -1 -10 872.000000 179.000000 917.000000 288.000000 1.623375 0.485102 0.501729 1.927140 1.616343 4.995704 0.958258 0.080075
Pedestrian -1 -1 -10 590.000000 140.000000 638.000000 237.000000 1.688944 0.542307 0.787873 0.367133 0.961468 12.359114 2.163889 0.061955
Cyclist -1 -1 -10 269.000000 138.000000 327.000000 260.000000 1.789876 0.446231 1.751601 -5.092707 1.089089 11.700666 -2.769876 0.813709
Cyclist -1 -1 -10 419.000000 149.000000 468.000000 209.000000 1.679232 0.554645 1.687502 -4.840099 0.567724 20.426645 -1.274243 0.466195
Cyclist -1 -1 -10 301.000000 153.000000 368.000000 210.000000 1.677643 0.472279 1.506080 -4.199741 0.805257 10.669139 -1.986445 0.333461
Cyclist -1 -1 -10 444.000000 145.000000 473.000000 207.000000 1.777053 0.535456 1.701824 -4.103026 0.689262 20.419737 1.651643 0.325385
Cyclist -1 -1 -10 332.000000 151.000000 387.000000 201.000000 1.679889 0.485068 1.477344 -5.181561 1.069125 14.721807 -1.938279 0.242299
Cyclist -1 -1 -10 244.000000 135.000000 302.000000 262.000000 1.810380 0.493074 1.721753 -5.478037 1.045906 11.791365 0.056357 0.210864
Cyclist -1 -1 -10 398.000000 145.000000 431.000000 207.000000 1.693039 0.589004 1.697449 -5.331455 0.597099 19.507729 1.398916 0.189652
Cyclist -1 -1 -10 426.000000 148.000000 450.000000 204.000000 1.652257 0.543577 1.690941 -4.857212 0.530554 20.171372 -1.675221 0.146692
Cyclist -1 -1 -10 365.000000 153.000000 420.000000 206.000000 1.701571 0.512574 1.612339 -5.913373 1.135082 19.129387 -1.828333 0.065341
Cyclist -1 -1 -10 418.000000 144.000000 438.000000 200.000000 1.684636 0.684593 1.781637 -6.122463 0.287465 24.161298 -1.961909 0.041359
Cyclist -1 -1 -10 647.000000 142.000000 669.000000 200.000000 1.809006 0.534175 1.734746 1.693834 0.681854 21.877535 -1.023221 0.032847
Cyclist -1 -1 -10 542.000000 137.000000 569.000000 208.000000 1.816450 0.687553 1.779078 -1.699537 0.546790 19.915295 1.510856 0.010548
Cyclist -1 -1 -10 634.000000 143.000000 665.000000 221.000000 1.739468 0.489755 1.514157 0.775885 0.740104 12.329967 -1.549474 0.010528
