Pedestrian -1 -1 -10 542.000000 171.000000 563.000000 227.000000 1.753490 0.576148 0.866356 -1.407874 1.467076 21.334397 2.561512 0.932250
Pedestrian -1 -1 -10 904.000000 205.000000 991.000000 334.000000 1.684163 0.635354 0.638391 3.356105 1.651103 6.987425 3.010500 0.802686
Pedestrian -1 -1 -10 842.000000 209.000000 914.000000 305.000000 1.773697 0.639404 0.692528 3.203226 1.847508 8.327280 2.991671 0.274807
Pedestrian -1 -1 -10 866.000000 204.000000 910.000000 282.000000 1.734874 0.647798 0.654673 5.684613 1.644792 13.808677 -1.716019 0.129484
Pedestrian -1 -1 -10 1121.000000 198.000000 1235.000000 371.000000 1.724602 0.627046 0.626338 5.634571 1.771488 6.887546 0.812107 0.047038
Pedestrian -1 -1 -10 855.000000 195.000000 1175.000000 365.000000 1.791101 0.845151 0.793323 2.919959 2.158202 5.430485 3.073124 0.043499
Pedestrian -1 -1 -10 897.000000 206.000000 937.000000 304.000000 1.715986 0.653697 0.552684 4.176297 1.590040 9.104705 3.399807 0.027995
Pedestrian -1 -1 -10 791.000000 209.000000 856.000000 314.000000 1.733623 0.646521 0.693968 2.450875 1.866851 7.495522 -0.670686 0.022122
Pedestrian -1 -1 -10 897.000000 207.000000 965.000000 269.000000 1.646288 0.582084 0.649568 5.636306 1.757879 11.761940 2.983289 0.017094
Car -1 -1 -10 988.000000 213.000000 1239.000000 371.000000 1.500361 1.569900 3.805787 3.398482 2.052346 3.878428 1.618882 0.208875
Car -1 -1 -10 1119.000000 199.000000 1234.000000 381.000000 1.476686 1.593094 3.821359 3.343702 1.925590 2.962024 1.695891 0.030974
Car -1 -1 -10 877.000000 199.000000 1137.000000 367.000000 1.491273 1.546172 3.642733 3.087514 2.140469 4.265903 1.507378 0.011510
Cyclist -1 -1 -10 897.000000 202.000000 1036.000000 363.000000 1.693464 0.540340 1.693826 3.061751 1.744512 5.408852 1.461742 0.098798
Cyclist -1 -1 -10 898.000000 210.000000 1201.000000 371.000000 1.703181 0.698806 1.803575 2.790631 2.028258 4.754857 1.521839 0.051220
Cyclist -1 -1 -10 1105.000000 202.000000 1236.000000 370.000000 1.782084 0.560458 1.503774 5.533412 1.720385 6.877674 1.622218 0.035156
Cyclist -1 -1 -10 902.000000 211.000000 992.000000 321.000000 1.671317 0.494533 1.665251 2.471389 1.838585 5.098376 -1.603334 0.011825
Cyclist -1 -1 -10 895.000000 203.000000 937.000000 288.000000 1.683434 0.641892 1.673769 5.889575 1.680169 13.513435 1.971282 0.010759
