Pedestrian -1 -1 -10 651.000000 170.000000 665.000000 215.000000 1.792998 0.637830 0.809911 1.670153 1.627433 26.520391 2.157268 0.274355
Pedestrian -1 -1 -10 651.000000 168.000000 682.000000 216.000000 1.780577 0.666358 0.957995 1.920521 1.459343 25.089273 -1.911544 0.039649
Pedestrian -1 -1 -10 657.000000 167.000000 668.000000 208.000000 1.766163 0.614725 0.700048 1.778480 1.364591 25.125294 -1.958123 0.017390
Pedestrian -1 -1 -10 663.000000 168.000000 676.000000 216.000000 1.771402 0.609349 0.765357 1.962511 1.462288 25.150305 3.145080 0.016042
Car -1 -1 -10 435.000000 176.000000 531.000000 252.000000 1.587921 1.656662 3.966711 -2.955445 1.705099 17.484746 -1.583551 0.998730
Car -1 -1 -10 266.000000 185.000000 343.000000 226.000000 1.516493 1.619797 3.992998 -12.664007 2.081930 30.444115 1.547357 0.996222
Car -1 -1 -10 586.000000 174.000000 612.000000 200.000000 1.589018 1.614417 3.825197 -0.765247 1.838191 46.708832 -1.569928 0.994374
Car -1 -1 -10 1.000000 192.000000 120.000000 310.000000 1.477209 1.648545 3.964946 -9.725401 1.968772 11.300227 1.568586 0.385826
Car -1 -1 -10 434.000000 176.000000 496.000000 228.000000 1.528396 1.625699 3.586861 -5.500634 1.599139 26.263597 -1.124378 0.020829
Cyclist -1 -1 -10 659.000000 164.000000 713.000000 220.000000 1.748715 0.584214 1.743051 2.506687 1.475643 23.644288 -2.555626 0.999356
Cyclist -1 -1 -10 654.000000 168.000000 685.000000 217.000000 1.737833 0.535657 1.732479 1.961468 1.512771 24.896317 1.556525 0.900289
Cyclist -1 -1 -10 650.000000 169.000000 670.000000 216.000000 1.727637 0.516886 1.660454 1.869079 1.404897 25.605505 -1.500903 0.385127
Cyclist -1 -1 -10 660.000000 168.000000 672.000000 213.000000 1.730778 0.550151 1.749893 1.911508 1.388230 25.028647 1.589131 0.024625
Cyclist -1 -1 -10 673.000000 165.000000 701.000000 209.000000 1.706835 0.494104 1.701060 2.420669 1.382941 23.445092 -2.038301 0.019465
