Pedestrian -1 -1 -10 1031.000000 148.000000 1128.000000 347.000000 1.712017 0.671435 0.864875 3.984026 1.417646 6.036300 -1.707327 0.990910
Pedestrian -1 -1 -10 535.000000 163.000000 551.000000 201.000000 1.710060 0.571943 0.645617 -2.536621 0.866788 31.642786 1.811909 0.634257
Pedestrian -1 -1 -10 614.000000 164.000000 624.000000 193.000000 1.774906 0.637240 0.723893 1.083809 0.674901 44.211456 1.358982 0.553376
Pedestrian -1 -1 -10 621.000000 164.000000 628.000000 193.000000 1.807874 0.636351 0.777265 1.568086 0.706840 45.998602 1.590475 0.525814
Pedestrian -1 -1 -10 604.000000 164.000000 613.000000 190.000000 1.789841 0.617610 0.834154 0.560121 0.475102 55.138558 -1.477693 0.318866
Pedestrian -1 -1 -10 547.000000 163.000000 557.000000 198.000000 1.761703 0.674342 0.702138 -2.381885 0.725609 35.171711 -1.529430 0.316492
Pedestrian -1 -1 -10 580.000000 162.000000 599.000000 203.000000 1.788565 0.757941 0.673805 -1.018548 0.760095 44.877385 -1.104428 0.222072
Pedestrian -1 -1 -10 594.000000 163.000000 603.000000 194.000000 1.814395 0.605538 0.740579 -0.099822 0.505303 54.982168 -2.098654 0.153646
Pedestrian -1 -1 -10 630.000000 163.000000 640.000000 193.000000 1.753883 0.628032 0.830323 2.174269 0.571740 45.064105 3.114225 0.128910
Pedestrian -1 -1 -10 1061.000000 153.000000 1083.000000 213.000000 1.786286 0.519942 0.691144 5.794233 1.356659 9.076888 0.743227 0.064057
Pedestrian -1 -1 -10 779.000000 157.000000 810.000000 226.000000 1.793155 0.613291 0.605065 3.687826 1.329393 13.766784 -1.443855 0.048728
Pedestrian -1 -1 -10 602.000000 163.000000 610.000000 192.000000 1.816144 0.578203 0.682048 0.451501 0.494760 55.177924 -1.992604 0.038549
Pedestrian -1 -1 -10 1055.000000 165.000000 1100.000000 217.000000 1.761033 0.503261 0.716803 7.715104 1.344572 11.917693 -1.640281 0.035683
Pedestrian -1 -1 -10 1011.000000 164.000000 1135.000000 264.000000 1.686438 0.623484 0.741268 5.349407 1.866140 8.690244 -0.460727 0.034110
Pedestrian -1 -1 -10 440.000000 166.000000 455.000000 214.000000 1.774736 0.608848 0.697371 -5.269092 1.275248 24.331978 0.367825 0.033414
Pedestrian -1 -1 -10 546.000000 167.000000 570.000000 200.000000 1.770278 0.672289 0.708724 -2.390542 0.747425 35.170982 -1.546012 0.029559
Pedestrian -1 -1 -10 626.000000 164.000000 635.000000 191.000000 1.791555 0.674182 0.744072 1.863961 0.778615 45.940273 2.619915 0.020963
Pedestrian -1 -1 -10 473.000000 154.000000 493.000000 220.000000 1.736689 0.786075 0.388524 -3.523078 1.624437 21.580276 -1.654415 0.013476
Car -1 -1 -10 539.000000 174.000000 604.000000 230.000000 1.522241 1.657932 4.036063 -0.728041 1.282791 20.585715 1.598051 0.999285
Car -1 -1 -10 965.000000 162.000000 1081.000000 218.000000 1.510621 1.630142 4.081108 6.239442 0.849135 13.164323 -1.564892 0.697028
Cyclist -1 -1 -10 576.000000 163.000000 601.000000 199.000000 1.683562 0.655225 1.663684 -1.000271 0.387308 45.035313 0.999325 0.059945
Cyclist -1 -1 -10 1054.000000 160.000000 1091.000000 215.000000 1.702110 0.531564 1.552082 9.323777 1.270727 14.643652 -1.036734 0.033206
Cyclist -1 -1 -10 535.000000 164.000000 552.000000 201.000000 1.720552 0.530895 1.706553 -2.578808 0.850943 31.878377 1.461551 0.021497
Cyclist -1 -1 -10 1011.000000 164.000000 1135.000000 264.000000 1.696583 0.504631 1.563976 5.636124 1.835390 9.560806 -0.985803 0.018386
Cyclist -1 -1 -10 1031.000000 164.000000 1106.000000 221.000000 1.746974 0.470603 1.669028 7.460948 0.847198 11.528570 0.016463 0.017995
Cyclist -1 -1 -10 467.000000 153.000000 490.000000 217.000000 1.774330 0.491677 1.708764 -3.162673 0.975397 18.977980 -1.351845 0.016066
Cyclist -1 -1 -10 585.000000 162.000000 596.000000 199.000000 1.686081 0.573510 1.607989 -0.987769 0.187679 45.209243 -1.651823 0.010422
