Car -1 -1 -10 422.000000 182.000000 508.000000 244.000000 1.570138 1.645122 3.762133 -4.231778 1.932780 21.448212 1.625712 0.999626
Car -1 -1 -10 771.000000 187.000000 958.000000 301.000000 1.454876 1.649929 4.047675 3.789845 1.704096 11.607470 -1.513202 0.999387
Car -1 -1 -10 884.000000 208.000000 1235.000000 374.000000 1.442167 1.620918 3.940336 3.628309 1.730130 5.764138 -1.523565 0.994203
Car -1 -1 -10 695.000000 173.000000 730.000000 208.000000 1.515450 1.634917 3.821577 5.590408 1.809213 39.755141 -1.484678 0.988188
Car -1 -1 -10 471.000000 181.000000 536.000000 229.000000 1.649207 1.638735 3.972344 -3.893146 1.937745 26.573928 1.629373 0.984999
Car -1 -1 -10 509.000000 184.000000 550.000000 220.000000 1.473049 1.605565 3.833084 -3.708185 2.143718 31.611892 -1.512584 0.962770
Car -1 -1 -10 527.000000 182.000000 567.000000 214.000000 1.512789 1.656386 4.032606 -3.250999 1.999945 36.131711 1.629461 0.871243
Car -1 -1 -10 121.000000 190.000000 269.000000 227.000000 1.496422 1.618928 3.908898 -14.500582 2.021523 26.212287 -0.092531 0.080964
Car -1 -1 -10 1183.000000 203.000000 1241.000000 268.000000 1.477661 1.547627 3.775113 10.424408 1.854909 11.779646 -0.949344 0.034814
Car -1 -1 -10 1115.000000 204.000000 1240.000000 368.000000 1.476186 1.494501 3.444795 11.901809 1.677588 15.415098 2.778649 0.023378
Car -1 -1 -10 1180.000000 207.000000 1239.000000 353.000000 1.524378 1.522512 3.312313 9.195625 1.872601 10.259817 1.690642 0.017624
