Pedestrian -1 -1 -10 169.000000 152.000000 226.000000 328.000000 1.753405 0.750827 0.783631 -4.730275 1.494626 8.153797 -1.666260 0.953348
Pedestrian -1 -1 -10 244.000000 157.000000 292.000000 299.000000 1.748848 0.650968 0.641487 -5.502586 1.191315 11.044313 0.002551 0.673076
Pedestrian -1 -1 -10 187.000000 163.000000 381.000000 299.000000 1.795038 0.670422 1.005547 -5.152939 1.489433 10.673952 2.123207 0.234849
Pedestrian -1 -1 -10 275.000000 159.000000 296.000000 278.000000 1.645589 0.516753 0.610084 -5.234163 1.104985 11.057775 0.181331 0.104699
Pedestrian -1 -1 -10 197.000000 161.000000 289.000000 315.000000 1.785630 0.732321 0.794793 -4.357504 1.433206 7.938969 -1.634238 0.076729
Pedestrian -1 -1 -10 258.000000 170.000000 357.000000 258.000000 1.745620 0.571988 0.738155 -4.572751 1.247228 10.474542 -0.271313 0.066211
Pedestrian -1 -1 -10 195.000000 167.000000 232.000000 320.000000 1.712587 0.690191 0.642205 -4.597281 1.436276 8.205616 -2.131842 0.053477
Pedestrian -1 -1 -10 0.000000 181.000000 421.000000 368.000000 1.777827 0.581527 1.144537 -2.235873 1.810298 4.235188 0.261868 0.036505
Car -1 -1 -10 664.000000 174.000000 756.000000 239.000000 1.488249 1.613681 3.869072 2.325277 1.505940 17.867138 -1.591057 0.998477
Car -1 -1 -10 515.000000 172.000000 557.000000 212.000000 1.577461 1.665768 3.844991 -3.250601 1.650721 31.386017 -1.632940 0.995767
Car -1 -1 -10 639.000000 172.000000 692.000000 212.000000 1.540787 1.650893 4.015998 2.282146 1.521342 30.417222 -1.677348 0.986423
Car -1 -1 -10 202.000000 179.000000 429.000000 311.000000 1.513562 1.670367 4.006365 -3.515441 1.659282 8.679002 1.523869 0.984351
Car -1 -1 -10 -5.000000 183.000000 410.000000 371.000000 1.588400 1.670713 4.094089 -2.750723 1.680725 4.330911 -1.524907 0.953971
Car -1 -1 -10 904.000000 198.000000 1246.000000 371.000000 1.501147 1.588309 3.775420 2.483310 1.524057 2.050607 -1.604961 0.677741
Car -1 -1 -10 630.000000 173.000000 670.000000 206.000000 1.476747 1.624123 3.811441 2.292626 1.332074 36.460210 1.610915 0.452837
Car -1 -1 -10 540.000000 175.000000 567.000000 201.000000 1.488732 1.615459 3.761652 -3.649466 1.588733 45.307398 -1.622254 0.291752
Car -1 -1 -10 625.000000 169.000000 658.000000 198.000000 1.620125 1.678604 4.059872 1.969210 1.479921 47.014164 -1.521430 0.054677
Car -1 -1 -10 148.000000 167.000000 306.000000 319.000000 1.532128 1.605972 3.806111 -4.389961 1.217162 9.524625 -2.079710 0.028844
Car -1 -1 -10 228.000000 167.000000 335.000000 308.000000 1.488507 1.545286 3.697978 -5.483318 1.189143 11.058202 1.682952 0.026671
Car -1 -1 -10 276.000000 178.000000 373.000000 234.000000 1.482118 1.599967 3.881778 -9.361837 1.524329 21.912568 -3.118014 0.023344
Cyclist -1 -1 -10 233.000000 167.000000 307.000000 302.000000 1.653222 0.647736 1.786566 -5.171210 1.161739 10.899831 2.203022 0.181326
Cyclist -1 -1 -10 221.000000 174.000000 413.000000 314.000000 1.716916 0.718153 1.776821 -2.903996 1.652845 7.499243 1.742101 0.119333
Cyclist -1 -1 -10 128.000000 160.000000 275.000000 311.000000 1.736883 0.661030 1.777391 -4.930385 1.300498 8.656590 -2.670972 0.070571
Cyclist -1 -1 -10 895.000000 194.000000 1246.000000 373.000000 1.775206 0.776599 1.799316 1.869082 1.692344 2.299709 -1.694253 0.032138
Cyclist -1 -1 -10 163.000000 152.000000 232.000000 322.000000 1.737895 0.572153 1.682588 -4.998411 1.149556 8.729526 -2.612005 0.031557
Cyclist -1 -1 -10 0.000000 183.000000 417.000000 359.000000 1.745167 0.729239 2.026512 -2.347458 1.723159 4.251230 -1.529835 0.023179
