Pedestrian -1 -1 -10 18.000000 150.000000 115.000000 352.000000 1.836538 0.696443 1.027622 -5.330329 1.545452 7.079878 -2.632305 0.997020
Pedestrian -1 -1 -10 397.000000 176.000000 424.000000 279.000000 1.730376 0.516091 0.678403 -3.235843 1.649656 12.077286 -0.195360 0.992439
Pedestrian -1 -1 -10 476.000000 183.000000 521.000000 286.000000 1.729085 0.636968 0.974506 -1.651525 1.739452 11.087352 -1.168017 0.990194
Pedestrian -1 -1 -10 499.000000 173.000000 530.000000 264.000000 1.660646 0.525249 0.525566 -1.873098 1.454172 15.581646 1.569255 0.879436
Pedestrian -1 -1 -10 592.000000 171.000000 611.000000 231.000000 1.781715 0.664384 0.823185 -0.055594 1.458084 21.196780 1.490629 0.709815
Pedestrian -1 -1 -10 853.000000 169.000000 880.000000 250.000000 1.648582 0.635905 0.760588 5.087355 1.347285 13.755461 -0.666469 0.535462
Pedestrian -1 -1 -10 572.000000 174.000000 589.000000 223.000000 1.739391 0.583064 0.689783 -0.791686 1.468361 25.735613 2.033084 0.084379
Pedestrian -1 -1 -10 618.000000 171.000000 631.000000 211.000000 1.769754 0.573305 0.729697 1.031370 1.251370 33.121050 1.105756 0.058674
Pedestrian -1 -1 -10 633.000000 170.000000 647.000000 212.000000 1.763716 0.621513 0.689962 1.631140 1.343031 32.241824 -1.580521 0.051499
Pedestrian -1 -1 -10 487.000000 187.000000 516.000000 258.000000 1.690110 0.519828 0.596963 -1.976374 1.546151 15.666460 1.956624 0.028450
Pedestrian -1 -1 -10 608.000000 170.000000 622.000000 214.000000 1.762673 0.589903 0.691868 0.563457 1.268242 32.143577 -2.097156 0.015454
Pedestrian -1 -1 -10 479.000000 187.000000 507.000000 244.000000 1.740210 0.566410 0.634232 -3.854479 1.757995 23.561812 0.424281 0.010053
Car -1 -1 -10 866.000000 101.000000 1224.000000 370.000000 1.713360 1.682915 3.845757 2.436508 1.184257 2.821651 -1.564045 0.039529
Cyclist -1 -1 -10 683.000000 165.000000 722.000000 232.000000 1.716054 0.521472 1.740173 2.871474 1.376476 20.665267 1.267554 0.854534
Cyclist -1 -1 -10 474.000000 181.000000 524.000000 289.000000 1.717045 0.597334 1.733569 -1.733079 1.733081 11.130839 2.477164 0.210698
Cyclist -1 -1 -10 393.000000 177.000000 427.000000 273.000000 1.701577 0.594200 1.730661 -3.279460 1.599618 12.381116 -1.706084 0.044590
Cyclist -1 -1 -10 854.000000 169.000000 882.000000 253.000000 1.713217 0.448160 1.706956 5.163988 1.389083 13.981558 -1.409622 0.028355
Cyclist -1 -1 -10 682.000000 166.000000 706.000000 217.000000 1.694697 0.645451 1.684170 3.770916 0.994460 28.233263 -1.358198 0.018178
Cyclist -1 -1 -10 497.000000 175.000000 529.000000 266.000000 1.774898 0.631617 1.757272 -1.919024 1.512537 15.638519 1.519127 0.013072
