Car -1 -1 -10 136.000000 204.000000 277.000000 265.000000 1.391369 1.597803 3.871297 -9.992715 2.116226 17.476619 -2.488766 0.999613
Car -1 -1 -10 604.000000 181.000000 689.000000 232.000000 1.452799 1.647726 4.128822 0.932801 1.712222 21.319647 1.432181 0.997330
Car -1 -1 -10 530.000000 182.000000 594.000000 229.000000 1.453776 1.581398 3.658544 -1.496858 1.706056 21.965596 1.581748 0.931401
Car -1 -1 -10 291.000000 171.000000 538.000000 295.000000 2.025513 1.729501 4.340676 -3.815524 2.048938 12.877862 -2.498893 0.895002
Car -1 -1 -10 189.000000 184.000000 304.000000 222.000000 1.519982 1.626792 3.807124 -16.349707 2.023651 32.497835 -3.383180 0.398184
Car -1 -1 -10 138.000000 191.000000 224.000000 218.000000 1.536009 1.598518 3.905870 -21.433182 2.457967 36.190261 -0.370198 0.251206
Car -1 -1 -10 -1.000000 195.000000 57.000000 240.000000 1.504199 1.608616 3.863617 -22.252767 2.388516 26.694413 -2.421664 0.104264
Car -1 -1 -10 660.000000 173.000000 786.000000 219.000000 1.471807 1.636449 4.077555 3.223185 1.852837 23.646544 2.343778 0.057502
Car -1 -1 -10 574.000000 179.000000 637.000000 220.000000 1.547281 1.631017 3.879399 0.083288 1.774291 33.425117 1.535072 0.032708
Car -1 -1 -10 170.000000 189.000000 279.000000 237.000000 1.584008 1.613901 3.870429 -16.465111 2.542208 31.597861 -0.449613 0.024095
Car -1 -1 -10 423.000000 180.000000 531.000000 244.000000 1.441654 1.433251 3.111348 -3.205250 2.135050 20.549995 1.883261 0.012863
