Pedestrian -1 -1 -10 941.000000 158.000000 1064.000000 376.000000 1.676428 0.628837 0.871166 2.339754 1.505144 4.388300 -1.545862 0.997182
Pedestrian -1 -1 -10 716.000000 176.000000 775.000000 313.000000 1.841848 0.666837 0.656760 1.722548 1.597033 8.939340 1.336744 0.994485
Pedestrian -1 -1 -10 767.000000 166.000000 824.000000 339.000000 1.718221 0.644576 0.785398 1.909347 1.584655 7.340939 -1.904827 0.989155
Pedestrian -1 -1 -10 884.000000 167.000000 954.000000 366.000000 1.671831 0.518725 0.694280 2.513539 1.553314 5.884434 -1.639567 0.979834
Pedestrian -1 -1 -10 813.000000 178.000000 867.000000 318.000000 1.782679 0.742251 0.867808 3.047010 1.637456 9.803301 1.422911 0.936798
Pedestrian -1 -1 -10 862.000000 164.000000 901.000000 290.000000 1.774630 0.623073 0.756956 3.701805 1.500207 9.770153 3.403821 0.930436
Pedestrian -1 -1 -10 540.000000 161.000000 577.000000 261.000000 1.786675 0.716148 0.966706 -0.953078 1.405100 14.008242 -2.080175 0.929681
Pedestrian -1 -1 -10 665.000000 172.000000 684.000000 222.000000 1.768300 0.601115 0.785582 2.486837 1.427993 24.908086 -1.885604 0.863783
Pedestrian -1 -1 -10 879.000000 163.000000 916.000000 298.000000 1.753173 0.597587 0.679825 3.790707 1.408473 9.642751 -1.671863 0.435379
Pedestrian -1 -1 -10 765.000000 170.000000 798.000000 277.000000 1.648782 0.453830 0.507899 2.914605 1.247755 11.967971 2.356071 0.431752
Pedestrian -1 -1 -10 796.000000 173.000000 850.000000 297.000000 1.706632 0.527686 0.700326 2.968370 1.528490 9.848874 -1.461426 0.308495
Pedestrian -1 -1 -10 679.000000 171.000000 698.000000 221.000000 1.721956 0.669634 0.729246 3.035013 1.317319 24.958209 -1.597346 0.261326
Car -1 -1 -10 536.000000 173.000000 591.000000 242.000000 1.576416 1.636044 3.830228 -1.212909 1.607625 23.527212 1.684518 0.403943
Cyclist -1 -1 -10 539.000000 166.000000 579.000000 255.000000 1.795004 0.559828 1.681943 -0.942099 1.467427 14.005352 -2.236650 0.924361
Cyclist -1 -1 -10 543.000000 174.000000 597.000000 229.000000 1.696491 0.730467 1.754499 -0.796671 1.935539 22.115671 2.349327 0.101744
Cyclist -1 -1 -10 918.000000 176.000000 937.000000 239.000000 1.786383 0.645085 1.869224 9.149538 1.410899 20.158040 1.960739 0.015203
Cyclist -1 -1 -10 764.000000 170.000000 798.000000 275.000000 1.668524 0.596059 1.610406 3.052936 1.180726 12.096296 2.845706 0.012871
Cyclist -1 -1 -10 889.000000 171.000000 930.000000 309.000000 1.676067 0.592695 1.648481 2.608087 1.393965 5.989116 3.050205 0.010289
