Pedestrian -1 -1 -10 1003.000000 159.000000 1038.000000 241.000000 1.758337 0.658100 0.928543 8.507963 1.473515 14.984751 -2.045095 0.815887
Pedestrian -1 -1 -10 957.000000 158.000000 1003.000000 245.000000 1.752148 0.583099 0.562068 7.349154 1.582650 14.445083 -0.608315 0.066996
Pedestrian -1 -1 -10 964.000000 162.000000 988.000000 226.000000 1.719234 0.542979 0.573618 7.752523 1.327140 15.080587 -1.294897 0.021323
Car -1 -1 -10 1003.000000 162.000000 1038.000000 240.000000 1.508530 1.570220 3.388464 8.872822 1.174457 16.560092 2.068811 0.016173
Car -1 -1 -10 908.000000 172.000000 973.000000 206.000000 1.542654 1.616801 3.786064 19.622421 1.966040 45.431597 1.951528 0.013301
Cyclist -1 -1 -10 918.000000 159.000000 994.000000 262.000000 1.776560 0.530525 1.792257 5.900514 1.524928 12.521682 -1.552440 0.999681
Cyclist -1 -1 -10 954.000000 159.000000 1005.000000 254.000000 1.800066 0.439825 1.803411 6.119419 1.506891 12.521893 -1.589421 0.959929
Cyclist -1 -1 -10 997.000000 161.000000 1046.000000 240.000000 1.766608 0.561101 1.780121 8.499360 1.466382 15.088907 3.566706 0.883015
Cyclist -1 -1 -10 778.000000 168.000000 797.000000 210.000000 1.698234 0.530724 1.689265 7.055708 1.530175 29.059410 -1.759327 0.877053
Cyclist -1 -1 -10 949.000000 162.000000 990.000000 212.000000 1.696975 0.755437 1.758512 7.729998 1.266608 15.528792 -1.108628 0.144478
Cyclist -1 -1 -10 908.000000 172.000000 970.000000 208.000000 1.678226 0.523705 1.620553 19.320899 2.103307 43.948154 -1.092987 0.138898
Cyclist -1 -1 -10 975.000000 167.000000 1023.000000 231.000000 1.783550 0.513008 1.760739 8.189869 1.342370 15.243542 -0.527611 0.066942
Cyclist -1 -1 -10 995.000000 168.000000 1031.000000 218.000000 1.598703 0.410666 1.533245 9.410947 1.264235 16.815909 -1.048434 0.015860
