Pedestrian -1 -1 -10 721.000000 163.000000 739.000000 223.000000 1.798292 0.584462 1.044371 3.842612 1.508230 23.843954 -1.823809 0.737794
Pedestrian -1 -1 -10 49.000000 184.000000 187.000000 379.000000 1.681474 0.642137 0.767467 -3.640816 1.806574 5.560141 1.512051 0.100293
Pedestrian -1 -1 -10 467.000000 180.000000 490.000000 243.000000 1.655043 0.700143 0.598030 -3.534249 1.919732 19.444598 1.493281 0.046730
Pedestrian -1 -1 -10 712.000000 164.000000 732.000000 221.000000 1.859227 0.622712 1.040284 3.888992 1.550601 23.821919 -0.392430 0.016980
Pedestrian -1 -1 -10 513.000000 177.000000 519.000000 202.000000 1.774438 0.636189 0.792222 -6.945615 1.986079 52.643343 -0.028687 0.012807
Car -1 -1 -10 296.000000 197.000000 431.000000 274.000000 1.508710 1.614789 4.008378 -5.451722 2.056485 16.229111 1.566695 0.999271
Car -1 -1 -10 641.000000 181.000000 678.000000 210.000000 1.549279 1.672267 3.924202 2.623889 1.891332 37.161625 -1.486411 0.991346
Car -1 -1 -10 484.000000 187.000000 526.000000 220.000000 1.451035 1.591710 3.940291 -5.271253 2.184840 35.003276 1.595233 0.243436
Cyclist -1 -1 -10 128.000000 179.000000 330.000000 373.000000 1.774263 0.663237 1.763215 -3.168910 1.733774 5.681845 -1.596443 0.999716
Cyclist -1 -1 -10 19.000000 187.000000 213.000000 379.000000 1.658443 0.536386 1.667274 -3.516477 1.744149 5.386809 1.415746 0.999527
Cyclist -1 -1 -10 464.000000 177.000000 495.000000 250.000000 1.726842 0.584262 1.791082 -3.508887 1.962090 19.401152 1.568969 0.999282
Cyclist -1 -1 -10 721.000000 163.000000 741.000000 223.000000 1.867318 0.525410 1.801710 3.875376 1.573818 23.861297 -1.756471 0.671916
Cyclist -1 -1 -10 471.000000 185.000000 506.000000 237.000000 1.685470 0.505623 1.700863 -3.503723 1.851166 19.459665 1.506598 0.052022
