Pedestrian -1 -1 -10 936.000000 168.000000 1009.000000 317.000000 1.697236 0.663326 0.965745 4.167299 1.566640 8.155850 -1.182281 0.993334
Pedestrian -1 -1 -10 520.000000 182.000000 537.000000 237.000000 1.712445 0.640029 0.738446 -2.247204 1.701048 21.738008 -1.061220 0.875903
Pedestrian -1 -1 -10 418.000000 176.000000 450.000000 263.000000 1.692602 0.559661 0.729736 -3.248644 1.569579 13.498343 1.835324 0.624845
Pedestrian -1 -1 -10 575.000000 180.000000 596.000000 226.000000 1.748021 0.647901 0.961847 -0.732793 1.777295 28.911082 -2.632458 0.571616
Pedestrian -1 -1 -10 3.000000 184.000000 120.000000 364.000000 1.744764 0.778376 0.701651 -4.973802 1.753933 6.455395 1.953000 0.350711
Pedestrian -1 -1 -10 626.000000 177.000000 643.000000 222.000000 1.754492 0.655621 0.969477 1.322245 1.687535 29.886968 -1.045840 0.303389
Pedestrian -1 -1 -10 685.000000 182.000000 702.000000 225.000000 1.684020 0.606038 0.707129 3.341727 1.757698 25.871788 2.746941 0.268584
Pedestrian -1 -1 -10 657.000000 179.000000 671.000000 212.000000 1.795223 0.627927 0.800244 3.469108 1.751413 40.266505 -1.549577 0.108878
Pedestrian -1 -1 -10 169.000000 198.000000 184.000000 245.000000 1.806886 0.527148 0.684441 -6.490971 1.455664 10.654493 0.029931 0.063985
Pedestrian -1 -1 -10 -8.000000 183.000000 251.000000 372.000000 1.805027 0.802244 0.918287 -3.545088 2.169449 5.449879 1.380181 0.047741
Pedestrian -1 -1 -10 671.000000 179.000000 680.000000 212.000000 1.799594 0.561283 0.785284 4.110004 1.722241 40.195007 -2.032914 0.037051
Pedestrian -1 -1 -10 1.000000 195.000000 65.000000 345.000000 1.678222 0.527842 0.722942 -5.022549 1.607106 6.371586 1.939985 0.034032
Car -1 -1 -10 -1.000000 181.000000 267.000000 376.000000 1.754059 1.614070 3.690319 -6.561702 1.749063 9.733276 0.508363 0.019495
Car -1 -1 -10 714.000000 199.000000 772.000000 251.000000 1.550045 1.595851 3.790143 3.107286 1.727259 16.512481 -1.362889 0.015967
Cyclist -1 -1 -10 0.000000 181.000000 224.000000 372.000000 1.685866 0.554033 1.740358 -4.681841 1.628572 6.480415 0.393314 0.769966
Cyclist -1 -1 -10 574.000000 180.000000 596.000000 227.000000 1.800816 0.594451 1.747697 -0.729944 1.799220 28.980336 3.038931 0.186111
Cyclist -1 -1 -10 6.000000 187.000000 113.000000 359.000000 1.702333 0.624312 1.754836 -5.068277 1.621066 6.375263 2.001695 0.042478
