Pedestrian -1 -1 -10 327.000000 164.000000 363.000000 266.000000 1.796111 0.657701 0.753714 -4.714506 1.503841 13.217139 -1.247330 0.981031
Pedestrian -1 -1 -10 465.000000 186.000000 497.000000 261.000000 1.767170 0.613678 0.836662 -2.211514 1.777581 13.118086 -0.709777 0.570570
Pedestrian -1 -1 -10 431.000000 189.000000 464.000000 263.000000 1.649105 0.726443 0.980320 -2.838134 1.694201 13.078163 -1.375810 0.324575
Pedestrian -1 -1 -10 1135.000000 124.000000 1177.000000 246.000000 1.703398 0.672569 0.674776 8.674799 0.820284 11.330242 -0.458652 0.047620
Pedestrian -1 -1 -10 456.000000 188.000000 484.000000 252.000000 1.796742 0.603853 0.733187 -2.999269 1.434941 15.508091 0.451295 0.037723
Pedestrian -1 -1 -10 987.000000 67.000000 1016.000000 185.000000 1.638606 0.543259 0.632053 7.116508 0.383629 12.772835 3.089514 0.027505
Pedestrian -1 -1 -10 433.000000 190.000000 456.000000 237.000000 1.791217 0.653950 0.624622 -5.585591 1.740765 25.448216 -2.311725 0.015589
Pedestrian -1 -1 -10 451.000000 189.000000 472.000000 259.000000 1.738515 0.537516 0.812644 -2.722064 1.680239 14.114554 0.928522 0.011324
Car -1 -1 -10 737.000000 148.000000 959.000000 310.000000 1.799752 1.655254 3.899027 3.191690 1.446656 10.011761 -1.607220 0.994510
Cyclist -1 -1 -10 1136.000000 211.000000 1235.000000 373.000000 1.738523 0.585738 1.353471 4.791606 1.562267 5.958885 -0.910974 0.079247
