Pedestrian -1 -1 -10 462.000000 171.000000 492.000000 239.000000 1.697432 0.612936 0.848983 -2.993221 1.490544 17.810723 -0.762278 0.917761
Pedestrian -1 -1 -10 907.000000 239.000000 1044.000000 371.000000 1.725174 0.589975 0.786286 2.463762 1.945361 4.639457 3.022377 0.745818
Pedestrian -1 -1 -10 986.000000 241.000000 1236.000000 375.000000 1.766716 0.693811 0.836746 2.570523 2.025533 4.019761 3.187968 0.724524
Pedestrian -1 -1 -10 1006.000000 224.000000 1105.000000 351.000000 1.747577 0.677978 0.666741 2.508911 2.027107 3.921443 -0.522241 0.693095
Pedestrian -1 -1 -10 1117.000000 237.000000 1235.000000 370.000000 1.689049 0.663362 0.704625 6.729882 1.590227 8.323121 0.807820 0.661271
Pedestrian -1 -1 -10 1029.000000 241.000000 1146.000000 365.000000 1.710042 0.664066 0.620035 2.646949 1.989497 3.895128 -1.435979 0.195704
Car -1 -1 -10 1137.000000 240.000000 1233.000000 371.000000 1.504212 1.556798 3.413365 7.087917 1.394287 9.095223 -0.882473 0.011769
Car -1 -1 -10 185.000000 168.000000 354.000000 369.000000 1.537465 1.576648 3.664674 -2.873796 1.339324 4.164185 -1.495172 0.010214
Cyclist -1 -1 -10 183.000000 171.000000 353.000000 371.000000 1.687546 0.580543 1.682077 -2.186239 1.532367 3.996316 1.708783 0.607151
Cyclist -1 -1 -10 996.000000 238.000000 1234.000000 372.000000 1.689587 0.690229 1.730769 2.754125 1.710666 3.929648 1.505952 0.332442
Cyclist -1 -1 -10 1118.000000 234.000000 1213.000000 370.000000 1.710320 0.500186 1.493874 4.168879 1.236108 5.373790 -0.915491 0.238336
Cyclist -1 -1 -10 891.000000 237.000000 1052.000000 370.000000 1.714539 0.559384 1.751871 2.620085 1.883498 4.653407 1.499864 0.034471
Cyclist -1 -1 -10 1184.000000 235.000000 1238.000000 365.000000 1.672142 0.268584 1.323019 8.362048 1.734247 9.489020 -0.817670 0.020767
Cyclist -1 -1 -10 1007.000000 222.000000 1112.000000 364.000000 1.711410 0.697059 1.773459 2.761033 1.797627 3.803912 -1.570656 0.016162
Cyclist -1 -1 -10 367.000000 179.000000 481.000000 274.000000 1.786806 0.593404 1.765998 -3.053226 1.547643 11.644712 -0.284281 0.012399
Cyclist -1 -1 -10 456.000000 171.000000 493.000000 244.000000 1.742073 0.547139 1.782101 -3.169475 1.496001 17.912101 -1.924926 0.010904
