Pedestrian -1 -1 -10 634.000000 135.000000 672.000000 244.000000 1.808909 0.630221 1.002507 0.751166 1.024345 12.243994 1.179207 0.998382
Pedestrian -1 -1 -10 591.000000 139.000000 631.000000 250.000000 1.774108 0.657822 0.969365 -0.014103 1.082876 12.143676 1.437328 0.998332
Pedestrian -1 -1 -10 1017.000000 131.000000 1125.000000 370.000000 1.744475 0.461382 0.796830 2.955536 1.260472 4.453121 1.075793 0.996442
Pedestrian -1 -1 -10 917.000000 142.000000 1039.000000 370.000000 1.717588 0.616197 0.674612 2.593695 1.418703 4.850541 0.939377 0.994026
Pedestrian -1 -1 -10 1067.000000 130.000000 1167.000000 369.000000 1.777145 0.558897 0.818612 3.536509 1.344943 4.804356 1.099733 0.989722
Pedestrian -1 -1 -10 540.000000 139.000000 575.000000 228.000000 1.826731 0.687025 1.013018 -0.976160 1.019582 14.481569 0.896168 0.984318
Pedestrian -1 -1 -10 499.000000 137.000000 527.000000 224.000000 1.812671 0.678541 0.890586 -2.055139 0.904000 15.391940 1.069348 0.975561
Pedestrian -1 -1 -10 569.000000 142.000000 601.000000 226.000000 1.712394 0.583661 0.654189 -0.479927 0.929163 14.857860 1.184261 0.943518
Pedestrian -1 -1 -10 693.000000 146.000000 711.000000 204.000000 1.805993 0.616590 0.721806 2.951369 0.728431 21.978981 -1.879341 0.877379
Pedestrian -1 -1 -10 478.000000 145.000000 501.000000 221.000000 1.800982 0.649504 0.951811 -2.629543 0.952713 16.062496 1.459498 0.743674
Pedestrian -1 -1 -10 442.000000 143.000000 471.000000 223.000000 1.760824 0.658723 0.762056 -2.934626 0.960831 14.028741 1.315807 0.717543
Pedestrian -1 -1 -10 535.000000 145.000000 556.000000 223.000000 1.781653 0.628051 0.702613 -1.411942 0.951406 15.722194 2.479321 0.716598
Pedestrian -1 -1 -10 526.000000 138.000000 547.000000 204.000000 1.797218 0.591530 0.719153 -2.202181 0.515535 21.130786 0.361116 0.448983
Pedestrian -1 -1 -10 581.000000 141.000000 615.000000 225.000000 1.742977 0.496086 0.659637 -0.294653 1.044214 14.815361 1.069741 0.398675
Pedestrian -1 -1 -10 278.000000 137.000000 308.000000 235.000000 1.779153 0.637848 0.533948 -5.475978 1.722384 12.282131 -2.549304 0.328816
Cyclist -1 -1 -10 435.000000 144.000000 474.000000 230.000000 1.806872 0.641843 1.766080 -3.032145 1.013229 14.014142 1.493267 0.542840
Cyclist -1 -1 -10 276.000000 139.000000 320.000000 227.000000 1.742345 0.480623 1.639997 -7.483280 0.663907 17.032521 -2.043825 0.378025
Cyclist -1 -1 -10 318.000000 149.000000 399.000000 202.000000 1.711883 0.481541 1.498180 -4.256768 0.847195 12.198647 -1.947476 0.176351
Cyclist -1 -1 -10 292.000000 152.000000 354.000000 206.000000 1.695942 0.507634 1.536194 -7.891238 1.150847 19.987294 -1.995161 0.158264
Cyclist -1 -1 -10 358.000000 147.000000 400.000000 198.000000 1.697241 0.478653 1.491035 -4.207337 0.972162 13.108453 -1.919364 0.133931
Cyclist -1 -1 -10 488.000000 139.000000 506.000000 201.000000 1.697031 0.481972 1.444754 -3.137836 0.781663 21.415689 -1.755267 0.057948
Cyclist -1 -1 -10 527.000000 139.000000 558.000000 214.000000 1.677503 0.426755 1.682720 -1.547027 0.775130 16.099300 -2.022104 0.037346
Cyclist -1 -1 -10 589.000000 140.000000 630.000000 239.000000 1.835909 0.527834 1.745800 -0.002069 1.153529 12.193027 1.458587 0.020538
Cyclist -1 -1 -10 476.000000 144.000000 503.000000 220.000000 1.833697 0.544825 1.766177 -2.605511 0.944739 16.413042 1.410513 0.018459
Cyclist -1 -1 -10 456.000000 144.000000 488.000000 224.000000 1.703248 0.523744 1.588931 -2.818750 0.998549 15.814726 -1.772355 0.015904
