Pedestrian -1 -1 -10 722.000000 142.000000 787.000000 327.000000 1.791011 0.695533 0.775793 1.430043 1.391112 7.250167 1.715668 0.999362
Pedestrian -1 -1 -10 1014.000000 143.000000 1090.000000 336.000000 1.743989 0.572614 0.821031 4.160428 1.385806 6.686856 1.131383 0.999098
Pedestrian -1 -1 -10 802.000000 144.000000 877.000000 325.000000 1.804303 0.685111 0.713583 2.305005 1.391429 7.129918 1.802646 0.998985
Pedestrian -1 -1 -10 922.000000 144.000000 1010.000000 339.000000 1.779470 0.651003 0.919402 3.352150 1.408183 6.646709 1.462622 0.998473
Pedestrian -1 -1 -10 504.000000 141.000000 559.000000 320.000000 1.769456 0.619141 0.893381 -0.860429 1.380217 7.599582 1.324481 0.995139
Pedestrian -1 -1 -10 583.000000 137.000000 637.000000 300.000000 1.831094 0.697965 0.975624 0.041090 1.358577 8.680063 1.016082 0.992538
Pedestrian -1 -1 -10 666.000000 139.000000 712.000000 281.000000 1.778668 0.653353 0.865595 1.062872 1.272057 9.341637 0.771390 0.989362
Pedestrian -1 -1 -10 639.000000 160.000000 690.000000 293.000000 1.752442 0.679882 0.870283 0.825135 1.402670 9.076528 0.646153 0.987872
Pedestrian -1 -1 -10 556.000000 150.000000 604.000000 304.000000 1.800896 0.727252 0.860159 -0.359700 1.397075 8.430822 0.955936 0.949570
Pedestrian -1 -1 -10 495.000000 141.000000 530.000000 237.000000 1.797829 0.650011 0.887003 -1.847558 1.021885 13.230982 1.014033 0.931237
Pedestrian -1 -1 -10 253.000000 135.000000 290.000000 256.000000 1.862610 0.630136 0.965314 -5.475725 1.108015 11.560570 -2.594701 0.707468
Pedestrian -1 -1 -10 1127.000000 137.000000 1223.000000 367.000000 1.623016 0.480123 0.608770 2.189972 1.493308 2.667152 3.160623 0.693045
Pedestrian -1 -1 -10 660.000000 141.000000 692.000000 243.000000 1.765832 0.599498 0.779185 0.917986 1.146770 9.402468 -1.969968 0.632901
Pedestrian -1 -1 -10 888.000000 163.000000 923.000000 238.000000 1.793605 0.590466 0.906316 7.375080 1.434877 17.730931 3.009408 0.623173
Pedestrian -1 -1 -10 613.000000 139.000000 639.000000 207.000000 1.705730 0.637387 0.631260 0.440065 0.261105 13.508387 -2.057174 0.413681
Pedestrian -1 -1 -10 490.000000 140.000000 503.000000 180.000000 1.698989 0.544770 0.529544 -5.779495 0.415214 37.336545 -1.778213 0.379676
Pedestrian -1 -1 -10 570.000000 147.000000 604.000000 240.000000 1.699217 0.532194 0.609967 -0.397903 0.899343 13.359033 2.545661 0.292937
Pedestrian -1 -1 -10 496.000000 141.000000 514.000000 203.000000 1.820772 0.648663 0.858949 -1.937099 1.019397 12.931250 0.906623 0.268748
Pedestrian -1 -1 -10 551.000000 146.000000 567.000000 197.000000 1.818684 0.547425 0.726136 -1.924207 0.427992 28.769882 2.660611 0.122805
Cyclist -1 -1 -10 296.000000 144.000000 338.000000 218.000000 1.743960 0.520110 1.465982 -6.727939 1.252277 16.608959 -2.002173 0.750975
Cyclist -1 -1 -10 249.000000 136.000000 294.000000 256.000000 1.850166 0.619960 1.794070 -5.413537 1.078719 11.470994 -2.610059 0.363139
Cyclist -1 -1 -10 493.000000 139.000000 530.000000 237.000000 1.774994 0.621455 1.699021 -1.819792 0.890150 13.327285 0.900511 0.303059
Cyclist -1 -1 -10 304.000000 152.000000 367.000000 210.000000 1.669499 0.469035 1.504630 -4.159699 0.814497 10.602816 -1.986164 0.270059
Cyclist -1 -1 -10 328.000000 153.000000 389.000000 202.000000 1.708725 0.521715 1.547306 -6.406428 1.409498 17.578070 -1.945069 0.212353
Cyclist -1 -1 -10 550.000000 146.000000 567.000000 198.000000 1.785601 0.613511 1.769036 -1.968296 0.382935 29.069460 -1.731958 0.156411
Cyclist -1 -1 -10 258.000000 144.000000 353.000000 228.000000 1.724329 0.611136 1.720639 -6.530848 0.940981 15.144007 2.621926 0.138232
Cyclist -1 -1 -10 570.000000 144.000000 600.000000 208.000000 1.673718 0.467788 1.680728 -0.831033 -0.228519 30.911512 -2.025695 0.099183
Cyclist -1 -1 -10 498.000000 145.000000 546.000000 277.000000 1.697031 0.481972 1.444753 -0.949759 0.786040 8.328399 -1.720564 0.074232
Cyclist -1 -1 -10 348.000000 150.000000 381.000000 193.000000 1.703893 0.616080 1.642661 -11.840960 0.605774 34.664087 -1.909339 0.059284
Cyclist -1 -1 -10 569.000000 146.000000 605.000000 261.000000 1.759865 0.611901 1.708099 -0.084801 1.298902 9.066676 2.578368 0.057976
Cyclist -1 -1 -10 512.000000 143.000000 544.000000 206.000000 1.699294 0.529464 1.550784 -2.094669 1.301788 16.794316 -1.722467 0.050588
Cyclist -1 -1 -10 604.000000 139.000000 637.000000 208.000000 1.730324 0.633451 1.797497 0.205114 0.701109 13.411830 2.233123 0.020329
Cyclist -1 -1 -10 553.000000 148.000000 612.000000 301.000000 1.791611 0.604541 1.706752 -0.209796 1.394450 8.561709 0.810241 0.019002
Cyclist -1 -1 -10 492.000000 139.000000 509.000000 188.000000 1.748670 0.518699 1.441582 -2.623106 1.220572 16.512467 -1.724860 0.015487
Cyclist -1 -1 -10 662.000000 144.000000 705.000000 248.000000 1.762786 0.536635 1.559619 1.499987 0.791281 13.638562 -1.499706 0.014445
Cyclist -1 -1 -10 496.000000 141.000000 514.000000 203.000000 1.675700 0.470032 1.501333 -1.688062 0.677465 11.139022 -1.766560 0.013301
Cyclist -1 -1 -10 1135.000000 136.000000 1222.000000 372.000000 1.702883 0.698059 1.722003 2.298886 1.366153 2.681038 3.308728 0.010880
