Car -1 -1 -10 357.000000 196.000000 466.000000 273.000000 1.457634 1.595504 3.936931 -4.230764 1.990182 15.600918 1.536653 0.998619
Car -1 -1 -10 743.000000 155.000000 1025.000000 330.000000 1.817404 1.679400 4.025472 3.130826 1.630114 9.379918 -1.676622 0.995233
Car -1 -1 -10 476.000000 181.000000 521.000000 222.000000 1.682130 1.697232 4.193378 -5.497812 2.295917 35.839243 1.516010 0.992042
Car -1 -1 -10 8.000000 191.000000 278.000000 374.000000 1.564259 1.613851 3.768343 -3.475271 1.709533 3.790226 1.584706 0.982589
Car -1 -1 -10 949.000000 194.000000 1234.000000 373.000000 1.483989 1.583918 3.956281 3.252140 1.700726 3.215322 -1.574841 0.975426
Car -1 -1 -10 159.000000 180.000000 404.000000 368.000000 1.660132 1.541591 3.644887 -3.592082 1.848165 8.570363 1.560636 0.921485
Car -1 -1 -10 509.000000 188.000000 534.000000 214.000000 1.517274 1.597682 3.832705 -5.432749 2.506500 43.169704 1.505683 0.186593
Car -1 -1 -10 492.000000 186.000000 527.000000 217.000000 1.538786 1.645195 4.083293 -5.429579 2.110931 35.928894 1.500866 0.042226
Car -1 -1 -10 3.000000 190.000000 222.000000 271.000000 1.528690 1.552477 3.475459 -7.463565 1.448903 11.177504 -2.181059 0.014277
Cyclist -1 -1 -10 69.000000 186.000000 199.000000 278.000000 1.686096 0.553395 1.695591 -6.686351 1.487278 10.150610 2.040307 0.035345
