Car -1 -1 -10 369.000000 188.000000 490.000000 265.000000 1.466305 1.656006 4.040338 -3.917460 1.867985 16.124689 1.540838 0.999286
Car -1 -1 -10 455.000000 186.000000 520.000000 232.000000 1.444254 1.571421 3.616199 -4.183751 1.949526 24.861510 1.572791 0.998075
Car -1 -1 -10 633.000000 177.000000 677.000000 208.000000 1.465141 1.599180 3.860491 2.093204 1.666796 36.529793 -1.593605 0.997051
Car -1 -1 -10 194.000000 201.000000 350.000000 282.000000 1.461458 1.644253 4.014140 -6.921876 2.072847 14.956217 1.568399 0.995664
Car -1 -1 -10 735.000000 162.000000 861.000000 204.000000 1.589652 1.539729 3.741512 8.045670 1.319114 30.494178 3.369809 0.978020
Car -1 -1 -10 814.000000 157.000000 869.000000 182.000000 1.559711 1.597965 3.687811 2.260286 0.782603 7.719521 -0.696549 0.132847
Car -1 -1 -10 891.000000 152.000000 947.000000 177.000000 1.490222 1.616368 3.938487 20.480549 0.341239 49.591488 -1.247188 0.060366
Car -1 -1 -10 2.000000 221.000000 95.000000 369.000000 1.497619 1.528457 3.791426 -6.875145 2.685837 10.111516 1.424677 0.034078
Car -1 -1 -10 416.000000 189.000000 471.000000 224.000000 1.468295 1.576744 3.687277 -6.489749 1.773952 30.573480 1.378783 0.011216
Cyclist -1 -1 -10 2.000000 221.000000 95.000000 369.000000 1.618535 0.721564 1.764572 -7.332610 2.646730 9.616037 2.301098 0.022020
