Pedestrian -1 -1 -10 633.000000 178.000000 654.000000 214.000000 1.784319 0.579636 0.808916 1.927754 1.849738 34.970643 2.560578 0.058156
Pedestrian -1 -1 -10 475.000000 187.000000 482.000000 217.000000 1.735350 0.632702 0.762858 -6.460388 2.241160 35.403478 -1.332252 0.018701
Car -1 -1 -10 498.000000 185.000000 550.000000 229.000000 1.550837 1.656444 3.952326 -3.404797 2.057231 28.460479 -1.594719 0.999066
Car -1 -1 -10 579.000000 183.000000 606.000000 209.000000 1.551123 1.676255 4.014409 -1.331023 2.318343 46.639239 -1.581030 0.997546
Car -1 -1 -10 337.000000 193.000000 405.000000 231.000000 1.530283 1.660006 4.215604 -10.375573 2.433581 32.017286 1.551265 0.989570
Car -1 -1 -10 402.000000 189.000000 438.000000 214.000000 1.529809 1.659720 3.724681 -13.824872 3.276967 51.492306 -1.826745 0.087163
Cyclist -1 -1 -10 637.000000 177.000000 669.000000 214.000000 1.719943 0.627874 1.787348 1.962526 1.909526 34.628980 -2.522645 0.962308
Cyclist -1 -1 -10 631.000000 179.000000 654.000000 213.000000 1.763096 0.556186 1.695105 1.915481 1.929679 35.043449 -2.137931 0.710571
Cyclist -1 -1 -10 629.000000 181.000000 644.000000 210.000000 1.738748 0.637185 1.756916 1.323354 1.894269 36.109852 1.580838 0.021357
Cyclist -1 -1 -10 644.000000 177.000000 659.000000 213.000000 1.761163 0.581267 1.794569 1.969305 1.886391 34.555062 1.108654 0.015844
