Pedestrian -1 -1 -10 252.000000 162.000000 303.000000 308.000000 1.659574 0.629195 0.853392 -4.180620 1.543932 9.278355 -2.068271 0.998637
Pedestrian -1 -1 -10 494.000000 158.000000 567.000000 371.000000 1.799733 0.583059 1.044823 -0.714782 1.589027 6.094190 -2.764029 0.996894
Pedestrian -1 -1 -10 348.000000 165.000000 410.000000 329.000000 1.724304 0.598704 0.938139 -2.438586 1.534429 7.607969 -2.348393 0.993916
Pedestrian -1 -1 -10 443.000000 166.000000 488.000000 297.000000 1.763639 0.651918 0.915623 -1.944729 1.564963 9.929510 -2.264466 0.988955
Pedestrian -1 -1 -10 426.000000 163.000000 458.000000 270.000000 1.865835 0.667107 0.967356 -2.942466 1.509166 12.729253 -3.315583 0.916087
Pedestrian -1 -1 -10 351.000000 175.000000 471.000000 270.000000 1.747576 0.636251 0.814912 -2.871093 1.492301 12.628626 0.800384 0.567670
Pedestrian -1 -1 -10 347.000000 167.000000 376.000000 265.000000 1.809767 0.601457 0.925066 -4.368443 1.602740 12.752247 0.071870 0.385588
Pedestrian -1 -1 -10 321.000000 172.000000 347.000000 233.000000 1.702948 0.621726 0.584477 -7.350882 1.015841 19.834285 -1.376316 0.321646
Pedestrian -1 -1 -10 369.000000 178.000000 420.000000 291.000000 1.781707 0.637084 0.803806 -2.571759 1.607090 8.918409 2.370110 0.196934
Pedestrian -1 -1 -10 264.000000 170.000000 299.000000 239.000000 1.857014 0.605187 0.742098 -8.653606 1.265229 18.983314 -1.648499 0.190404
Pedestrian -1 -1 -10 282.000000 173.000000 301.000000 220.000000 1.746325 0.639219 0.730367 -11.675516 1.490551 27.065973 -2.040960 0.176515
Pedestrian -1 -1 -10 350.000000 165.000000 369.000000 230.000000 1.751385 0.608729 0.592882 -6.117977 1.272624 17.998362 -1.998741 0.097725
Pedestrian -1 -1 -10 555.000000 168.000000 570.000000 214.000000 1.801179 0.678485 0.880886 -1.612971 1.191172 28.524953 -1.666716 0.074866
Pedestrian -1 -1 -10 353.000000 168.000000 392.000000 231.000000 1.749309 0.670858 0.456981 -6.805390 1.090600 20.510471 -1.557000 0.059605
Pedestrian -1 -1 -10 539.000000 168.000000 556.000000 223.000000 1.737215 0.590148 0.756098 -2.132930 1.204432 28.312990 -2.239127 0.044007
Car -1 -1 -10 367.000000 177.000000 476.000000 250.000000 1.569335 1.603674 3.911279 -4.063869 1.499193 16.547802 1.276302 0.308192
Car -1 -1 -10 415.000000 173.000000 460.000000 257.000000 1.539738 1.602932 3.915629 -4.279886 1.504717 16.604552 1.356924 0.032477
Car -1 -1 -10 343.000000 172.000000 431.000000 297.000000 1.603410 1.589690 3.897805 -3.488492 1.041114 12.262376 -1.947141 0.011904
Cyclist -1 -1 -10 342.000000 170.000000 436.000000 309.000000 1.740990 0.522195 1.713460 -2.541972 1.531518 8.413814 1.623071 0.208089
Cyclist -1 -1 -10 369.000000 178.000000 420.000000 291.000000 1.742500 0.588460 1.668512 -2.709717 1.555635 9.160954 -1.396707 0.171527
Cyclist -1 -1 -10 363.000000 175.000000 464.000000 257.000000 1.692421 0.512831 1.713357 -3.913649 1.482906 15.589299 1.318314 0.077825
Cyclist -1 -1 -10 423.000000 167.000000 467.000000 267.000000 1.816412 0.446395 1.711773 -2.870067 1.558630 13.149941 -2.732549 0.050637
Cyclist -1 -1 -10 495.000000 164.000000 515.000000 214.000000 1.699387 0.655650 1.789937 -3.908432 1.088454 27.847659 1.363297 0.047656
Cyclist -1 -1 -10 503.000000 170.000000 536.000000 217.000000 1.682029 0.592635 1.669794 -3.762502 1.678399 27.839019 -1.593770 0.042415
Cyclist -1 -1 -10 322.000000 172.000000 348.000000 234.000000 1.716023 0.589588 1.718577 -7.515984 0.981602 20.043907 -1.359120 0.039083
Cyclist -1 -1 -10 345.000000 167.000000 378.000000 245.000000 1.645167 0.531630 1.734006 -4.406064 1.286511 12.743618 -1.925049 0.034493
Cyclist -1 -1 -10 353.000000 173.000000 399.000000 239.000000 1.713527 0.606103 1.572332 -6.268427 0.984301 18.783706 2.182378 0.022642
Cyclist -1 -1 -10 437.000000 168.000000 461.000000 251.000000 1.701686 0.497747 1.534987 -3.782857 0.823051 17.537444 -1.779660 0.020885
Cyclist -1 -1 -10 268.000000 171.000000 301.000000 234.000000 1.700134 0.522997 1.550311 -7.984840 1.319349 17.425336 -2.028255 0.020330
Cyclist -1 -1 -10 494.000000 160.000000 560.000000 375.000000 1.816032 0.560703 1.811017 -0.687111 1.629589 6.169277 -2.472122 0.019485
Cyclist -1 -1 -10 377.000000 176.000000 405.000000 244.000000 1.706255 0.642731 1.678881 -7.392404 1.174485 25.099214 -1.807765 0.015379
Cyclist -1 -1 -10 342.000000 172.000000 363.000000 250.000000 1.683002 0.523356 1.642806 -4.539327 1.244105 13.048927 -2.387848 0.011817
Cyclist -1 -1 -10 365.000000 169.000000 388.000000 231.000000 1.671102 0.553466 1.734277 -6.726731 0.749668 20.901566 1.253019 0.010847
Cyclist -1 -1 -10 507.000000 174.000000 549.000000 232.000000 1.703493 0.529574 1.554923 -1.587995 1.263651 13.502685 -1.704167 0.010289
