Car -1 -1 -10 458.000000 180.000000 512.000000 229.000000 1.550612 1.662740 3.642317 -4.338700 1.419886 25.360808 -1.724437 0.999752
Car -1 -1 -10 556.000000 178.000000 645.000000 248.000000 1.524768 1.630035 3.830411 -0.350821 1.433670 18.797819 -1.723316 0.999252
Car -1 -1 -10 170.000000 186.000000 330.000000 274.000000 1.437358 1.599052 3.946466 -6.901735 1.519923 14.529453 -1.688782 0.997337
Car -1 -1 -10 287.000000 182.000000 377.000000 234.000000 1.512321 1.654134 4.057619 -8.688720 1.467094 22.898815 -1.744530 0.996389
Car -1 -1 -10 370.000000 183.000000 415.000000 215.000000 1.484250 1.637711 4.126853 -10.508136 1.413375 34.715519 -1.734170 0.995628
Car -1 -1 -10 -3.000000 162.000000 144.000000 268.000000 1.534265 1.676071 4.071882 -11.323742 1.137099 14.205894 -1.765265 0.784759
Car -1 -1 -10 2.000000 201.000000 192.000000 362.000000 1.431631 1.611897 3.736304 -6.299953 1.638191 8.060486 -1.737322 0.758328
Car -1 -1 -10 176.000000 184.000000 273.000000 252.000000 1.647164 1.670154 3.957190 -11.907621 1.862228 22.801485 -1.539769 0.330537
Car -1 -1 -10 395.000000 182.000000 428.000000 209.000000 1.551409 1.639485 3.877433 -11.894691 1.216707 43.270523 1.289498 0.147709
Car -1 -1 -10 254.000000 170.000000 320.000000 210.000000 1.575817 1.675851 3.969532 -14.547794 0.913599 32.388611 -3.326939 0.016283
