Pedestrian -1 -1 -10 65.000000 156.000000 247.000000 376.000000 1.723390 0.657536 0.951972 -3.043774 1.669424 5.132588 1.540502 0.020760
Car -1 -1 -10 737.000000 165.000000 1005.000000 334.000000 1.597455 1.624088 3.585177 2.777529 1.523799 8.612305 -1.699409 0.999179
Car -1 -1 -10 599.000000 165.000000 672.000000 216.000000 1.501440 1.585376 3.533978 0.762096 1.306570 23.349463 -1.758311 0.999178
Car -1 -1 -10 543.000000 159.000000 615.000000 190.000000 1.495468 1.591215 3.892077 -1.643886 0.880120 38.705926 2.486053 0.985623
Car -1 -1 -10 659.000000 158.000000 750.000000 191.000000 1.645373 1.678739 4.105297 4.559264 0.894692 35.195559 -0.756373 0.971992
Car -1 -1 -10 719.000000 158.000000 801.000000 188.000000 1.597327 1.673744 3.970564 7.944253 0.727186 37.967003 -0.738060 0.907400
Car -1 -1 -10 784.000000 156.000000 856.000000 195.000000 1.651492 1.662385 4.139988 11.919264 0.763616 41.733333 2.444766 0.264829
Car -1 -1 -10 643.000000 160.000000 708.000000 188.000000 1.481923 1.594901 3.666769 3.612901 1.066307 34.635143 1.043868 0.042328
Car -1 -1 -10 894.000000 157.000000 953.000000 184.000000 1.495825 1.601427 3.789969 22.292817 0.727403 50.294096 -0.569933 0.026954
Car -1 -1 -10 882.000000 155.000000 930.000000 189.000000 1.492536 1.578929 3.515704 4.904925 0.849333 12.169192 1.446478 0.021080
Car -1 -1 -10 805.000000 159.000000 933.000000 203.000000 1.596566 1.665557 4.087413 14.961883 0.687979 42.326653 -2.792279 0.013849
Cyclist -1 -1 -10 49.000000 157.000000 271.000000 376.000000 1.699429 0.546504 1.720255 -2.963321 1.567073 5.039792 1.506548 0.999687
Cyclist -1 -1 -10 783.000000 156.000000 855.000000 197.000000 1.725265 0.608358 1.835616 11.331199 0.902751 40.163966 -0.643027 0.216106
Cyclist -1 -1 -10 840.000000 162.000000 950.000000 206.000000 1.630861 0.459102 1.501471 4.685613 1.255430 12.330258 -1.237687 0.063947
Cyclist -1 -1 -10 796.000000 159.000000 888.000000 208.000000 1.684420 0.511133 1.752707 11.947569 1.117564 40.600411 -0.381352 0.040573
Cyclist -1 -1 -10 882.000000 155.000000 940.000000 195.000000 1.643544 0.458427 1.489775 5.220268 1.228915 12.949973 -1.217611 0.023684
Cyclist -1 -1 -10 895.000000 152.000000 917.000000 197.000000 1.671647 0.467124 1.615673 2.245593 0.735726 5.951955 -1.262256 0.012426
