Pedestrian -1 -1 -10 0.000000 216.000000 56.000000 363.000000 1.650577 0.495727 0.563513 -4.648597 1.982072 5.532020 -0.133237 0.032610
Car -1 -1 -10 746.000000 185.000000 1014.000000 353.000000 1.455705 1.629822 4.050903 2.762171 1.607492 8.619660 -1.584604 0.999474
Car -1 -1 -10 652.000000 173.000000 694.000000 206.000000 1.485585 1.598679 3.642417 2.678979 1.490704 31.344047 -1.559144 0.999108
Car -1 -1 -10 679.000000 166.000000 770.000000 243.000000 1.590080 1.591426 3.707794 2.666150 1.464330 17.677722 -1.635219 0.984956
Car -1 -1 -10 382.000000 169.000000 513.000000 213.000000 1.534828 1.604566 4.148850 -6.503821 1.463417 27.984772 0.084102 0.982668
Car -1 -1 -10 191.000000 174.000000 440.000000 255.000000 1.476150 1.594550 4.117302 -5.949109 1.538503 15.112478 -0.332093 0.955601
Car -1 -1 -10 910.000000 171.000000 1260.000000 378.000000 1.561357 1.616731 3.792872 2.759785 1.511049 2.732850 -1.528176 0.936823
Car -1 -1 -10 439.000000 168.000000 520.000000 204.000000 1.486279 1.556566 3.705374 -5.934796 1.170591 30.465139 1.931502 0.381682
Car -1 -1 -10 1.000000 220.000000 59.000000 364.000000 1.486944 1.628534 4.162428 -6.521173 1.587537 5.169405 -2.948585 0.305990
Car -1 -1 -10 285.000000 165.000000 454.000000 230.000000 1.779661 1.605163 4.037254 -6.769155 1.502699 20.436036 -3.302095 0.093930
