Car -1 -1 -10 656.000000 179.000000 712.000000 222.000000 1.447298 1.627066 3.979196 2.693459 1.692422 26.130715 -1.536603 0.998908
Car -1 -1 -10 -10.000000 177.000000 365.000000 296.000000 1.552658 1.618802 4.017907 -6.451024 1.620718 10.335546 -0.017359 0.995280
Car -1 -1 -10 279.000000 179.000000 462.000000 243.000000 1.542158 1.587714 3.829353 -5.887367 1.733208 18.440939 -0.005784 0.972842
Car -1 -1 -10 393.000000 176.000000 517.000000 217.000000 1.593353 1.609065 4.085557 -5.899571 1.776162 28.382638 0.036348 0.687500
Car -1 -1 -10 -4.000000 168.000000 192.000000 335.000000 1.569995 1.634471 3.752275 -6.920106 1.664075 7.678442 -3.261516 0.640957
Car -1 -1 -10 150.000000 184.000000 395.000000 259.000000 1.529219 1.602810 3.770131 -6.049334 1.722352 13.240451 -3.146812 0.535974
Car -1 -1 -10 467.000000 173.000000 544.000000 202.000000 1.494089 1.611917 3.956665 -5.768098 1.622995 40.746421 -3.097419 0.410205
Car -1 -1 -10 720.000000 176.000000 820.000000 238.000000 1.528690 1.552477 3.475459 4.272967 2.169874 25.240108 -1.359888 0.175443
Car -1 -1 -10 452.000000 178.000000 518.000000 206.000000 1.500005 1.600462 4.041949 -5.790981 1.422660 30.131323 -3.202386 0.099596
Car -1 -1 -10 354.000000 174.000000 470.000000 224.000000 1.566386 1.626730 4.057211 -7.247531 1.530362 25.217471 -3.323343 0.066755
Car -1 -1 -10 712.000000 175.000000 779.000000 222.000000 1.561088 1.573800 3.857558 5.262443 1.745488 31.673182 -1.456840 0.054231
Car -1 -1 -10 703.000000 176.000000 756.000000 210.000000 1.514841 1.622303 3.770962 6.331676 1.609094 36.175870 -1.420499 0.028874
