Car -1 -1 -10 751.000000 175.000000 1227.000000 375.000000 1.665579 1.637219 3.966281 2.550516 1.704278 6.117092 -1.595250 0.990212
Car -1 -1 -10 172.000000 185.000000 396.000000 270.000000 1.450583 1.623017 3.873729 -6.433934 1.812622 14.401282 -3.113315 0.987154
Car -1 -1 -10 351.000000 181.000000 508.000000 227.000000 1.560254 1.528115 3.901362 -5.823444 1.838706 24.284973 0.130618 0.982691
Car -1 -1 -10 -10.000000 193.000000 298.000000 328.000000 1.449468 1.534508 3.710173 -6.196232 1.778861 9.544953 0.053570 0.978353
Car -1 -1 -10 647.000000 179.000000 683.000000 206.000000 1.480543 1.654451 4.048401 3.221875 1.729488 39.985457 -1.504670 0.975330
Car -1 -1 -10 434.000000 176.000000 532.000000 213.000000 1.625791 1.659824 3.692035 -5.106039 1.852268 35.230587 -3.206155 0.346256
Car -1 -1 -10 248.000000 184.000000 409.000000 239.000000 1.501217 1.615227 3.716649 -6.530363 1.713922 17.717020 -3.414869 0.283443
Car -1 -1 -10 101.000000 191.000000 320.000000 279.000000 1.605335 1.674509 4.062622 -7.208636 1.830024 14.228344 -3.255361 0.125907
Car -1 -1 -10 80.000000 223.000000 342.000000 375.000000 1.512690 1.591215 3.753310 -2.899637 1.748952 2.694731 1.663563 0.047547
Car -1 -1 -10 268.000000 187.000000 357.000000 228.000000 1.528690 1.552477 3.475459 -10.362653 1.437263 24.063511 -1.968933 0.023070
