Pedestrian -1 -1 -10 863.000000 181.000000 905.000000 343.000000 1.704814 0.518967 0.496620 2.734847 1.804803 7.288908 1.930858 0.992102
Pedestrian -1 -1 -10 847.000000 182.000000 952.000000 331.000000 1.756487 0.602378 0.863125 2.830029 1.738924 7.206444 2.925806 0.080821
Pedestrian -1 -1 -10 759.000000 184.000000 892.000000 282.000000 1.769814 0.564759 0.744195 3.366012 1.906460 13.157430 2.387993 0.020162
Car -1 -1 -10 721.000000 183.000000 802.000000 242.000000 1.421309 1.588544 3.887412 3.994905 1.700427 19.845493 -1.504527 0.994607
Car -1 -1 -10 555.000000 174.000000 595.000000 205.000000 1.552143 1.628058 3.942889 -1.901055 1.657595 37.688415 1.555925 0.991342
Car -1 -1 -10 759.000000 183.000000 892.000000 278.000000 1.494752 1.634409 3.974777 4.045559 1.730802 13.801329 1.606504 0.988631
Car -1 -1 -10 -1.000000 199.000000 376.000000 375.000000 1.571589 1.574799 3.754446 -2.949637 1.820475 4.708545 1.569705 0.985763
Car -1 -1 -10 877.000000 176.000000 1195.000000 376.000000 1.647805 1.657624 3.913247 3.636773 1.695379 7.353630 -1.516050 0.980068
Car -1 -1 -10 713.000000 179.000000 767.000000 233.000000 1.514542 1.536675 3.446126 4.288045 1.809233 24.995964 -1.563976 0.970170
Car -1 -1 -10 439.000000 160.000000 557.000000 261.000000 1.835518 1.687900 4.184188 -2.481043 1.714111 16.293321 -1.600196 0.957584
Car -1 -1 -10 696.000000 177.000000 739.000000 216.000000 1.579703 1.618015 3.647774 4.627797 1.825870 31.902012 -1.550241 0.692842
Car -1 -1 -10 682.000000 177.000000 723.000000 210.000000 1.535854 1.597670 3.805980 4.507383 1.710116 36.411087 -1.550382 0.231054
Car -1 -1 -10 841.000000 184.000000 989.000000 338.000000 1.524798 1.696194 4.049068 3.944968 1.669682 6.642979 1.401722 0.101496
Car -1 -1 -10 573.000000 174.000000 602.000000 199.000000 1.510678 1.607284 3.910214 -1.690185 1.585555 37.749682 1.623907 0.084420
Car -1 -1 -10 674.000000 175.000000 709.000000 203.000000 1.510573 1.592258 3.803863 4.668437 1.926519 41.553551 -1.553496 0.024423
