Pedestrian -1 -1 -10 766.000000 170.000000 842.000000 371.000000 1.649773 0.605085 0.810188 1.663473 1.556359 6.119285 -1.671009 0.998786
Pedestrian -1 -1 -10 853.000000 158.000000 949.000000 373.000000 1.735438 0.700540 0.973762 2.475098 1.519659 6.048548 -1.640650 0.997551
Pedestrian -1 -1 -10 640.000000 165.000000 666.000000 255.000000 1.772840 0.638966 0.769864 0.997499 1.490209 14.628277 3.147516 0.994726
Pedestrian -1 -1 -10 193.000000 164.000000 271.000000 357.000000 1.717581 0.706773 0.830719 -3.573100 1.561878 6.923867 -1.976751 0.986898
Pedestrian -1 -1 -10 1105.000000 153.000000 1170.000000 263.000000 1.741632 0.593479 0.883237 8.301472 1.229761 11.244848 3.777301 0.960916
Pedestrian -1 -1 -10 725.000000 169.000000 754.000000 243.000000 1.720117 0.655482 1.006712 3.131024 1.383141 16.434132 -1.797075 0.930138
Pedestrian -1 -1 -10 906.000000 157.000000 941.000000 244.000000 1.651939 0.667337 0.576680 6.752245 1.225176 15.166385 3.001152 0.864403
Pedestrian -1 -1 -10 215.000000 178.000000 283.000000 300.000000 1.824562 0.623396 0.891715 -4.974463 1.595078 10.406904 2.247485 0.503334
Pedestrian -1 -1 -10 1126.000000 154.000000 1170.000000 227.000000 1.781469 0.698054 0.525011 10.643782 1.067031 13.801232 -0.501157 0.386212
Pedestrian -1 -1 -10 881.000000 163.000000 942.000000 271.000000 1.740593 0.647187 0.688660 6.308748 1.480943 14.714022 0.328857 0.199520
Pedestrian -1 -1 -10 439.000000 177.000000 459.000000 227.000000 1.744457 0.692908 0.965134 -5.559189 1.650756 26.037031 -1.765146 0.157027
Pedestrian -1 -1 -10 1179.000000 148.000000 1214.000000 209.000000 1.701905 0.522781 0.655753 12.891408 0.876726 15.570784 1.148574 0.073081
Pedestrian -1 -1 -10 431.000000 174.000000 448.000000 225.000000 1.785541 0.633717 0.895418 -6.092396 1.618591 26.853495 1.867882 0.041329
Car -1 -1 -10 471.000000 169.000000 534.000000 221.000000 1.936511 1.776644 4.152346 -3.926715 1.469184 28.907068 1.560709 0.611751
Car -1 -1 -10 498.000000 171.000000 555.000000 218.000000 1.648818 1.582901 3.711933 -3.631928 1.221383 29.044785 1.604811 0.064117
Car -1 -1 -10 525.000000 171.000000 560.000000 208.000000 1.559737 1.625442 3.629922 -3.671858 1.082653 29.835782 1.957759 0.010127
Cyclist -1 -1 -10 178.000000 172.000000 302.000000 320.000000 1.718849 0.587873 1.848100 -4.771034 1.892779 9.594928 -0.957879 0.977878
Cyclist -1 -1 -10 217.000000 174.000000 273.000000 319.000000 1.693466 0.619980 1.757337 -5.467351 1.196617 10.673291 -2.168306 0.085317
Cyclist -1 -1 -10 898.000000 160.000000 947.000000 252.000000 1.669912 0.440851 1.717579 6.647584 1.164975 14.981175 2.922515 0.057025
Cyclist -1 -1 -10 862.000000 161.000000 941.000000 340.000000 1.726807 0.587945 1.665826 2.482125 1.438396 6.231693 -1.259809 0.019467
Cyclist -1 -1 -10 1111.000000 153.000000 1169.000000 239.000000 1.739683 0.534250 1.617092 9.543333 1.067858 12.489456 -1.878170 0.015007
Cyclist -1 -1 -10 1131.000000 148.000000 1170.000000 214.000000 1.738513 0.595735 1.602470 12.363116 0.661725 15.978321 -1.019335 0.013613
Cyclist -1 -1 -10 190.000000 191.000000 278.000000 267.000000 1.725068 0.628542 1.706079 -5.235330 1.562432 10.684850 -2.605435 0.010163
