Pedestrian -1 -1 -10 900.000000 169.000000 968.000000 301.000000 1.694725 0.704795 0.992355 4.148156 1.590411 9.093389 -1.358540 0.980866
Pedestrian -1 -1 -10 448.000000 176.000000 473.000000 257.000000 1.802011 0.643303 0.744290 -2.932877 1.624173 15.208478 1.515378 0.867352
Pedestrian -1 -1 -10 147.000000 178.000000 204.000000 335.000000 1.712933 0.663575 0.615465 -4.909821 1.675157 8.383127 1.997479 0.854707
Pedestrian -1 -1 -10 524.000000 179.000000 539.000000 233.000000 1.709761 0.574476 0.673620 -2.172767 1.745569 22.457978 1.993318 0.681704
Pedestrian -1 -1 -10 131.000000 181.000000 170.000000 314.000000 1.648518 0.554153 0.647264 -5.051896 1.484318 8.390615 1.946794 0.314611
Pedestrian -1 -1 -10 167.000000 189.000000 208.000000 280.000000 1.845025 0.651387 0.765124 -5.833426 1.459270 9.659687 -2.090161 0.217458
Pedestrian -1 -1 -10 626.000000 176.000000 643.000000 219.000000 1.750851 0.633240 0.968083 1.341059 1.563083 30.740061 -1.437951 0.161786
Pedestrian -1 -1 -10 187.000000 192.000000 210.000000 264.000000 1.693623 0.579353 0.721966 -6.554476 1.539467 11.632260 1.970213 0.088055
Pedestrian -1 -1 -10 445.000000 172.000000 461.000000 230.000000 1.727321 0.638701 0.760846 -4.390835 1.289972 20.538284 -2.201519 0.065536
Pedestrian -1 -1 -10 582.000000 178.000000 598.000000 220.000000 1.698784 0.627445 0.756657 -0.446589 1.691324 30.390047 3.094996 0.058526
Pedestrian -1 -1 -10 114.000000 173.000000 254.000000 361.000000 1.743921 0.774912 0.715434 -4.108874 2.001602 7.347924 2.447976 0.020328
Pedestrian -1 -1 -10 399.000000 166.000000 419.000000 236.000000 1.778828 0.576515 0.865149 -4.592471 2.036652 16.644453 -1.634716 0.010155
Cyclist -1 -1 -10 137.000000 178.000000 219.000000 348.000000 1.680307 0.652687 1.719316 -4.801530 1.438873 8.086069 2.131123 0.085016
Cyclist -1 -1 -10 97.000000 180.000000 263.000000 366.000000 1.686133 0.416156 1.608577 -4.880500 1.722436 8.379831 1.023487 0.039557
Cyclist -1 -1 -10 -1.000000 208.000000 215.000000 375.000000 1.642445 0.629134 1.749225 -3.282315 1.931699 4.437858 0.489632 0.019187
