Pedestrian -1 -1 -10 386.000000 166.000000 416.000000 242.000000 1.732113 0.565534 0.735495 -4.820323 1.352235 16.163056 -1.456068 0.684595
Pedestrian -1 -1 -10 357.000000 162.000000 384.000000 252.000000 1.748557 0.663554 0.665977 -4.521785 1.512009 13.400330 -1.395468 0.676159
Pedestrian -1 -1 -10 345.000000 166.000000 407.000000 254.000000 1.828384 0.761976 0.656931 -4.975563 1.573534 14.791955 -1.897265 0.208815
Pedestrian -1 -1 -10 383.000000 163.000000 403.000000 254.000000 1.703055 0.531576 0.602710 -4.955449 1.182410 16.317326 -1.753750 0.191599
Pedestrian -1 -1 -10 371.000000 170.000000 434.000000 245.000000 1.712236 0.585037 0.740426 -4.864074 1.433587 16.243481 -1.435477 0.134769
Pedestrian -1 -1 -10 936.000000 110.000000 996.000000 279.000000 1.766001 0.691686 0.587227 3.104862 1.676226 6.699639 -0.652180 0.088379
Pedestrian -1 -1 -10 370.000000 164.000000 389.000000 252.000000 1.698758 0.592407 0.564925 -4.425298 1.322507 13.355641 2.246643 0.046698
Pedestrian -1 -1 -10 333.000000 179.000000 496.000000 277.000000 1.716537 0.595314 0.862078 -2.164031 1.798517 10.166101 0.308338 0.012762
Car -1 -1 -10 661.000000 174.000000 721.000000 221.000000 1.473488 1.600831 3.909963 2.613499 1.493474 23.968441 -1.589336 0.999299
Car -1 -1 -10 739.000000 179.000000 997.000000 349.000000 1.539600 1.608835 3.788186 2.521565 1.624375 8.223948 -1.585822 0.998277
Car -1 -1 -10 312.000000 182.000000 511.000000 308.000000 1.489710 1.640078 3.998112 -2.725184 1.615221 10.413214 -1.526296 0.991705
Car -1 -1 -10 540.000000 173.000000 575.000000 205.000000 1.532607 1.605748 3.514051 -2.732388 1.597763 37.410916 -1.668824 0.988333
Car -1 -1 -10 -13.000000 180.000000 424.000000 374.000000 1.532757 1.595362 3.829427 -2.650864 1.610399 5.197512 -1.623261 0.978602
Car -1 -1 -10 855.000000 150.000000 1246.000000 375.000000 1.502230 1.610032 3.628878 2.395577 1.467906 2.853511 -1.551164 0.898847
Car -1 -1 -10 641.000000 173.000000 686.000000 205.000000 1.502331 1.624250 3.973361 2.761282 1.498040 36.464879 -1.609481 0.867427
Car -1 -1 -10 402.000000 181.000000 506.000000 229.000000 1.529469 1.557260 3.828650 -4.104182 1.659380 17.323526 0.832887 0.284297
Car -1 -1 -10 634.000000 172.000000 666.000000 200.000000 1.587991 1.657888 3.932286 3.434173 1.613470 52.543208 -0.835179 0.170836
Car -1 -1 -10 178.000000 184.000000 419.000000 341.000000 1.591197 1.645374 3.989596 -2.671427 1.619162 4.627229 -1.566325 0.043929
Car -1 -1 -10 363.000000 170.000000 484.000000 252.000000 1.494266 1.629897 3.902532 -3.670604 1.081360 15.552027 0.744003 0.024957
Car -1 -1 -10 225.000000 187.000000 382.000000 291.000000 1.537144 1.610522 3.922460 -4.724451 1.316707 11.070508 1.713408 0.019404
Car -1 -1 -10 9.000000 188.000000 203.000000 345.000000 1.489092 1.584604 3.847546 -6.171468 1.116272 6.825484 -1.580663 0.013798
Cyclist -1 -1 -10 333.000000 180.000000 492.000000 263.000000 1.694505 0.708401 1.742109 -3.052444 1.634446 14.146670 2.817520 0.049422
Cyclist -1 -1 -10 385.000000 178.000000 489.000000 236.000000 1.697031 0.481972 1.444753 -4.769348 1.373861 18.252517 -1.839483 0.026962
Cyclist -1 -1 -10 383.000000 167.000000 426.000000 242.000000 1.664930 0.511756 1.674040 -4.875888 1.180380 16.281565 0.772544 0.013291
