Pedestrian -1 -1 -10 680.000000 168.000000 740.000000 322.000000 1.751381 0.639189 0.942608 1.160323 1.609247 8.095406 -1.948316 0.998666
Pedestrian -1 -1 -10 756.000000 163.000000 795.000000 283.000000 1.754278 0.590581 0.915723 2.605981 1.505914 10.984573 -1.810005 0.996181
Pedestrian -1 -1 -10 1024.000000 146.000000 1185.000000 374.000000 1.708038 0.592591 0.717018 2.393479 1.464178 3.499506 1.658008 0.995713
Pedestrian -1 -1 -10 797.000000 163.000000 868.000000 365.000000 1.789994 0.589647 0.746176 2.007911 1.590336 6.313671 -2.207244 0.991471
Pedestrian -1 -1 -10 879.000000 162.000000 931.000000 306.000000 1.749215 0.613951 0.852668 3.602625 1.422792 8.737845 -2.658069 0.989301
Pedestrian -1 -1 -10 493.000000 157.000000 534.000000 267.000000 1.844365 0.631596 1.062447 -1.608839 1.453243 12.978250 -2.143609 0.988948
Pedestrian -1 -1 -10 969.000000 163.000000 1055.000000 371.000000 1.708933 0.541374 0.816230 2.783342 1.539881 5.022111 -1.967289 0.987555
Pedestrian -1 -1 -10 840.000000 170.000000 897.000000 338.000000 1.687571 0.551627 0.546505 2.699517 1.573541 7.432669 -1.899717 0.959098
Pedestrian -1 -1 -10 674.000000 170.000000 704.000000 262.000000 1.817937 0.680329 0.805542 1.497183 1.555100 13.617106 2.764978 0.843392
Pedestrian -1 -1 -10 617.000000 164.000000 627.000000 193.000000 1.762522 0.710150 0.690738 1.500148 0.597475 52.819341 1.642754 0.588075
Pedestrian -1 -1 -10 862.000000 165.000000 909.000000 312.000000 1.772669 0.550280 0.742107 3.532384 1.399375 8.642172 0.398457 0.507667
Pedestrian -1 -1 -10 668.000000 167.000000 686.000000 216.000000 1.753530 0.641774 0.660447 2.463371 1.218727 24.231126 0.629566 0.224295
Car -1 -1 -10 526.000000 174.000000 601.000000 230.000000 1.548129 1.649110 3.910397 -1.048161 1.329339 21.603396 1.671317 0.999135
Car -1 -1 -10 490.000000 161.000000 544.000000 268.000000 1.641383 1.582784 3.328028 -1.910389 1.272289 13.277993 -2.882649 0.018471
Cyclist -1 -1 -10 491.000000 159.000000 537.000000 267.000000 1.857661 0.460766 1.717262 -1.635254 1.497626 13.097860 -2.226883 0.796217
Cyclist -1 -1 -10 526.000000 172.000000 600.000000 233.000000 1.693366 0.638579 1.773385 -0.873578 1.467870 20.360679 2.536637 0.072003
Cyclist -1 -1 -10 679.000000 167.000000 715.000000 257.000000 1.696521 0.485823 1.595742 1.662733 1.327534 14.034772 -1.535618 0.037535
Cyclist -1 -1 -10 617.000000 163.000000 627.000000 193.000000 1.705408 0.598564 1.776421 1.560803 0.524602 52.825524 1.565664 0.027603
Cyclist -1 -1 -10 690.000000 168.000000 714.000000 222.000000 1.642459 0.587155 1.604616 4.457609 1.164548 30.660806 -1.942141 0.025766
Cyclist -1 -1 -10 676.000000 168.000000 738.000000 318.000000 1.777845 0.527183 1.727281 1.112321 1.650810 8.202460 -1.534250 0.021653
Cyclist -1 -1 -10 798.000000 162.000000 864.000000 358.000000 1.784099 0.513687 1.736577 2.037892 1.598991 6.385965 -1.315824 0.011521
