Car -1 -1 -10 407.000000 185.000000 488.000000 236.000000 1.439106 1.604891 3.930451 -4.716697 1.426887 21.473284 -1.594378 0.999414
Car -1 -1 -10 575.000000 172.000000 656.000000 249.000000 1.558865 1.667590 3.823799 0.079803 1.352823 17.323280 -1.575728 0.999363
Car -1 -1 -10 468.000000 180.000000 525.000000 219.000000 1.462884 1.646761 4.189654 -4.465675 1.300444 29.455452 -1.582625 0.998198
Car -1 -1 -10 98.000000 182.000000 386.000000 349.000000 1.508899 1.605167 3.787296 -4.188311 1.529125 9.033031 -1.578859 0.997914
Car -1 -1 -10 323.000000 181.000000 408.000000 226.000000 1.450965 1.618968 3.932237 -8.359578 1.284106 24.973134 -1.569532 0.984636
Car -1 -1 -10 0.000000 191.000000 196.000000 302.000000 1.527182 1.635527 3.915842 -8.486453 1.628880 10.903445 1.558551 0.958740
Car -1 -1 -10 57.000000 197.000000 307.000000 306.000000 1.490110 1.649445 3.895209 -8.395917 1.625566 11.195290 -1.564907 0.167872
Car -1 -1 -10 606.000000 170.000000 643.000000 208.000000 1.520227 1.564005 3.561170 1.439670 1.323485 29.866590 -2.214016 0.114566
Car -1 -1 -10 27.000000 189.000000 154.000000 249.000000 1.522249 1.577809 3.691819 -15.650165 1.481733 22.490240 1.415259 0.060169
Car -1 -1 -10 66.000000 190.000000 170.000000 231.000000 1.527535 1.575019 3.894375 -13.837926 0.871647 20.598730 0.560203 0.028616
Car -1 -1 -10 285.000000 185.000000 383.000000 229.000000 1.526053 1.575377 3.628516 -8.639819 1.390519 24.490995 -1.846149 0.014036
