Car -1 -1 -10 387.000000 194.000000 462.000000 243.000000 1.512442 1.569180 3.607291 -6.251284 2.232540 24.465265 1.609224 0.998657
Car -1 -1 -10 433.000000 192.000000 490.000000 229.000000 1.427450 1.586333 3.875262 -6.195607 2.251572 29.919338 1.587568 0.989113
Car -1 -1 -10 660.000000 177.000000 716.000000 219.000000 1.509305 1.599779 3.733692 2.816894 1.761653 27.991734 -1.625055 0.987889
Car -1 -1 -10 79.000000 205.000000 174.000000 243.000000 1.550364 1.626769 3.855589 -20.813257 3.035082 31.373952 -1.543588 0.941419
Car -1 -1 -10 1028.000000 136.000000 1137.000000 182.000000 1.941733 1.690005 4.223618 24.728764 0.239219 37.995476 -1.677115 0.913304
Car -1 -1 -10 27.000000 210.000000 119.000000 247.000000 1.479894 1.609901 3.899603 -23.243600 3.122959 31.928923 -1.549443 0.603619
Car -1 -1 -10 0.000000 211.000000 67.000000 250.000000 1.601941 1.628991 3.875993 -26.010798 3.371678 31.922402 -1.569807 0.320951
Car -1 -1 -10 142.000000 206.000000 233.000000 241.000000 1.546298 1.666584 4.009531 -18.416789 2.814936 31.400868 -1.422623 0.169954
Car -1 -1 -10 473.000000 183.000000 515.000000 216.000000 1.632348 1.674337 4.080331 -6.189675 2.201774 38.427512 1.549272 0.165537
Car -1 -1 -10 492.000000 185.000000 526.000000 211.000000 1.528692 1.552474 3.475463 -5.522156 2.857547 41.387463 -1.717249 0.072467
