Pedestrian -1 -1 -10 689.000000 165.000000 702.000000 205.000000 1.813029 0.650435 0.949439 4.281808 1.523014 36.708922 -1.774669 0.369279
Pedestrian -1 -1 -10 541.000000 172.000000 552.000000 209.000000 1.743036 0.628776 0.732702 -2.836572 1.890961 31.639973 1.923027 0.180173
Pedestrian -1 -1 -10 545.000000 171.000000 555.000000 204.000000 1.719225 0.564979 0.715643 -1.256061 1.313704 12.532268 0.050069 0.163533
Pedestrian -1 -1 -10 521.000000 175.000000 537.000000 218.000000 1.761774 0.619310 0.754650 -3.525550 1.983002 31.087790 1.486325 0.058824
Car -1 -1 -10 694.000000 171.000000 826.000000 276.000000 1.540268 1.591215 3.693388 2.571997 1.649046 13.045018 -1.571242 0.999664
Car -1 -1 -10 322.000000 182.000000 443.000000 263.000000 1.542757 1.591411 3.776458 -5.054063 1.819121 16.462940 1.572258 0.999021
Car -1 -1 -10 463.000000 183.000000 512.000000 219.000000 1.493014 1.651477 4.025895 -5.348428 1.985709 32.173273 1.540948 0.998541
Car -1 -1 -10 1.000000 215.000000 64.000000 372.000000 1.518612 1.601058 3.844682 -4.780364 1.897543 3.461158 -1.686416 0.018494
Car -1 -1 -10 479.000000 174.000000 514.000000 210.000000 1.456756 1.564092 3.800354 -5.330277 1.868297 32.281443 1.526621 0.014703
Cyclist -1 -1 -10 520.000000 174.000000 538.000000 219.000000 1.787607 0.657502 1.839487 -3.497605 1.930391 31.066566 1.561450 0.995622
Cyclist -1 -1 -10 538.000000 172.000000 552.000000 216.000000 1.787239 0.710695 1.874785 -2.847697 1.894816 31.560347 1.521912 0.722808
Cyclist -1 -1 -10 543.000000 171.000000 556.000000 205.000000 1.729428 0.593528 1.710698 -2.792962 1.663300 31.761509 1.448365 0.053468
Cyclist -1 -1 -10 -1.000000 214.000000 46.000000 372.000000 1.708505 0.646842 1.694564 -4.021199 2.064009 4.237838 -1.781430 0.018581
Cyclist -1 -1 -10 709.000000 175.000000 750.000000 205.000000 1.739135 0.618969 1.706275 6.335179 1.588155 36.794807 -0.332921 0.017703
