Pedestrian -1 -1 -10 745.000000 175.000000 768.000000 253.000000 1.718669 0.573916 0.783659 3.160547 1.723247 16.145592 2.835448 0.045440
Pedestrian -1 -1 -10 750.000000 172.000000 787.000000 264.000000 1.675925 0.709523 0.804185 2.848702 1.630599 13.058434 -1.396702 0.014913
Pedestrian -1 -1 -10 742.000000 178.000000 771.000000 215.000000 1.694716 0.607869 0.656091 2.804230 1.490972 14.364579 -0.780274 0.014363
Pedestrian -1 -1 -10 755.000000 174.000000 784.000000 202.000000 1.715819 0.575353 0.622322 2.785491 1.384254 13.463989 -2.012369 0.010912
Car -1 -1 -10 430.000000 188.000000 543.000000 265.000000 1.475403 1.557157 3.684639 -2.679375 1.871471 16.228132 1.701698 0.999535
Car -1 -1 -10 618.000000 180.000000 662.000000 209.000000 1.469064 1.582195 3.705716 1.714821 1.899852 39.711067 1.824343 0.997647
Car -1 -1 -10 637.000000 178.000000 679.000000 207.000000 1.587237 1.657345 4.155179 3.096450 1.936396 43.898273 1.796951 0.409422
Car -1 -1 -10 756.000000 175.000000 791.000000 201.000000 1.468520 1.634256 3.673201 12.115849 1.775885 50.357390 -1.286648 0.012100
Cyclist -1 -1 -10 750.000000 170.000000 789.000000 267.000000 1.756376 0.594445 1.882613 2.803485 1.712058 12.973779 -1.433896 0.998200
Cyclist -1 -1 -10 742.000000 177.000000 771.000000 243.000000 1.692840 0.480907 1.785473 3.292397 1.695271 16.423602 -1.483598 0.474282
Cyclist -1 -1 -10 750.000000 177.000000 781.000000 229.000000 1.688524 0.472859 1.373218 2.939330 1.414082 14.179263 -1.405449 0.028744
Cyclist -1 -1 -10 755.000000 174.000000 790.000000 211.000000 1.762865 0.498635 1.476448 3.442347 1.406467 16.371956 -1.377673 0.017053
Cyclist -1 -1 -10 746.000000 177.000000 772.000000 212.000000 1.700926 0.672216 1.710618 3.159509 1.336887 16.222225 2.882027 0.010683
