Car -1 -1 -10 540.000000 188.000000 681.000000 270.000000 1.415689 1.595218 3.775387 -0.214005 1.730310 14.116971 -1.915087 0.999718
Car -1 -1 -10 442.000000 181.000000 496.000000 221.000000 1.389462 1.599849 3.701699 -5.823784 1.772049 28.372748 -1.887180 0.999345
Car -1 -1 -10 255.000000 183.000000 300.000000 214.000000 1.587230 1.621541 3.866644 -18.740505 2.168847 40.311632 1.242179 0.997832
Car -1 -1 -10 7.000000 203.000000 182.000000 312.000000 1.493573 1.589439 3.726293 -8.432426 2.023620 12.003960 1.166814 0.993058
Car -1 -1 -10 426.000000 180.000000 474.000000 212.000000 1.495434 1.600881 3.986032 -7.829684 1.746492 34.054475 -1.907092 0.985795
Car -1 -1 -10 610.000000 165.000000 716.000000 206.000000 1.542503 1.642861 3.975780 2.159484 1.297500 30.401408 -2.751076 0.933046
Car -1 -1 -10 685.000000 129.000000 1242.000000 374.000000 1.971599 1.755419 4.314136 2.633508 1.688786 7.039427 -1.922954 0.478774
Car -1 -1 -10 271.000000 183.000000 309.000000 208.000000 1.481589 1.575748 3.623901 -19.575396 2.150533 45.309666 1.195052 0.389492
Car -1 -1 -10 1.000000 205.000000 116.000000 368.000000 1.416778 1.590637 3.842585 -6.496725 1.911981 7.314088 1.151610 0.379359
Car -1 -1 -10 566.000000 172.000000 652.000000 204.000000 1.503861 1.626151 4.024145 -0.174959 1.351666 35.989006 -2.791533 0.298977
Car -1 -1 -10 26.000000 190.000000 116.000000 218.000000 1.534420 1.576025 3.771865 -23.696604 2.119013 32.864699 1.456529 0.294670
Car -1 -1 -10 1185.000000 148.000000 1239.000000 247.000000 1.498717 1.568342 3.918883 9.740485 1.285685 12.098408 2.325684 0.073284
Car -1 -1 -10 1102.000000 144.000000 1237.000000 241.000000 1.458804 1.617287 3.998784 9.825717 1.200671 12.913877 2.298956 0.057452
