Pedestrian -1 -1 -10 906.000000 146.000000 1017.000000 375.000000 1.776613 0.642400 0.884106 2.684503 1.549635 5.480584 -1.553674 0.997651
Pedestrian -1 -1 -10 563.000000 160.000000 600.000000 257.000000 1.803327 0.701375 0.806762 -0.417221 1.455567 13.244992 1.640600 0.994169
Pedestrian -1 -1 -10 600.000000 164.000000 630.000000 240.000000 1.783144 0.580020 0.792936 0.174014 1.320648 16.563924 -2.631644 0.946234
Pedestrian -1 -1 -10 1040.000000 192.000000 1101.000000 305.000000 1.768304 0.682917 0.438561 5.955567 1.662255 9.172884 -1.048039 0.845536
Pedestrian -1 -1 -10 879.000000 182.000000 910.000000 262.000000 1.738379 0.639167 0.713645 6.439556 1.390629 15.497439 2.838676 0.483104
Pedestrian -1 -1 -10 762.000000 161.000000 775.000000 207.000000 1.724582 0.666739 0.582042 6.582126 0.832279 28.409968 -1.495031 0.229584
Pedestrian -1 -1 -10 1033.000000 192.000000 1080.000000 273.000000 1.755972 0.725691 0.754144 6.664411 1.578248 10.939911 0.568297 0.022964
Pedestrian -1 -1 -10 910.000000 157.000000 982.000000 310.000000 1.628185 0.561341 0.563202 4.522579 1.326207 8.854322 3.016766 0.022925
Pedestrian -1 -1 -10 413.000000 143.000000 430.000000 190.000000 1.674836 0.576169 0.580066 -4.514851 0.446101 18.601197 2.356062 0.022342
Pedestrian -1 -1 -10 520.000000 160.000000 593.000000 228.000000 1.846509 0.709211 0.858279 -1.212247 1.167298 18.509582 2.918195 0.018823
Pedestrian -1 -1 -10 924.000000 157.000000 961.000000 253.000000 1.506466 0.458061 0.491276 6.440005 1.074786 12.952387 2.978825 0.012321
Pedestrian -1 -1 -10 1005.000000 188.000000 1111.000000 334.000000 1.753681 0.675669 0.670587 4.813673 1.796169 7.689823 3.279473 0.010562
Car -1 -1 -10 380.000000 146.000000 559.000000 272.000000 1.889676 1.746975 4.157597 -2.205642 1.368805 12.949745 1.723710 0.954218
Car -1 -1 -10 520.000000 160.000000 593.000000 228.000000 1.753705 1.592012 3.917083 -1.017793 1.128144 19.670764 1.631635 0.059302
Car -1 -1 -10 557.000000 159.000000 599.000000 248.000000 1.664188 1.594451 3.595058 0.639055 1.236521 13.855313 -1.097161 0.033795
Cyclist -1 -1 -10 1028.000000 192.000000 1108.000000 299.000000 1.697925 0.567165 1.683902 6.432355 1.360999 9.185781 -1.399091 0.011231
