Pedestrian -1 -1 -10 675.000000 170.000000 682.000000 201.000000 1.833429 0.646600 0.797711 3.974744 1.613023 41.956678 2.123597 0.352393
Pedestrian -1 -1 -10 719.000000 168.000000 729.000000 198.000000 1.734771 0.592087 0.741034 1.253913 1.146217 9.062843 3.132136 0.162039
Pedestrian -1 -1 -10 726.000000 167.000000 735.000000 199.000000 1.808680 0.610287 0.935082 7.096811 1.479156 43.099614 -2.934371 0.079247
Car -1 -1 -10 248.000000 184.000000 403.000000 271.000000 1.522953 1.550185 3.523127 -5.252662 1.718483 13.740002 1.580632 0.999338
Car -1 -1 -10 768.000000 184.000000 1044.000000 328.000000 1.493995 1.629542 3.908544 3.340958 1.616719 9.175851 -1.618452 0.998453
Car -1 -1 -10 350.000000 179.000000 457.000000 245.000000 1.557169 1.618922 3.853382 -5.229111 1.686769 18.453444 1.598994 0.997722
Car -1 -1 -10 731.000000 178.000000 862.000000 261.000000 1.440047 1.575703 3.654612 3.509100 1.582381 14.640009 -1.562508 0.994880
Car -1 -1 -10 960.000000 192.000000 1236.000000 375.000000 1.500750 1.630444 3.918054 3.400211 1.675059 3.437002 -1.583981 0.942499
Car -1 -1 -10 781.000000 181.000000 932.000000 277.000000 1.542450 1.437757 3.076589 3.825887 1.704006 12.306496 -0.187035 0.163891
Car -1 -1 -10 810.000000 185.000000 872.000000 214.000000 1.523855 1.531781 3.621821 10.984061 1.822834 33.002447 1.391414 0.018351
Car -1 -1 -10 795.000000 183.000000 882.000000 233.000000 1.523441 1.545198 3.804804 9.061723 1.603366 28.071112 2.396460 0.013634
Car -1 -1 -10 890.000000 185.000000 1146.000000 343.000000 1.549330 1.646829 3.996508 3.342852 1.681858 9.217964 -1.561125 0.011556
