Pedestrian -1 -1 -10 426.000000 184.000000 481.000000 306.000000 1.671082 0.628852 0.717092 -1.970977 1.677828 9.512693 1.771582 0.996146
Pedestrian -1 -1 -10 366.000000 178.000000 400.000000 289.000000 1.746182 0.569353 0.670652 -3.334370 1.654736 10.965065 0.129706 0.994519
Pedestrian -1 -1 -10 871.000000 165.000000 904.000000 257.000000 1.685072 0.693609 0.675656 5.024421 1.369754 12.563904 -0.624611 0.985630
Pedestrian -1 -1 -10 588.000000 173.000000 609.000000 233.000000 1.672158 0.569878 0.840734 -0.183259 1.453164 20.415089 1.498935 0.957877
Pedestrian -1 -1 -10 493.000000 175.000000 521.000000 261.000000 1.709264 0.633187 0.500586 -1.983636 1.623495 14.346484 1.537274 0.922804
Pedestrian -1 -1 -10 560.000000 172.000000 580.000000 226.000000 1.762490 0.685112 0.893839 -1.129636 1.469904 24.269131 1.581751 0.167242
Pedestrian -1 -1 -10 605.000000 171.000000 619.000000 214.000000 1.775882 0.651988 0.936069 0.387462 1.292833 31.410508 -1.138675 0.053145
Pedestrian -1 -1 -10 613.000000 172.000000 627.000000 213.000000 1.753214 0.613946 0.741834 0.889876 1.459153 32.504750 0.124470 0.050746
Pedestrian -1 -1 -10 599.000000 171.000000 615.000000 222.000000 1.793970 0.607245 0.716413 0.366253 1.289363 31.275513 -1.427792 0.024456
Pedestrian -1 -1 -10 629.000000 173.000000 643.000000 213.000000 1.811205 0.633153 0.713335 1.532294 1.421469 31.619305 -2.650451 0.022792
Car -1 -1 -10 947.000000 68.000000 1231.000000 366.000000 1.626278 1.659587 3.883813 2.396411 1.152606 1.564199 -1.538252 0.143580
Car -1 -1 -10 1069.000000 183.000000 1238.000000 342.000000 1.529468 1.587501 3.514565 2.820357 1.107943 4.027795 2.706591 0.026825
Cyclist -1 -1 -10 682.000000 164.000000 726.000000 237.000000 1.712640 0.425758 1.773241 2.745556 1.399749 19.393406 1.198656 0.975313
Cyclist -1 -1 -10 669.000000 168.000000 687.000000 211.000000 1.668640 0.550910 1.675466 3.650227 0.915376 35.130500 -1.556341 0.065243
Cyclist -1 -1 -10 361.000000 179.000000 403.000000 284.000000 1.757818 0.601932 1.747993 -3.395682 1.665533 11.069066 -1.728908 0.059660
