Car -1 -1 -10 559.000000 178.000000 616.000000 231.000000 1.521446 1.631663 3.698020 -0.738851 1.318363 24.110960 -1.610301 0.999681
Car -1 -1 -10 464.000000 178.000000 536.000000 233.000000 1.571822 1.635336 3.954306 -3.305654 1.384703 22.876748 -1.599193 0.999167
Car -1 -1 -10 205.000000 170.000000 452.000000 344.000000 1.608949 1.648091 3.951365 -3.265889 1.558699 9.006874 -1.573634 0.998638
Car -1 -1 -10 0.000000 183.000000 194.000000 319.000000 1.513925 1.656104 4.015239 -7.675771 1.556618 9.607274 -1.552679 0.803198
Car -1 -1 -10 85.000000 184.000000 195.000000 242.000000 1.489154 1.574658 3.715670 -12.163053 1.562981 18.236948 -1.612009 0.545636
Car -1 -1 -10 399.000000 184.000000 453.000000 214.000000 1.509987 1.635061 3.813292 -8.567212 1.346905 34.355057 -1.693483 0.293944
Car -1 -1 -10 511.000000 182.000000 544.000000 213.000000 1.529800 1.547525 3.572841 -4.134342 1.250659 36.063132 -1.588927 0.276835
Car -1 -1 -10 364.000000 183.000000 442.000000 217.000000 1.521005 1.645628 3.978831 -7.869958 1.298827 34.365756 -0.403679 0.036295
Car -1 -1 -10 362.000000 180.000000 397.000000 207.000000 1.481863 1.604646 3.757684 -12.730059 1.154021 43.319174 -1.460488 0.019402
Car -1 -1 -10 419.000000 184.000000 467.000000 211.000000 1.468531 1.596483 3.894890 -8.465112 1.233159 34.541325 -1.611831 0.017535
