Pedestrian -1 -1 -10 1.000000 121.000000 44.000000 332.000000 1.899009 0.668361 0.945819 -7.147066 1.458920 8.549688 -0.145818 0.149442
Car -1 -1 -10 641.000000 179.000000 701.000000 220.000000 1.467487 1.567676 3.576319 2.157174 1.660870 26.780802 -1.649077 0.996263
Car -1 -1 -10 687.000000 177.000000 779.000000 244.000000 1.519164 1.579921 3.818982 2.970465 1.636009 17.754881 1.518962 0.959666
Car -1 -1 -10 35.000000 195.000000 140.000000 259.000000 1.464306 1.573873 3.669809 -14.816263 2.175224 20.718000 -1.989562 0.955344
Car -1 -1 -10 713.000000 164.000000 885.000000 279.000000 1.701508 1.673450 4.031402 2.989718 1.556941 12.447954 -1.569450 0.942249
Car -1 -1 -10 441.000000 182.000000 488.000000 223.000000 1.523489 1.620116 3.968944 -5.880420 1.996658 29.466100 -1.791412 0.799991
Car -1 -1 -10 572.000000 179.000000 606.000000 206.000000 1.521793 1.616471 3.747631 -1.324979 2.005752 45.719178 -1.762952 0.732731
Car -1 -1 -10 609.000000 179.000000 661.000000 212.000000 1.475019 1.551298 3.648573 1.107878 1.669681 33.711137 -1.750593 0.154786
Cyclist -1 -1 -10 489.000000 176.000000 505.000000 215.000000 1.720297 0.555020 1.779578 -5.382744 2.015606 34.483916 1.365347 0.115319
Cyclist -1 -1 -10 0.000000 92.000000 48.000000 328.000000 1.999670 0.588794 1.735059 -7.294606 1.695109 8.671016 -0.164096 0.024817
