Pedestrian -1 -1 -10 859.000000 160.000000 868.000000 188.000000 1.743312 0.703230 0.653576 15.673190 0.888098 44.624127 -1.270012 0.020378
Pedestrian -1 -1 -10 658.000000 180.000000 669.000000 207.000000 1.834187 0.729513 0.617857 2.618030 1.899988 36.352327 -1.883975 0.012541
Car -1 -1 -10 635.000000 182.000000 749.000000 263.000000 1.488096 1.561947 3.541563 1.563752 1.682252 15.123539 -1.743840 0.998663
Car -1 -1 -10 782.000000 167.000000 883.000000 208.000000 1.515852 1.642172 4.147077 9.271218 1.415915 29.597719 -0.685630 0.997781
Car -1 -1 -10 559.000000 174.000000 653.000000 213.000000 1.474656 1.579589 3.906648 -0.067659 1.652142 30.624025 2.503018 0.997745
Car -1 -1 -10 859.000000 170.000000 934.000000 205.000000 1.486026 1.566457 3.616477 12.967906 1.390897 32.373166 -0.651090 0.988315
Car -1 -1 -10 705.000000 171.000000 818.000000 213.000000 1.508241 1.603680 3.824728 5.651269 1.480447 26.596987 -0.655483 0.961916
Car -1 -1 -10 907.000000 162.000000 989.000000 200.000000 1.616713 1.634971 4.072937 16.546139 1.207862 35.049532 -0.642765 0.950345
Car -1 -1 -10 682.000000 172.000000 750.000000 209.000000 1.556504 1.635801 3.838301 4.839793 1.293727 34.966064 2.169729 0.116180
Car -1 -1 -10 696.000000 172.000000 727.000000 211.000000 1.533930 1.591085 3.726603 4.861634 1.297622 35.022329 2.244242 0.043001
Cyclist -1 -1 -10 685.000000 172.000000 740.000000 207.000000 1.703773 0.588426 1.785585 4.969698 1.226527 34.428930 2.219136 0.096771
Cyclist -1 -1 -10 658.000000 180.000000 669.000000 207.000000 1.707933 0.434156 1.639331 2.714562 1.510958 36.694735 -0.592368 0.073329
Cyclist -1 -1 -10 657.000000 178.000000 684.000000 210.000000 1.710806 0.431041 1.670422 2.793039 1.512659 36.737762 -0.571613 0.054432
Cyclist -1 -1 -10 671.000000 176.000000 711.000000 213.000000 1.714233 0.548002 1.643799 3.749137 1.894829 33.814759 -2.039304 0.051489
Cyclist -1 -1 -10 681.000000 172.000000 701.000000 219.000000 1.717311 0.538932 1.621812 3.697991 1.903185 33.631781 -2.031741 0.039413
Cyclist -1 -1 -10 692.000000 170.000000 718.000000 214.000000 1.725082 0.537752 1.647397 4.581974 1.390545 34.001667 -0.913358 0.031953
Cyclist -1 -1 -10 673.000000 173.000000 692.000000 219.000000 1.667673 0.487885 1.620206 3.534659 1.697498 33.799658 -2.009506 0.021583
