Car -1 -1 -10 680.000000 176.000000 781.000000 261.000000 1.611261 1.676951 4.038105 2.661282 1.785778 16.666651 -1.554778 0.998862
Car -1 -1 -10 794.000000 205.000000 1238.000000 374.000000 1.446029 1.602387 3.861530 2.747355 1.683507 5.701436 -1.608067 0.995223
Car -1 -1 -10 198.000000 186.000000 422.000000 265.000000 1.567280 1.576339 3.816474 -6.361001 1.917189 14.306892 0.022612 0.988188
Car -1 -1 -10 661.000000 181.000000 724.000000 236.000000 1.456100 1.611886 3.949609 2.672614 1.804811 22.620290 -1.611141 0.964617
Car -1 -1 -10 647.000000 176.000000 691.000000 217.000000 1.530443 1.535375 3.594617 2.564998 1.744559 31.553105 -1.608837 0.836993
Car -1 -1 -10 -5.000000 161.000000 306.000000 324.000000 1.770035 1.732725 4.015075 -6.453274 1.715105 9.108119 -3.134247 0.783605
Car -1 -1 -10 120.000000 188.000000 363.000000 289.000000 1.532337 1.640032 4.128288 -6.570072 1.819250 12.152259 0.052330 0.542462
Car -1 -1 -10 276.000000 182.000000 440.000000 246.000000 1.539282 1.610551 3.734048 -5.812957 1.743173 18.338156 -2.951615 0.452601
Car -1 -1 -10 460.000000 181.000000 540.000000 209.000000 1.529140 1.567187 3.750983 -6.164119 2.163695 40.952118 -3.210953 0.296431
Car -1 -1 -10 404.000000 182.000000 512.000000 222.000000 1.505994 1.638244 4.109748 -6.403482 1.938912 29.749052 0.609307 0.288759
