Pedestrian -1 -1 -10 429.000000 179.000000 456.000000 238.000000 1.661171 0.563436 0.660066 -4.880781 1.806783 20.797180 1.403605 0.018207
Car -1 -1 -10 654.000000 181.000000 756.000000 252.000000 1.520104 1.574643 3.507562 2.107897 1.702459 16.771596 -1.732509 0.999363
Car -1 -1 -10 344.000000 191.000000 421.000000 249.000000 1.457455 1.585318 3.649296 -5.965830 1.962948 19.270808 -1.766485 0.996318
Car -1 -1 -10 759.000000 181.000000 1050.000000 369.000000 1.480786 1.598165 3.826865 2.886200 1.632445 7.843660 1.519192 0.989256
Car -1 -1 -10 559.000000 180.000000 602.000000 215.000000 1.472312 1.578139 3.614718 -1.519718 1.906985 35.690212 -1.742491 0.952193
Car -1 -1 -10 915.000000 171.000000 1240.000000 376.000000 1.479514 1.660373 4.046991 2.809809 1.527815 3.156899 -1.473655 0.464669
Car -1 -1 -10 372.000000 186.000000 429.000000 239.000000 1.547155 1.664125 4.071847 -7.320230 2.048236 24.742124 1.377354 0.321291
Car -1 -1 -10 609.000000 184.000000 689.000000 229.000000 1.476115 1.583155 3.746442 1.025259 1.646378 23.770484 -1.822414 0.102985
Car -1 -1 -10 907.000000 190.000000 1076.000000 373.000000 1.534032 1.631291 3.884161 2.882318 1.512442 3.252969 -1.575012 0.053517
Car -1 -1 -10 423.000000 181.000000 458.000000 207.000000 1.506565 1.604902 3.728682 -10.212010 2.300337 40.035440 -1.798023 0.014732
Car -1 -1 -10 425.000000 180.000000 460.000000 234.000000 1.576894 1.619605 3.793682 -5.114348 1.708354 22.519486 -1.802777 0.010315
Cyclist -1 -1 -10 457.000000 177.000000 486.000000 234.000000 1.745565 0.561978 1.791962 -4.458127 1.888170 22.942196 1.436139 0.997936
Cyclist -1 -1 -10 427.000000 177.000000 459.000000 241.000000 1.722934 0.548689 1.728472 -4.857033 1.885087 20.815037 1.385899 0.997171
Cyclist -1 -1 -10 424.000000 181.000000 451.000000 218.000000 1.689563 0.485395 1.578828 -9.566937 2.634124 38.881292 -1.883163 0.024971
