Pedestrian -1 -1 -10 447.000000 176.000000 475.000000 258.000000 1.729426 0.503474 0.652113 -2.811613 1.597807 14.279481 0.382254 0.994828
Pedestrian -1 -1 -10 190.000000 158.000000 245.000000 301.000000 1.775567 0.694439 0.856673 -5.136408 1.461673 9.507784 -2.511281 0.994340
Pedestrian -1 -1 -10 546.000000 180.000000 582.000000 258.000000 1.672736 0.594622 0.704102 -0.764015 1.630912 14.151749 2.086963 0.984940
Pedestrian -1 -1 -10 526.000000 172.000000 555.000000 237.000000 1.692188 0.718834 0.603362 -1.525912 1.468724 18.118755 1.733244 0.744824
Pedestrian -1 -1 -10 607.000000 169.000000 625.000000 223.000000 1.693180 0.597800 0.811641 0.446219 1.355826 22.852232 1.569966 0.636315
Pedestrian -1 -1 -10 593.000000 170.000000 610.000000 216.000000 1.714379 0.546610 0.642302 -0.014250 1.237613 28.887477 1.964055 0.046704
Pedestrian -1 -1 -10 542.000000 179.000000 568.000000 243.000000 1.711146 0.601082 0.649717 -1.365400 1.483790 17.976872 0.996167 0.029284
Pedestrian -1 -1 -10 203.000000 173.000000 240.000000 255.000000 1.690114 0.641532 0.654854 -5.043087 1.443560 9.568986 -2.603371 0.018993
Pedestrian -1 -1 -10 631.000000 170.000000 645.000000 209.000000 1.778457 0.650830 0.791661 1.830303 1.248281 34.828299 0.609709 0.017283
Pedestrian -1 -1 -10 617.000000 170.000000 634.000000 216.000000 1.756103 0.659083 0.762322 1.260130 1.216529 33.810428 -1.614524 0.011604
Cyclist -1 -1 -10 691.000000 165.000000 725.000000 221.000000 1.681683 0.442886 1.733720 3.344314 1.229621 22.874212 1.267931 0.045493
Cyclist -1 -1 -10 542.000000 176.000000 583.000000 256.000000 1.712411 0.575561 1.671067 -0.826821 1.640010 14.046442 2.154884 0.027859
Cyclist -1 -1 -10 522.000000 172.000000 556.000000 236.000000 1.713783 0.539749 1.731668 -1.642775 1.463386 18.172595 1.632471 0.023937
Cyclist -1 -1 -10 443.000000 177.000000 478.000000 256.000000 1.673383 0.533803 1.687518 -2.890970 1.559047 14.569403 0.373546 0.021372
