Pedestrian -1 -1 -10 919.000000 159.000000 977.000000 282.000000 1.829015 0.728734 0.944357 5.137202 1.582503 11.085565 1.552292 0.995367
Pedestrian -1 -1 -10 917.000000 170.000000 958.000000 252.000000 1.819865 0.686357 0.846576 4.657816 1.677181 10.496473 1.000800 0.022724
Pedestrian -1 -1 -10 919.000000 165.000000 965.000000 213.000000 1.830227 0.532172 0.707233 5.449014 1.367308 12.186970 0.597675 0.011694
Car -1 -1 -10 177.000000 192.000000 385.000000 327.000000 1.460478 1.616788 3.873610 -4.242856 1.756979 9.853758 1.433617 0.999435
Car -1 -1 -10 474.000000 176.000000 575.000000 213.000000 1.628339 1.686022 4.220673 -3.656504 1.816203 31.272161 2.550559 0.991141
Car -1 -1 -10 626.000000 173.000000 728.000000 205.000000 1.558214 1.620510 4.210774 3.179972 1.629345 34.609670 2.706504 0.989448
Car -1 -1 -10 261.000000 177.000000 403.000000 229.000000 1.601449 1.669688 4.200414 -9.258770 1.764059 24.699349 -0.000058 0.981451
Car -1 -1 -10 382.000000 182.000000 402.000000 212.000000 1.528690 1.552478 3.475458 -14.592749 1.593807 48.185177 -1.871423 0.017144
Car -1 -1 -10 233.000000 190.000000 381.000000 274.000000 1.443901 1.562400 3.948895 -4.974775 2.061141 10.183779 1.731063 0.012370
Cyclist -1 -1 -10 917.000000 158.000000 974.000000 278.000000 1.794680 0.536317 1.615973 5.180847 1.478890 11.116002 2.432839 0.029559
Cyclist -1 -1 -10 383.000000 181.000000 402.000000 211.000000 1.646871 0.570378 1.708096 -11.509223 1.978105 37.863749 -1.700977 0.026871
