Car -1 -1 -10 574.000000 177.000000 617.000000 217.000000 1.548012 1.633606 3.815085 -0.519306 1.252288 31.262256 -1.573110 0.999666
Car -1 -1 -10 395.000000 183.000000 500.000000 253.000000 1.457079 1.605778 3.781408 -3.730575 1.418051 17.303269 -1.559477 0.999265
Car -1 -1 -10 494.000000 182.000000 546.000000 218.000000 1.431885 1.618647 4.000174 -3.597111 1.329903 29.520539 -1.565165 0.999261
Car -1 -1 -10 248.000000 174.000000 367.000000 244.000000 1.666673 1.667950 4.008921 -8.003358 1.428276 19.587734 -1.575372 0.997907
Car -1 -1 -10 6.000000 181.000000 295.000000 373.000000 1.525453 1.574297 3.727447 -3.106998 1.514191 3.802013 -1.629896 0.981765
Car -1 -1 -10 23.000000 183.000000 244.000000 276.000000 1.475949 1.601688 3.786351 -8.522200 1.544240 13.179472 -1.552226 0.619193
Car -1 -1 -10 354.000000 180.000000 428.000000 223.000000 1.481632 1.557915 3.744811 -8.095455 1.324044 26.008878 1.309341 0.439563
Car -1 -1 -10 451.000000 179.000000 497.000000 209.000000 1.652674 1.645211 3.941452 -8.184324 1.192336 44.425944 -1.688004 0.131571
Car -1 -1 -10 111.000000 187.000000 242.000000 237.000000 1.495050 1.657330 3.971877 -12.346364 1.473971 20.516564 1.625058 0.025065
Car -1 -1 -10 413.000000 182.000000 489.000000 223.000000 1.528690 1.552477 3.475459 -7.468722 0.881896 35.030870 -1.792690 0.015556
