Pedestrian -1 -1 -10 404.000000 166.000000 448.000000 271.000000 1.732546 0.631025 1.025868 -3.077632 1.471220 12.391111 -1.482467 0.997450
Pedestrian -1 -1 -10 674.000000 168.000000 709.000000 268.000000 1.675751 0.614956 0.756641 1.512203 1.508784 12.579950 -1.859995 0.996579
Pedestrian -1 -1 -10 716.000000 165.000000 758.000000 267.000000 1.710668 0.702102 1.023014 2.363681 1.402275 12.715859 1.808024 0.993498
Pedestrian -1 -1 -10 507.000000 170.000000 535.000000 216.000000 1.719726 0.637013 0.786638 -3.061342 1.234478 27.994357 -1.147551 0.051382
Pedestrian -1 -1 -10 608.000000 170.000000 628.000000 217.000000 1.739984 0.611557 0.702738 0.538947 1.391948 26.079062 1.639876 0.033650
Pedestrian -1 -1 -10 608.000000 170.000000 617.000000 205.000000 1.754950 0.563191 0.740230 0.035609 1.193306 11.543855 0.136117 0.018796
Pedestrian -1 -1 -10 750.000000 163.000000 769.000000 214.000000 1.778912 0.665855 0.850495 5.609634 1.103289 26.015879 1.303011 0.018360
Pedestrian -1 -1 -10 742.000000 165.000000 761.000000 215.000000 1.814109 0.625797 0.799299 5.535061 1.150571 26.127126 -0.343031 0.011763
Pedestrian -1 -1 -10 684.000000 171.000000 707.000000 233.000000 1.760196 0.655334 0.630048 3.037732 1.653903 21.696521 -1.989644 0.010890
Car -1 -1 -10 567.000000 169.000000 596.000000 199.000000 1.526951 1.607782 3.743586 -1.077966 1.256291 49.120165 -1.562404 0.094553
Cyclist -1 -1 -10 556.000000 166.000000 586.000000 234.000000 1.762564 0.639100 1.806961 -0.840318 1.410649 19.542363 1.761491 0.997309
Cyclist -1 -1 -10 608.000000 169.000000 629.000000 217.000000 1.716231 0.579699 1.734544 0.533445 1.319764 26.048778 1.607997 0.986959
Cyclist -1 -1 -10 505.000000 170.000000 536.000000 216.000000 1.746614 0.515019 1.707267 -3.094926 1.287074 28.410039 -2.151678 0.929136
Cyclist -1 -1 -10 714.000000 162.000000 763.000000 259.000000 1.830034 0.615686 1.669440 2.309170 1.513374 12.835287 -1.451904 0.763790
Cyclist -1 -1 -10 922.000000 203.000000 1106.000000 370.000000 1.668289 0.642631 1.755670 2.547506 1.637016 3.735057 1.468499 0.634323
Cyclist -1 -1 -10 725.000000 171.000000 781.000000 237.000000 1.706245 0.608511 1.700180 5.642591 1.192349 24.521855 1.813554 0.112033
Cyclist -1 -1 -10 565.000000 169.000000 596.000000 200.000000 1.702561 0.658165 1.677922 -1.186953 1.415988 47.767770 1.013778 0.086064
Cyclist -1 -1 -10 739.000000 166.000000 761.000000 222.000000 1.814902 0.538231 1.755120 5.448327 1.188549 26.254623 -1.837993 0.017167
Cyclist -1 -1 -10 678.000000 169.000000 712.000000 259.000000 1.740181 0.614003 1.685213 1.486839 1.483304 12.670501 1.682033 0.016813
Cyclist -1 -1 -10 993.000000 199.000000 1218.000000 372.000000 1.670624 0.657738 1.802133 2.634491 1.481676 3.747682 3.104987 0.014164
