Car -1 -1 -10 198.000000 183.000000 440.000000 321.000000 1.498709 1.646325 4.026100 -3.781110 1.482756 10.040554 -1.557306 0.999672
Car -1 -1 -10 679.000000 184.000000 760.000000 244.000000 1.449775 1.578295 3.588205 2.867446 1.396304 18.876196 -1.603031 0.999524
Car -1 -1 -10 428.000000 179.000000 501.000000 233.000000 1.458794 1.601467 3.880107 -4.448903 1.341701 22.498690 -1.585687 0.998919
Car -1 -1 -10 583.000000 177.000000 615.000000 205.000000 1.559526 1.649784 4.119192 -0.520275 1.095729 42.555430 -1.573924 0.998068
Car -1 -1 -10 45.000000 185.000000 271.000000 276.000000 1.456990 1.627754 3.959830 -8.109286 1.486039 13.519177 -1.541130 0.997980
Car -1 -1 -10 492.000000 181.000000 532.000000 210.000000 1.440323 1.589208 3.660952 -4.565635 1.145492 35.036864 -1.602564 0.994025
Car -1 -1 -10 380.000000 170.000000 436.000000 221.000000 1.717562 1.680357 3.931874 -8.810720 1.155940 32.248846 -1.544612 0.355739
Car -1 -1 -10 4.000000 208.000000 126.000000 375.000000 1.526641 1.591213 3.777409 -3.472438 1.678714 1.963261 -1.520587 0.292357
Car -1 -1 -10 429.000000 173.000000 472.000000 215.000000 1.501374 1.666782 3.682659 -9.209818 0.752881 41.734342 -1.789767 0.038298
Car -1 -1 -10 231.000000 186.000000 343.000000 222.000000 1.474615 1.602554 3.806728 -12.789328 1.221161 25.920364 1.673582 0.018179
Car -1 -1 -10 300.000000 187.000000 354.000000 215.000000 1.499930 1.584644 3.789826 -12.678985 1.363301 29.224733 1.802847 0.014073
