Car -1 -1 -10 282.000000 200.000000 407.000000 264.000000 1.373013 1.582461 3.883912 -6.690710 2.014062 17.431184 -2.299676 0.999503
Car -1 -1 -10 746.000000 180.000000 843.000000 236.000000 1.444802 1.674451 4.115133 4.842900 1.609255 19.235853 1.613900 0.998557
Car -1 -1 -10 153.000000 193.000000 220.000000 232.000000 1.448802 1.627693 4.004605 -17.027528 2.233361 28.732786 -2.250131 0.998398
Car -1 -1 -10 666.000000 179.000000 734.000000 231.000000 1.448998 1.553525 3.647865 2.409583 1.700652 20.253466 1.708607 0.979015
Car -1 -1 -10 131.000000 190.000000 191.000000 226.000000 1.500802 1.571784 3.765390 -20.676360 2.298972 32.784199 -2.233755 0.953469
Car -1 -1 -10 344.000000 180.000000 441.000000 216.000000 1.505639 1.633604 3.805816 -10.058782 1.899365 33.397214 -3.132761 0.889573
Car -1 -1 -10 417.000000 167.000000 676.000000 307.000000 2.000804 1.743223 4.315404 -1.363775 1.964405 11.760275 -2.313773 0.862513
Car -1 -1 -10 815.000000 173.000000 969.000000 229.000000 1.480642 1.607715 4.018050 7.872131 1.932605 20.127469 1.376625 0.408536
Car -1 -1 -10 711.000000 178.000000 777.000000 221.000000 1.523666 1.624285 3.855961 6.060289 1.630924 31.204313 1.251175 0.031573
Car -1 -1 -10 531.000000 177.000000 673.000000 258.000000 1.544813 1.630109 3.797008 0.145786 2.083439 17.380112 -1.632519 0.021319
Car -1 -1 -10 332.000000 185.000000 399.000000 212.000000 1.475733 1.594296 3.731922 -11.441767 1.992824 34.527416 1.806935 0.012106
