Pedestrian -1 -1 -10 597.000000 160.000000 608.000000 196.000000 1.811980 0.612192 0.823915 0.056691 0.737457 37.139887 1.954452 0.668109
Pedestrian -1 -1 -10 663.000000 161.000000 671.000000 188.000000 1.798034 0.701213 0.866102 4.234255 0.350649 46.371191 -1.483598 0.450502
Pedestrian -1 -1 -10 587.000000 161.000000 600.000000 196.000000 1.807482 0.577110 0.980132 -0.449214 0.709462 38.116448 -0.045608 0.235116
Pedestrian -1 -1 -10 676.000000 159.000000 685.000000 188.000000 1.829316 0.659212 0.852022 5.135908 0.422171 47.454863 1.704275 0.232424
Pedestrian -1 -1 -10 668.000000 159.000000 677.000000 187.000000 1.789780 0.608928 0.839113 4.640667 0.323481 46.852058 0.703494 0.174309
Pedestrian -1 -1 -10 989.000000 143.000000 1038.000000 283.000000 1.749752 0.619626 0.651481 4.575400 1.251727 8.252446 2.086408 0.133192
Pedestrian -1 -1 -10 1151.000000 150.000000 1214.000000 286.000000 1.658153 0.516608 0.475418 5.972018 1.095090 7.892351 1.270993 0.031069
Pedestrian -1 -1 -10 636.000000 160.000000 652.000000 186.000000 1.761915 0.631589 0.652582 1.511630 0.583440 30.843670 -0.941365 0.025485
Pedestrian -1 -1 -10 604.000000 165.000000 627.000000 196.000000 1.732234 0.567984 0.751300 -0.068457 0.995393 6.090821 3.008649 0.025170
Pedestrian -1 -1 -10 933.000000 148.000000 964.000000 222.000000 1.744104 0.632737 0.826333 6.921390 0.821830 14.422325 1.009606 0.011511
Car -1 -1 -10 611.000000 168.000000 656.000000 203.000000 1.518715 1.625529 3.723124 1.410151 0.983443 30.579668 1.728910 0.998654
