Pedestrian -1 -1 -10 730.000000 167.000000 754.000000 227.000000 1.773963 0.662844 0.875315 3.731230 1.597856 20.719196 1.353145 0.471600
Car -1 -1 -10 367.000000 185.000000 460.000000 253.000000 1.461849 1.571975 3.697636 -4.458975 1.728782 16.658396 1.464955 0.999406
Car -1 -1 -10 500.000000 175.000000 578.000000 203.000000 1.586855 1.657188 4.151747 -4.238569 1.699978 40.535195 -0.767838 0.976842
Car -1 -1 -10 345.000000 184.000000 418.000000 221.000000 1.514308 1.612522 3.730244 -8.391095 1.890873 27.008284 0.829764 0.809613
Car -1 -1 -10 621.000000 173.000000 701.000000 198.000000 1.534081 1.608918 4.228346 2.959413 1.600980 44.087856 2.744848 0.729322
Car -1 -1 -10 91.000000 175.000000 202.000000 222.000000 1.438163 1.428010 3.020707 -12.687200 1.782615 20.111906 -2.837662 0.028744
Car -1 -1 -10 124.000000 186.000000 206.000000 217.000000 1.498741 1.637545 3.967916 -20.327205 1.998094 33.268800 -2.880128 0.012671
Cyclist -1 -1 -10 729.000000 168.000000 755.000000 227.000000 1.848314 0.662008 1.745223 3.702634 1.644860 20.775010 1.219060 0.951845
Cyclist -1 -1 -10 727.000000 170.000000 744.000000 216.000000 1.735379 0.590299 1.724957 3.736737 1.456487 20.899548 2.338772 0.017422
Cyclist -1 -1 -10 778.000000 178.000000 819.000000 204.000000 1.749528 0.370090 1.448973 5.470633 1.425921 20.698346 -1.348263 0.011716
