Car -1 -1 -10 698.000000 176.000000 805.000000 255.000000 1.478819 1.597342 3.790320 2.947333 1.585494 15.659776 -1.547850 0.999059
Car -1 -1 -10 -5.000000 206.000000 259.000000 357.000000 1.485924 1.588760 3.753413 -6.116938 1.952006 9.278773 1.582553 0.998600
Car -1 -1 -10 444.000000 181.000000 499.000000 217.000000 1.538167 1.601812 3.834210 -6.027732 1.998790 31.447075 1.604117 0.996196
Car -1 -1 -10 843.000000 152.000000 1069.000000 222.000000 1.556396 1.652583 4.212095 8.339643 1.137366 17.824977 3.148231 0.947357
Car -1 -1 -10 718.000000 161.000000 798.000000 207.000000 1.505024 1.518731 3.409394 8.551975 1.162709 41.279696 1.281527 0.923773
Car -1 -1 -10 963.000000 130.000000 1241.000000 260.000000 1.807034 1.661479 4.060281 8.324172 1.222191 11.782335 3.144540 0.697638
Car -1 -1 -10 330.000000 182.000000 441.000000 250.000000 1.704614 1.665939 4.063031 -6.107661 1.956866 20.100467 -1.559811 0.566809
Car -1 -1 -10 470.000000 181.000000 513.000000 211.000000 1.543334 1.595843 3.862310 -6.056948 1.871323 36.967758 1.586716 0.457509
Car -1 -1 -10 285.000000 195.000000 397.000000 260.000000 1.388180 1.598431 4.128176 -6.545499 1.982184 17.435057 1.632913 0.040087
Car -1 -1 -10 486.000000 181.000000 526.000000 206.000000 1.518734 1.601948 3.838450 -6.052761 1.965524 41.588725 1.593006 0.033554
