Car -1 -1 -10 677.000000 177.000000 751.000000 224.000000 1.478923 1.641614 4.063933 3.184322 1.568293 23.051492 -1.577416 0.998217
Car -1 -1 -10 428.000000 189.000000 490.000000 229.000000 1.452535 1.615304 3.966507 -5.912496 2.074058 28.488236 1.625076 0.997462
Car -1 -1 -10 885.000000 144.000000 1102.000000 215.000000 1.545151 1.679846 4.147699 9.114638 0.940481 16.997926 3.171689 0.997154
Car -1 -1 -10 355.000000 192.000000 446.000000 248.000000 1.454207 1.641916 4.047841 -6.096441 2.070736 21.031682 1.608250 0.996602
Car -1 -1 -10 241.000000 199.000000 386.000000 285.000000 1.495128 1.556504 3.714333 -6.020861 2.078952 15.012595 1.538170 0.996464
Car -1 -1 -10 666.000000 175.000000 722.000000 218.000000 1.529289 1.600009 3.826533 3.108480 1.599936 28.324967 -1.589265 0.989749
Car -1 -1 -10 10.000000 205.000000 300.000000 350.000000 1.452235 1.589549 3.835138 -5.933661 2.010218 10.258541 1.576573 0.961947
Car -1 -1 -10 650.000000 177.000000 691.000000 207.000000 1.496795 1.582134 4.002679 3.107692 1.723831 38.195959 1.462498 0.771199
Car -1 -1 -10 462.000000 186.000000 509.000000 218.000000 1.534732 1.650580 3.914609 -5.966785 2.192594 34.458775 1.564346 0.608968
Car -1 -1 -10 787.000000 157.000000 936.000000 205.000000 1.504770 1.603480 3.836577 8.531730 1.155186 22.730951 -0.291939 0.418045
Car -1 -1 -10 0.000000 227.000000 67.000000 369.000000 1.531452 1.602505 3.911329 -6.011029 2.052551 5.076138 1.565158 0.200982
Car -1 -1 -10 493.000000 184.000000 531.000000 209.000000 1.540067 1.607176 3.875800 -5.923660 2.193788 43.544885 1.622951 0.070219
Car -1 -1 -10 823.000000 148.000000 1007.000000 205.000000 1.577298 1.674776 4.095341 9.244393 1.018798 21.453386 3.101791 0.054094
