Pedestrian -1 -1 -10 677.000000 170.000000 691.000000 213.000000 1.766595 0.554814 0.841604 3.194382 1.693251 30.926062 -0.458749 0.936685
Car -1 -1 -10 462.000000 180.000000 515.000000 212.000000 1.401733 1.571115 3.723414 -5.787603 1.723072 33.656722 1.108005 0.998760
Car -1 -1 -10 338.000000 181.000000 416.000000 208.000000 1.547808 1.591008 3.975701 -13.114863 1.982089 40.310459 0.345552 0.996511
Car -1 -1 -10 -1.000000 193.000000 238.000000 369.000000 1.497445 1.619803 3.856114 -5.877566 1.764072 8.045870 1.542331 0.987690
Car -1 -1 -10 836.000000 195.000000 1254.000000 376.000000 1.504582 1.606528 3.858911 2.998779 1.680422 4.579953 -1.622636 0.972022
Car -1 -1 -10 50.000000 183.000000 155.000000 234.000000 1.514058 1.603431 3.810528 -17.914057 1.590185 25.854941 0.421862 0.532154
Car -1 -1 -10 131.000000 180.000000 213.000000 253.000000 1.461849 1.582328 3.679739 -14.952519 1.670936 25.168510 1.418700 0.427915
Car -1 -1 -10 3.000000 187.000000 86.000000 238.000000 1.493830 1.564793 3.555584 -18.346979 1.778588 25.897255 0.803344 0.192812
Car -1 -1 -10 0.000000 187.000000 145.000000 263.000000 1.535418 1.505160 3.172097 -11.860790 1.507501 15.591841 1.430036 0.127386
Car -1 -1 -10 0.000000 196.000000 123.000000 331.000000 1.484687 1.539286 3.735243 -5.723596 1.677235 7.709642 1.521949 0.046190
Car -1 -1 -10 51.000000 194.000000 231.000000 298.000000 1.496032 1.550238 3.396675 -6.737682 1.516325 9.814847 -2.857390 0.039803
Cyclist -1 -1 -10 125.000000 183.000000 214.000000 263.000000 1.696195 0.555977 1.696803 -14.568675 2.116811 23.978957 -0.450692 0.012250
