Pedestrian -1 -1 -10 235.000000 186.000000 248.000000 215.000000 1.786267 0.647380 0.571606 -21.572174 2.388106 41.576059 -2.506769 0.785598
Pedestrian -1 -1 -10 207.000000 184.000000 227.000000 220.000000 1.686575 0.554301 0.708394 -6.356967 1.511979 11.101553 2.468900 0.774319
Pedestrian -1 -1 -10 229.000000 187.000000 255.000000 221.000000 1.684383 0.547984 0.706260 -6.252662 1.490228 11.654690 2.496433 0.086233
Pedestrian -1 -1 -10 206.000000 185.000000 247.000000 224.000000 1.703009 0.561022 0.716094 -5.780519 1.376386 10.381060 2.480092 0.057030
Pedestrian -1 -1 -10 183.000000 195.000000 264.000000 236.000000 1.834664 0.645639 0.827310 -15.534075 3.111552 28.700926 -2.486480 0.013387
Car -1 -1 -10 597.000000 174.000000 630.000000 204.000000 1.619436 1.655175 3.948113 0.350341 1.887817 43.330007 1.533404 0.998821
Car -1 -1 -10 183.000000 196.000000 264.000000 236.000000 1.579779 1.615730 3.917396 -16.227877 2.637191 30.404116 1.549749 0.997193
Car -1 -1 -10 0.000000 205.000000 88.000000 286.000000 1.507799 1.612786 3.794486 -12.692205 2.229085 14.755970 1.564324 0.750655
Cyclist -1 -1 -10 186.000000 192.000000 258.000000 236.000000 1.775842 0.757015 1.788334 -15.625874 2.818975 29.340285 -1.130228 0.082687
Cyclist -1 -1 -10 203.000000 185.000000 227.000000 221.000000 1.618630 0.448521 1.493296 -6.598534 1.267908 11.728895 -2.111659 0.023557
Cyclist -1 -1 -10 206.000000 185.000000 247.000000 224.000000 1.642179 0.430594 1.500726 -8.513788 1.833966 15.969856 -2.071230 0.016362
Cyclist -1 -1 -10 229.000000 187.000000 254.000000 219.000000 1.611602 0.434680 1.491206 -7.044709 1.411076 13.384652 -2.075443 0.014581
