Car -1 -1 -10 302.000000 193.000000 445.000000 300.000000 1.572449 1.566047 3.683230 -3.908970 1.954808 12.363005 1.481483 0.998672
Car -1 -1 -10 753.000000 189.000000 974.000000 322.000000 1.442272 1.583343 3.772631 3.183150 1.681039 10.043472 -1.586032 0.998148
Car -1 -1 -10 681.000000 172.000000 799.000000 266.000000 1.632814 1.634763 3.767280 2.435857 1.663142 15.432069 -1.620237 0.997658
Car -1 -1 -10 853.000000 202.000000 1247.000000 375.000000 1.507181 1.631605 4.038695 3.323637 1.770546 5.483234 -1.584344 0.996999
Car -1 -1 -10 440.000000 172.000000 516.000000 233.000000 1.879949 1.708765 4.190720 -4.378947 1.989102 24.087661 -1.643231 0.991184
Car -1 -1 -10 0.000000 203.000000 347.000000 376.000000 1.521107 1.640154 3.981112 -3.573205 1.890318 5.656180 1.485621 0.991014
Car -1 -1 -10 630.000000 179.000000 686.000000 222.000000 1.503960 1.626965 3.964134 1.776360 1.750039 28.135672 -1.588547 0.987973
Car -1 -1 -10 508.000000 179.000000 538.000000 204.000000 1.501258 1.654551 4.002381 -5.553277 1.892295 45.456864 1.538733 0.984510
Car -1 -1 -10 652.000000 176.000000 738.000000 239.000000 1.486387 1.562935 3.703096 0.588487 1.535536 16.589809 2.291072 0.903400
Car -1 -1 -10 624.000000 178.000000 657.000000 209.000000 1.601963 1.570795 3.761310 1.927148 1.698914 34.711932 -1.602859 0.520421
