Car -1 -1 -10 553.000000 184.000000 710.000000 333.000000 1.436439 1.660659 3.661658 0.264929 1.631885 9.068141 -1.538633 0.999636
Car -1 -1 -10 689.000000 178.000000 745.000000 216.000000 1.408795 1.622344 4.105145 4.295179 1.743407 29.372876 -1.560110 0.998655
Car -1 -1 -10 2.000000 173.000000 373.000000 374.000000 1.579759 1.625966 3.848793 -3.257019 1.673636 5.580956 -1.578181 0.994278
Car -1 -1 -10 439.000000 178.000000 522.000000 240.000000 1.549368 1.632378 3.906186 -3.564379 1.772211 20.103162 -1.603728 0.961860
Car -1 -1 -10 470.000000 168.000000 537.000000 221.000000 1.679500 1.637181 3.914542 -3.714772 1.583497 26.564928 -1.588698 0.810086
Car -1 -1 -10 573.000000 179.000000 655.000000 269.000000 1.479073 1.534774 3.516913 0.051600 1.571581 10.655797 2.228228 0.606525
Car -1 -1 -10 210.000000 178.000000 272.000000 214.000000 1.567206 1.642256 3.837540 -24.495260 2.315328 48.442358 1.534337 0.068030
Car -1 -1 -10 969.000000 86.000000 1238.000000 369.000000 1.710317 1.719358 4.155384 3.862633 1.139237 4.339179 -1.447633 0.028762
Car -1 -1 -10 819.000000 203.000000 1045.000000 357.000000 1.476143 1.580455 3.666524 3.407291 1.716083 8.206888 -1.532845 0.026218
Car -1 -1 -10 0.000000 186.000000 177.000000 367.000000 1.475711 1.571758 3.786389 -4.109806 1.420932 4.400002 -3.277208 0.019565
Car -1 -1 -10 405.000000 189.000000 501.000000 245.000000 1.558146 1.584970 3.608169 -3.724013 1.799826 19.084253 -1.754514 0.012530
Cyclist -1 -1 -10 569.000000 183.000000 657.000000 265.000000 1.695033 0.527080 1.546650 -0.219470 1.358169 18.029562 -1.607783 0.032854
Cyclist -1 -1 -10 191.000000 178.000000 289.000000 229.000000 1.639097 1.712093 4.027346 -21.729473 2.277633 42.075195 2.590351 0.012230
Cyclist -1 -1 -10 145.000000 183.000000 241.000000 226.000000 1.674815 0.521643 1.594629 -23.618458 2.771976 40.438146 -2.636137 0.011024
