Car -1 -1 -10 577.000000 173.000000 646.000000 237.000000 1.566489 1.653445 3.669321 0.035623 1.276870 20.452809 -1.566810 0.999419
Car -1 -1 -10 366.000000 176.000000 486.000000 262.000000 1.590375 1.638660 3.854081 -3.918519 1.453129 16.003497 -1.589189 0.997953
Car -1 -1 -10 243.000000 182.000000 353.000000 245.000000 1.481010 1.586388 3.575040 -8.267814 1.474406 19.242085 -1.592182 0.997706
Car -1 -1 -10 456.000000 177.000000 515.000000 223.000000 1.530590 1.585418 3.755385 -4.546171 1.329047 27.824427 -1.607187 0.995829
Car -1 -1 -10 344.000000 183.000000 401.000000 224.000000 1.477855 1.629514 3.935195 -8.515568 1.368129 27.994102 -1.413617 0.566586
Car -1 -1 -10 512.000000 178.000000 544.000000 204.000000 1.528551 1.571584 3.562464 -4.319814 1.292019 46.256505 -2.345004 0.562867
Car -1 -1 -10 491.000000 179.000000 527.000000 209.000000 1.567458 1.656892 3.833925 -5.369125 1.284308 39.062935 -1.609198 0.201815
Car -1 -1 -10 -5.000000 95.000000 293.000000 374.000000 1.542151 1.616794 3.997951 -4.811702 1.809008 6.557976 -2.766605 0.160524
Car -1 -1 -10 594.000000 172.000000 633.000000 209.000000 1.528690 1.552477 3.475459 1.414061 0.866553 44.587800 -1.570106 0.024824
Car -1 -1 -10 579.000000 176.000000 621.000000 212.000000 1.510852 1.596167 3.714946 -0.431174 1.093176 29.824091 -1.644092 0.019015
