Pedestrian -1 -1 -10 405.000000 180.000000 414.000000 216.000000 1.781067 0.586993 0.886812 -12.313851 2.283886 44.225421 -1.691920 0.158710
Pedestrian -1 -1 -10 373.000000 182.000000 417.000000 273.000000 1.679074 0.656566 0.818612 -4.089178 1.862739 13.612645 1.354264 0.031727
Pedestrian -1 -1 -10 378.000000 186.000000 407.000000 238.000000 1.652910 0.618997 0.772237 -6.130906 1.655262 19.704758 -1.360045 0.022648
Pedestrian -1 -1 -10 390.000000 184.000000 410.000000 232.000000 1.690020 0.557161 0.637772 -4.114118 1.383628 13.665161 -1.871093 0.011384
Car -1 -1 -10 694.000000 183.000000 860.000000 295.000000 1.504894 1.583170 3.552860 2.439245 1.675457 11.483035 -1.680374 0.999633
Car -1 -1 -10 258.000000 201.000000 385.000000 283.000000 1.556192 1.623315 3.783507 -5.142077 1.967710 14.170481 -1.856624 0.998205
Car -1 -1 -10 570.000000 183.000000 622.000000 223.000000 1.445231 1.575444 3.689270 -0.705186 1.975683 30.431898 -1.748031 0.997515
Car -1 -1 -10 960.000000 194.000000 1243.000000 371.000000 1.545420 1.652401 3.874250 2.912414 1.686677 2.506360 1.599256 0.961930
Car -1 -1 -10 547.000000 184.000000 581.000000 212.000000 1.530418 1.570150 3.527771 -2.640404 2.182090 40.411985 -1.731742 0.712236
Car -1 -1 -10 331.000000 192.000000 405.000000 246.000000 1.532608 1.533325 3.778208 -6.444265 2.078477 19.260843 1.257155 0.168843
Car -1 -1 -10 413.000000 187.000000 452.000000 223.000000 1.536581 1.614478 3.944776 -8.996553 2.373785 35.552909 -1.811481 0.121505
Cyclist -1 -1 -10 418.000000 180.000000 464.000000 265.000000 1.699306 0.589601 1.792767 -3.686094 1.875916 15.686773 1.542791 0.999747
Cyclist -1 -1 -10 370.000000 181.000000 420.000000 281.000000 1.746576 0.564483 1.817416 -4.119512 1.912900 13.567986 1.450367 0.998540
Cyclist -1 -1 -10 339.000000 188.000000 406.000000 268.000000 1.715519 0.623167 1.814259 -4.236382 1.887483 13.481368 1.659372 0.176477
Cyclist -1 -1 -10 415.000000 185.000000 454.000000 225.000000 1.725384 0.604786 1.714411 -8.752969 2.572060 33.752552 -0.185853 0.173470
Cyclist -1 -1 -10 253.000000 198.000000 396.000000 285.000000 1.776123 0.679354 1.804413 -4.835999 2.037286 12.937306 2.296206 0.050222
Cyclist -1 -1 -10 372.000000 187.000000 403.000000 232.000000 1.697031 0.481972 1.444753 -12.842017 1.690156 40.668207 -1.903196 0.027197
Cyclist -1 -1 -10 398.000000 181.000000 413.000000 221.000000 1.726316 0.742029 1.819242 -12.420071 2.115917 44.035677 -0.255670 0.020025
Cyclist -1 -1 -10 390.000000 184.000000 410.000000 232.000000 1.618177 0.343453 1.375823 -4.874562 1.597247 16.822630 -1.884032 0.010298
