Car -1 -1 -10 571.000000 179.000000 605.000000 210.000000 1.587621 1.641154 4.110269 -1.089728 1.288150 39.902194 -1.614376 0.999606
Car -1 -1 -10 396.000000 187.000000 480.000000 237.000000 1.453284 1.656726 4.115554 -5.054067 1.499869 21.865736 -1.593533 0.999222
Car -1 -1 -10 307.000000 186.000000 386.000000 231.000000 1.485926 1.595814 3.601336 -8.891394 1.534179 24.633986 -1.582615 0.996313
Car -1 -1 -10 1.000000 199.000000 380.000000 373.000000 1.472266 1.608349 4.011920 -3.401941 1.642419 6.228440 -1.576552 0.994789
Car -1 -1 -10 400.000000 182.000000 447.000000 214.000000 1.589006 1.620666 3.787508 -8.689222 1.516268 34.377495 -1.677208 0.737762
Car -1 -1 -10 189.000000 190.000000 334.000000 253.000000 1.534053 1.620264 3.782053 -7.981022 1.601606 17.178748 -1.619096 0.728226
Car -1 -1 -10 -1.000000 187.000000 165.000000 357.000000 1.467107 1.598426 3.786992 -3.496377 1.398781 6.078817 1.338493 0.277368
Car -1 -1 -10 368.000000 179.000000 413.000000 205.000000 1.514124 1.593956 3.666964 -13.095785 1.414790 44.188432 1.700472 0.031921
Car -1 -1 -10 107.000000 191.000000 319.000000 286.000000 1.560851 1.630963 3.784379 -8.110826 1.521871 17.114699 -1.585424 0.027869
Car -1 -1 -10 304.000000 182.000000 363.000000 216.000000 1.532136 1.646524 3.696249 -11.826842 1.394386 30.860711 -1.934485 0.027634
Car -1 -1 -10 432.000000 182.000000 474.000000 209.000000 1.570010 1.602184 3.802146 -8.933749 0.817318 40.166065 1.573248 0.022810
Cyclist -1 -1 -10 65.000000 71.000000 238.000000 210.000000 1.700586 0.642432 1.673912 -12.333964 1.559475 19.922182 -0.499646 0.113116
Cyclist -1 -1 -10 145.000000 65.000000 298.000000 214.000000 1.696432 0.681688 1.668911 -8.320130 1.347859 15.725628 -1.989318 0.057624
Cyclist -1 -1 -10 138.000000 189.000000 332.000000 263.000000 1.695557 0.715000 1.844341 -7.416614 1.675846 16.010046 -1.496282 0.044591
Cyclist -1 -1 -10 13.000000 193.000000 370.000000 383.000000 1.774839 0.752938 1.919001 -2.972666 1.788189 5.536635 1.628831 0.020807
Cyclist -1 -1 -10 61.000000 194.000000 283.000000 294.000000 1.668423 0.338431 1.342371 -3.825465 1.505751 6.545765 -2.060285 0.012064
