Pedestrian -1 -1 -10 824.000000 152.000000 851.000000 197.000000 1.814938 0.524107 0.701068 3.823938 1.423646 12.669742 0.476153 0.028155
Car -1 -1 -10 350.000000 187.000000 452.000000 248.000000 1.502412 1.614795 3.862139 -5.565450 1.981210 19.859411 1.588733 0.999168
Car -1 -1 -10 412.000000 185.000000 484.000000 230.000000 1.452317 1.587349 3.807302 -5.660986 1.944034 25.116250 1.586226 0.995620
Car -1 -1 -10 -2.000000 190.000000 282.000000 371.000000 1.653037 1.635530 3.891705 -5.838900 1.968672 8.660581 -1.539772 0.987860
Car -1 -1 -10 891.000000 170.000000 1239.000000 374.000000 1.524861 1.622914 3.874622 3.070761 1.626821 4.048834 -1.520124 0.986525
Car -1 -1 -10 762.000000 156.000000 877.000000 194.000000 1.652340 1.633468 4.101296 9.598534 1.044940 32.339542 3.263640 0.972974
Car -1 -1 -10 445.000000 183.000000 502.000000 222.000000 1.412732 1.571398 3.798155 -5.592565 1.891729 29.990997 1.595792 0.897897
Car -1 -1 -10 662.000000 174.000000 703.000000 200.000000 1.629876 1.649968 4.066944 3.705126 1.464427 38.301692 1.527349 0.607405
Car -1 -1 -10 473.000000 183.000000 520.000000 212.000000 1.525286 1.597243 3.885807 -5.503607 1.936186 36.037316 1.612489 0.391280
Car -1 -1 -10 1069.000000 139.000000 1222.000000 178.000000 1.563271 1.660763 4.093006 23.183231 0.275272 31.177503 0.093187 0.351928
Car -1 -1 -10 734.000000 161.000000 836.000000 192.000000 1.505931 1.628289 4.001044 8.810036 1.102416 37.956135 -0.258473 0.145843
Car -1 -1 -10 1024.000000 144.000000 1132.000000 176.000000 1.555321 1.658976 4.012971 23.534160 0.101516 36.918525 2.035256 0.091115
Car -1 -1 -10 503.000000 180.000000 543.000000 206.000000 1.591953 1.623433 3.970046 -5.276096 2.001447 43.597165 1.647723 0.066600
Cyclist -1 -1 -10 776.000000 153.000000 876.000000 192.000000 1.720372 0.720993 1.798029 9.365660 1.220764 30.928626 0.278863 0.040253
