Car -1 -1 -10 703.000000 179.000000 819.000000 265.000000 1.465618 1.630636 3.726113 2.854393 1.654335 14.293689 -1.600332 0.995514
Car -1 -1 -10 651.000000 172.000000 694.000000 207.000000 1.498044 1.606118 3.791188 2.633917 1.533970 31.901243 -1.560133 0.992775
Car -1 -1 -10 213.000000 164.000000 431.000000 257.000000 1.787452 1.672129 4.049823 -6.148627 1.719232 15.655358 0.069542 0.992523
Car -1 -1 -10 -14.000000 182.000000 302.000000 326.000000 1.498289 1.612019 3.927691 -6.365177 1.722018 8.695507 -3.135310 0.990229
Car -1 -1 -10 732.000000 160.000000 1012.000000 347.000000 1.697486 1.673714 4.138929 2.802321 1.596941 8.868723 -1.616999 0.989260
Car -1 -1 -10 674.000000 173.000000 761.000000 235.000000 1.489552 1.617392 3.833891 2.857081 1.563670 19.844834 -1.571269 0.979756
Car -1 -1 -10 84.000000 170.000000 376.000000 279.000000 1.624110 1.654340 3.982923 -6.580635 1.696679 13.047136 -3.169893 0.931248
Car -1 -1 -10 306.000000 166.000000 466.000000 226.000000 1.542817 1.602912 3.896951 -5.987215 1.506690 22.299183 -3.103434 0.903420
Car -1 -1 -10 391.000000 169.000000 510.000000 210.000000 1.520192 1.591504 4.061604 -6.756723 1.603380 30.306379 0.200451 0.831204
Car -1 -1 -10 0.000000 200.000000 189.000000 372.000000 1.416790 1.601318 4.092333 -6.060074 1.694747 6.547796 -0.058818 0.588811
