Pedestrian -1 -1 -10 731.000000 190.000000 821.000000 260.000000 1.717936 0.750265 0.787821 3.549911 2.061112 17.378546 0.209242 0.010936
Car -1 -1 -10 844.000000 203.000000 1227.000000 373.000000 1.460489 1.626577 4.071871 3.893215 1.880980 7.434222 1.573075 0.998613
Car -1 -1 -10 758.000000 199.000000 904.000000 292.000000 1.449832 1.615045 4.026681 3.813390 1.957642 13.429848 -1.497933 0.998181
Car -1 -1 -10 530.000000 180.000000 579.000000 217.000000 1.528219 1.630713 3.964957 -2.336552 1.823171 31.272051 1.600206 0.992662
Car -1 -1 -10 727.000000 191.000000 822.000000 255.000000 1.470239 1.542050 3.429006 4.091939 2.017235 18.574038 -1.567556 0.990475
Car -1 -1 -10 702.000000 187.000000 765.000000 234.000000 1.522561 1.577444 3.648725 4.221721 2.006901 25.336980 -1.548911 0.989508
Car -1 -1 -10 683.000000 186.000000 732.000000 223.000000 1.451546 1.567093 3.706311 3.885766 1.932551 29.978922 -1.560576 0.981703
Car -1 -1 -10 439.000000 181.000000 531.000000 272.000000 1.555178 1.627167 3.954387 -2.662786 1.774902 15.048889 1.573703 0.843011
Car -1 -1 -10 284.000000 151.000000 509.000000 340.000000 1.855866 1.681644 4.255387 -2.551351 1.707746 9.741770 -1.573338 0.478568
Car -1 -1 -10 671.000000 185.000000 710.000000 216.000000 1.561071 1.610222 3.810705 4.059473 2.065743 35.761500 -1.558406 0.328899
