Pedestrian -1 -1 -10 263.000000 170.000000 333.000000 329.000000 1.753838 0.653038 0.912119 -3.580068 1.561237 8.335899 -1.547599 0.997892
Pedestrian -1 -1 -10 769.000000 156.000000 819.000000 264.000000 1.740779 0.543072 0.835389 2.525451 1.348222 9.416950 2.914949 0.982814
Pedestrian -1 -1 -10 847.000000 154.000000 878.000000 238.000000 1.745921 0.629802 0.866990 5.226991 1.166280 14.683743 -1.665399 0.981582
Pedestrian -1 -1 -10 547.000000 176.000000 563.000000 211.000000 1.749106 0.560290 1.037736 -2.110905 1.375391 31.339608 -1.143518 0.090028
Pedestrian -1 -1 -10 486.000000 167.000000 503.000000 211.000000 1.804444 0.650911 0.827107 -4.642154 1.194353 30.785263 -0.697580 0.066842
Pedestrian -1 -1 -10 106.000000 145.000000 150.000000 314.000000 1.777252 0.528632 0.964449 -5.807475 1.625826 8.704179 -0.013137 0.027251
Pedestrian -1 -1 -10 485.000000 165.000000 494.000000 211.000000 1.799401 0.644924 0.925943 -4.847863 1.148302 31.049137 -0.664524 0.015732
Pedestrian -1 -1 -10 793.000000 160.000000 814.000000 199.000000 1.764511 0.576232 0.804209 7.507829 0.723335 26.919223 3.353794 0.014202
Pedestrian -1 -1 -10 82.000000 150.000000 117.000000 273.000000 1.800419 0.525929 0.789775 -6.162698 1.066087 8.726703 0.013704 0.011283
Pedestrian -1 -1 -10 781.000000 160.000000 816.000000 227.000000 1.807516 0.533745 0.701037 2.960914 1.220687 11.279200 0.427951 0.010825
Car -1 -1 -10 664.000000 162.000000 725.000000 214.000000 1.762728 1.617088 3.805835 3.385506 1.131376 27.330257 -1.589411 0.913575
Cyclist -1 -1 -10 689.000000 181.000000 721.000000 221.000000 1.680731 0.621407 1.673594 3.674999 1.455621 25.678093 1.747712 0.031311
Cyclist -1 -1 -10 669.000000 163.000000 720.000000 215.000000 1.732573 0.596349 1.742968 3.068990 1.290533 25.562515 0.172609 0.027841
Cyclist -1 -1 -10 768.000000 156.000000 820.000000 265.000000 1.715504 0.507389 1.642914 2.646350 1.297555 9.456865 2.921638 0.012006
