Pedestrian -1 -1 -10 682.000000 185.000000 693.000000 215.000000 1.705730 0.637387 0.631260 4.459956 2.031175 38.779081 -1.980402 0.015899
Car -1 -1 -10 621.000000 191.000000 711.000000 257.000000 1.488278 1.564371 3.496033 1.368049 2.007471 18.611513 -1.734199 0.998679
Car -1 -1 -10 752.000000 181.000000 845.000000 216.000000 1.505065 1.656096 4.095702 8.935294 1.939701 33.203245 -0.690577 0.997130
Car -1 -1 -10 555.000000 186.000000 638.000000 222.000000 1.486480 1.612927 3.901100 -0.672896 2.238166 34.069400 2.487061 0.993341
Car -1 -1 -10 874.000000 186.000000 1237.000000 372.000000 1.488540 1.614414 3.893603 2.995813 1.603392 3.815981 -1.642342 0.988981
Car -1 -1 -10 686.000000 184.000000 789.000000 221.000000 1.533676 1.612100 3.897383 5.363683 1.917069 30.121049 2.445688 0.988955
Car -1 -1 -10 824.000000 184.000000 889.000000 213.000000 1.457402 1.602880 3.720400 12.656626 2.015127 36.153390 -0.664203 0.973256
Car -1 -1 -10 864.000000 176.000000 941.000000 210.000000 1.610416 1.657472 3.933829 15.559682 1.783906 38.728241 -0.640549 0.447140
Car -1 -1 -10 670.000000 186.000000 726.000000 217.000000 1.517689 1.585261 3.716083 5.002682 2.135034 38.469861 2.270581 0.042716
Car -1 -1 -10 683.000000 185.000000 695.000000 214.000000 1.540876 1.565752 3.742155 1.013919 1.388305 18.369925 2.254169 0.015291
Cyclist -1 -1 -10 680.000000 184.000000 690.000000 217.000000 1.697030 0.481972 1.444753 4.305849 1.806613 41.853536 -1.500698 0.032023
Cyclist -1 -1 -10 676.000000 185.000000 701.000000 217.000000 1.723514 0.491457 1.564580 4.186930 2.082846 38.207808 -1.349045 0.016514
