Pedestrian -1 -1 -10 -1.000000 226.000000 42.000000 373.000000 1.646975 0.539662 0.709810 -4.438341 2.267705 5.118895 -0.022207 0.015326
Car -1 -1 -10 669.000000 186.000000 747.000000 243.000000 1.473266 1.639556 3.993838 2.676480 1.828459 20.484033 -1.567426 0.999484
Car -1 -1 -10 0.000000 188.000000 219.000000 352.000000 1.539113 1.614031 3.893281 -6.017364 1.610046 7.052314 -3.155145 0.991922
Car -1 -1 -10 70.000000 182.000000 410.000000 284.000000 1.480894 1.651690 4.112349 -6.118153 1.667221 12.614115 -0.011117 0.990990
Car -1 -1 -10 740.000000 181.000000 836.000000 228.000000 1.505705 1.604648 3.701665 6.380217 1.876102 25.559473 0.073111 0.967129
Car -1 -1 -10 454.000000 178.000000 539.000000 211.000000 1.485287 1.605750 3.986642 -6.300729 1.824752 34.910347 -3.100882 0.913511
Car -1 -1 -10 328.000000 180.000000 492.000000 234.000000 1.518763 1.665637 3.990813 -5.670765 1.764418 21.993712 -0.097288 0.900725
Car -1 -1 -10 281.000000 179.000000 425.000000 246.000000 1.602444 1.594669 3.867438 -6.495130 1.772856 18.960367 -0.046065 0.592431
Car -1 -1 -10 394.000000 180.000000 515.000000 223.000000 1.527737 1.617935 3.693752 -4.612993 1.677706 26.174573 -1.750238 0.434139
Car -1 -1 -10 690.000000 180.000000 752.000000 218.000000 1.507414 1.429396 2.953306 6.070586 1.992220 36.255713 -1.460086 0.411733
Car -1 -1 -10 413.000000 186.000000 481.000000 218.000000 1.502754 1.595809 3.935720 -5.752695 1.308412 24.604860 -3.215113 0.041894
