Pedestrian -1 -1 -10 970.000000 152.000000 1016.000000 278.000000 1.733184 0.596070 0.860921 5.425679 1.328690 10.090626 -1.631036 0.972482
Pedestrian -1 -1 -10 1054.000000 139.000000 1236.000000 375.000000 1.711891 0.558690 0.876820 2.586858 1.484279 3.379138 3.337343 0.938047
Pedestrian -1 -1 -10 469.000000 173.000000 490.000000 227.000000 1.789440 0.702417 0.842327 -4.252481 1.547050 24.814099 2.962761 0.781984
Pedestrian -1 -1 -10 -1.000000 154.000000 80.000000 369.000000 1.683379 0.579296 0.688795 -3.279755 1.511901 3.923307 1.882950 0.529411
Pedestrian -1 -1 -10 541.000000 184.000000 561.000000 227.000000 1.647370 0.712010 0.849248 -1.790091 1.803007 24.411365 -1.230199 0.279269
Pedestrian -1 -1 -10 452.000000 161.000000 465.000000 215.000000 1.734727 0.583430 0.642239 -4.874116 1.429060 23.658020 2.377182 0.106840
Pedestrian -1 -1 -10 526.000000 185.000000 544.000000 227.000000 1.698601 0.709383 0.925429 -2.311994 1.785236 24.580801 -2.092557 0.104014
Pedestrian -1 -1 -10 1147.000000 27.000000 1229.000000 283.000000 1.743288 0.683357 0.720249 6.185362 1.859451 7.429249 -0.372856 0.050459
Pedestrian -1 -1 -10 3.000000 156.000000 167.000000 372.000000 1.724777 0.647024 0.708038 -3.190363 1.582399 3.963294 -3.764325 0.048955
Pedestrian -1 -1 -10 538.000000 184.000000 550.000000 226.000000 1.749853 0.610825 0.565749 -2.139098 1.442305 27.478787 -2.196119 0.017507
Pedestrian -1 -1 -10 1173.000000 36.000000 1235.000000 191.000000 1.727884 0.561602 0.844938 7.385580 0.658635 8.747425 -0.356099 0.012095
Pedestrian -1 -1 -10 0.000000 171.000000 106.000000 264.000000 1.661931 0.505926 0.585708 -5.765468 1.263046 7.588285 1.404392 0.011966
Car -1 -1 -10 686.000000 168.000000 766.000000 236.000000 1.808175 1.628842 3.792696 3.604460 1.465838 21.369739 -1.577787 0.984168
Car -1 -1 -10 1054.000000 132.000000 1236.000000 374.000000 1.516765 1.644587 3.742334 3.321561 1.187333 4.020139 -2.397486 0.011274
Car -1 -1 -10 2.000000 148.000000 95.000000 369.000000 1.560405 1.591469 3.786892 -2.799122 1.306103 4.464074 -0.184942 0.010937
Cyclist -1 -1 -10 1052.000000 136.000000 1237.000000 372.000000 1.700989 0.614731 1.688221 2.548693 1.330109 3.447314 3.372120 0.370428
Cyclist -1 -1 -10 467.000000 176.000000 492.000000 226.000000 1.789917 0.541320 1.693625 -4.423883 1.545204 25.236382 -2.162612 0.167361
Cyclist -1 -1 -10 687.000000 166.000000 768.000000 235.000000 1.877492 0.688098 1.821553 3.281603 1.455070 19.870153 0.247983 0.056420
Cyclist -1 -1 -10 2.000000 148.000000 95.000000 369.000000 1.695125 0.580750 1.772638 -3.474896 1.397043 3.817116 -2.812897 0.013425
