Pedestrian -1 -1 -10 809.000000 158.000000 873.000000 324.000000 1.744939 0.675731 0.899172 2.644741 1.517344 8.170920 -1.788218 0.999065
Pedestrian -1 -1 -10 287.000000 164.000000 327.000000 276.000000 1.757684 0.627138 0.884159 -4.926723 1.529113 11.782277 -2.617661 0.997831
Pedestrian -1 -1 -10 724.000000 168.000000 781.000000 326.000000 1.684281 0.569850 0.716697 1.569442 1.538896 7.736062 -1.768377 0.997313
Pedestrian -1 -1 -10 1078.000000 145.000000 1151.000000 307.000000 1.744123 0.620628 0.931751 5.750732 1.407364 8.130157 3.293512 0.994732
Pedestrian -1 -1 -10 1026.000000 150.000000 1080.000000 279.000000 1.717976 0.646140 0.670440 6.144950 1.312773 9.800424 2.581537 0.976600
Pedestrian -1 -1 -10 802.000000 162.000000 838.000000 270.000000 1.824959 0.650185 0.821198 3.388493 1.429316 11.326348 1.347145 0.948022
Pedestrian -1 -1 -10 1109.000000 144.000000 1186.000000 284.000000 1.701641 0.532323 0.745776 7.104960 1.248862 9.275075 -1.906144 0.919946
Pedestrian -1 -1 -10 627.000000 168.000000 652.000000 240.000000 1.697574 0.634444 0.672920 0.828516 1.392724 17.054298 -2.095466 0.911281
Pedestrian -1 -1 -10 367.000000 167.000000 396.000000 252.000000 1.729798 0.737409 0.556716 -4.546937 1.492881 14.621971 1.271216 0.553928
Pedestrian -1 -1 -10 393.000000 168.000000 430.000000 258.000000 1.723188 0.625357 0.808679 -3.810480 1.542030 14.578982 1.768872 0.378581
Pedestrian -1 -1 -10 234.000000 167.000000 255.000000 231.000000 1.778269 0.646182 0.792774 -10.235480 1.258764 20.644109 -1.545430 0.332393
Pedestrian -1 -1 -10 780.000000 156.000000 794.000000 220.000000 1.743092 0.557071 0.596348 4.674468 0.914415 18.149264 -1.290846 0.115131
Pedestrian -1 -1 -10 277.000000 165.000000 291.000000 216.000000 1.702434 0.520846 0.591752 -8.606795 1.071426 19.267678 0.138955 0.089416
Pedestrian -1 -1 -10 1147.000000 144.000000 1169.000000 196.000000 1.746910 0.726055 0.495922 9.802893 0.714869 12.926129 -0.877076 0.081412
Pedestrian -1 -1 -10 733.000000 173.000000 767.000000 231.000000 1.683780 0.616547 0.680845 3.036200 1.496679 16.309885 -1.885481 0.058601
Pedestrian -1 -1 -10 786.000000 156.000000 854.000000 289.000000 1.775453 0.652865 0.898943 3.338522 1.392223 11.385655 1.406793 0.035627
Pedestrian -1 -1 -10 266.000000 161.000000 285.000000 213.000000 1.766121 0.603596 0.924535 -8.901397 1.109282 19.313017 2.155553 0.024346
Pedestrian -1 -1 -10 677.000000 177.000000 700.000000 226.000000 1.772097 0.658001 0.703234 3.168094 1.247103 26.701749 2.629914 0.019949
Car -1 -1 -10 408.000000 159.000000 482.000000 226.000000 1.934481 1.749900 4.205111 -5.095246 1.251243 23.388224 1.511611 0.569679
Car -1 -1 -10 445.000000 162.000000 501.000000 215.000000 1.686184 1.613552 3.852452 -5.114778 1.033251 29.952192 1.576494 0.410811
Car -1 -1 -10 521.000000 165.000000 561.000000 203.000000 1.513340 1.662486 3.870649 -3.283520 0.995202 37.847610 1.523808 0.013570
Cyclist -1 -1 -10 392.000000 168.000000 429.000000 259.000000 1.713479 0.544796 1.812745 -3.813863 1.457816 14.255697 1.628815 0.791102
Cyclist -1 -1 -10 372.000000 170.000000 412.000000 259.000000 1.761580 0.546895 1.793876 -4.226005 1.404461 14.293198 1.324224 0.301763
Cyclist -1 -1 -10 730.000000 172.000000 765.000000 227.000000 1.712009 0.525594 1.653407 2.956849 1.444903 16.452082 -1.364815 0.064354
Cyclist -1 -1 -10 628.000000 170.000000 652.000000 238.000000 1.759591 0.562321 1.730464 0.908544 1.403137 17.185445 -1.452622 0.017842
Cyclist -1 -1 -10 726.000000 167.000000 774.000000 327.000000 1.761158 0.532307 1.724773 1.518666 1.561703 7.769462 -1.839644 0.010118
