Car -1 -1 -10 666.000000 182.000000 728.000000 228.000000 1.421279 1.600935 3.643402 2.750687 1.655094 23.370907 -1.555820 0.999322
Car -1 -1 -10 -4.000000 182.000000 288.000000 329.000000 1.527187 1.615508 4.090008 -6.285628 1.784441 8.519014 -0.103583 0.997792
Car -1 -1 -10 312.000000 176.000000 487.000000 233.000000 1.550849 1.615845 4.098145 -5.916824 1.702793 21.228626 0.030516 0.997117
Car -1 -1 -10 727.000000 170.000000 935.000000 330.000000 1.625530 1.601212 3.769414 2.740700 1.631570 9.837116 -1.621397 0.996735
Car -1 -1 -10 68.000000 171.000000 355.000000 291.000000 1.758233 1.619261 4.000809 -6.370077 1.799999 11.757115 -0.193687 0.921427
Car -1 -1 -10 378.000000 176.000000 502.000000 217.000000 1.622745 1.534478 3.995589 -6.113018 1.853317 26.810705 0.084554 0.921375
Car -1 -1 -10 720.000000 172.000000 799.000000 217.000000 1.599256 1.694782 3.914955 6.367820 1.685613 28.440655 0.074883 0.799667
Car -1 -1 -10 271.000000 183.000000 433.000000 245.000000 1.539775 1.638411 4.248405 -6.748050 1.724675 18.955557 0.068840 0.201967
Car -1 -1 -10 676.000000 173.000000 726.000000 201.000000 1.498181 1.575415 4.014081 5.730979 1.429969 43.525849 1.248683 0.197844
Car -1 -1 -10 172.000000 171.000000 390.000000 254.000000 1.579985 1.626088 3.896858 -7.136805 1.746963 16.026190 -3.285184 0.116900
Car -1 -1 -10 422.000000 175.000000 537.000000 205.000000 1.496740 1.617102 3.756300 -6.124166 1.718184 38.226294 -1.778871 0.086641
