Car -1 -1 -10 40.000000 192.000000 405.000000 374.000000 1.519540 1.606505 3.727412 -3.568562 1.621027 7.284762 -1.572871 0.999688
Car -1 -1 -10 582.000000 181.000000 621.000000 216.000000 1.592690 1.650586 4.057289 -0.256773 1.377066 34.975673 -1.573434 0.999523
Car -1 -1 -10 444.000000 189.000000 528.000000 246.000000 1.414201 1.621307 3.902932 -3.295758 1.508906 19.425913 -1.557344 0.999430
Car -1 -1 -10 326.000000 187.000000 414.000000 235.000000 1.409770 1.571435 3.751994 -7.469560 1.452223 22.880258 -1.569381 0.995248
Car -1 -1 -10 39.000000 187.000000 245.000000 287.000000 1.403480 1.526638 3.604256 -7.581680 1.579618 12.238282 -1.561502 0.984204
Car -1 -1 -10 3.000000 189.000000 159.000000 272.000000 1.493466 1.625642 3.851142 -11.400895 1.621067 13.792782 1.542043 0.902085
Car -1 -1 -10 496.000000 186.000000 533.000000 216.000000 1.458672 1.593365 3.896828 -4.694309 1.415340 34.813577 -1.552578 0.799606
Car -1 -1 -10 410.000000 182.000000 455.000000 218.000000 1.507147 1.641652 3.981911 -7.848289 1.312935 32.706597 -1.613167 0.778419
Car -1 -1 -10 294.000000 186.000000 357.000000 218.000000 1.499782 1.618358 3.756879 -12.598657 1.521323 31.714060 -1.487492 0.350544
Cyclist -1 -1 -10 42.000000 188.000000 264.000000 286.000000 1.724816 0.713369 1.803337 -7.500527 1.677650 11.470820 -1.548823 0.010010
