Car -1 -1 -10 342.000000 196.000000 465.000000 263.000000 1.384425 1.585295 3.850418 -5.117381 1.949422 17.024793 -2.211687 0.999493
Car -1 -1 -10 225.000000 191.000000 286.000000 228.000000 1.435156 1.623451 3.912658 -14.391742 2.152695 29.187855 -2.181587 0.998671
Car -1 -1 -10 819.000000 175.000000 932.000000 235.000000 1.460857 1.687016 4.225307 6.455926 1.499698 17.976929 1.698214 0.998031
Car -1 -1 -10 734.000000 174.000000 807.000000 229.000000 1.457690 1.583950 3.722607 4.208481 1.538271 19.203957 1.811496 0.965627
Car -1 -1 -10 207.000000 189.000000 264.000000 222.000000 1.520140 1.577812 3.756796 -17.754437 2.238123 33.656850 -2.166144 0.963554
Car -1 -1 -10 409.000000 176.000000 501.000000 214.000000 1.482314 1.620379 3.851531 -7.250848 1.746652 33.177389 -3.179894 0.916206
Car -1 -1 -10 0.000000 190.000000 47.000000 225.000000 1.559907 1.595216 3.721270 -30.382080 2.470233 36.727039 0.979269 0.825787
Car -1 -1 -10 477.000000 163.000000 741.000000 318.000000 1.972468 1.736409 4.256185 -0.327051 1.880860 10.899726 -2.226219 0.651434
Car -1 -1 -10 887.000000 165.000000 1072.000000 224.000000 1.566494 1.666309 4.071464 9.914763 1.481473 19.652903 1.311014 0.289908
Car -1 -1 -10 354.000000 183.000000 444.000000 212.000000 1.525949 1.605409 3.957589 -11.297894 1.900050 37.906002 0.105948 0.196402
Car -1 -1 -10 781.000000 175.000000 853.000000 221.000000 1.525370 1.634341 3.828641 8.458643 1.511628 29.468135 1.314732 0.074478
Car -1 -1 -10 580.000000 171.000000 744.000000 269.000000 1.523937 1.516908 3.331749 2.806950 2.008242 16.497455 1.101736 0.018360
