Pedestrian -1 -1 -10 875.000000 143.000000 917.000000 258.000000 1.727858 0.683578 0.970419 5.208425 1.112998 13.260456 -1.621105 0.862502
Pedestrian -1 -1 -10 839.000000 146.000000 876.000000 255.000000 1.779872 0.719254 0.971007 4.651501 1.222183 13.732350 -1.227584 0.565235
Pedestrian -1 -1 -10 814.000000 149.000000 896.000000 257.000000 1.778575 0.832509 0.876521 4.676343 1.134420 13.735203 0.134486 0.038296
Car -1 -1 -10 769.000000 182.000000 1018.000000 336.000000 1.456819 1.593494 3.663376 3.086481 1.581918 8.663638 -1.620742 0.998874
Car -1 -1 -10 0.000000 202.000000 247.000000 362.000000 1.510880 1.555361 3.615576 -6.010606 1.900796 8.751349 1.533029 0.997901
Car -1 -1 -10 911.000000 183.000000 1261.000000 378.000000 1.492529 1.571509 3.726499 2.922255 1.624707 2.956079 -1.636158 0.971639
Car -1 -1 -10 275.000000 175.000000 393.000000 223.000000 1.781649 1.730227 4.090975 -12.475772 2.071726 33.062692 -3.086416 0.726116
Car -1 -1 -10 131.000000 196.000000 221.000000 229.000000 1.484637 1.558303 3.783528 -20.086324 2.498403 33.146482 -3.088133 0.640586
Car -1 -1 -10 800.000000 157.000000 883.000000 226.000000 1.530324 1.617980 3.986918 10.430805 1.542107 33.276831 0.170398 0.371635
Car -1 -1 -10 795.000000 154.000000 929.000000 253.000000 1.560023 1.631425 3.866435 5.601563 0.716610 14.985179 -1.188996 0.031394
Car -1 -1 -10 1084.000000 158.000000 1205.000000 195.000000 1.532514 1.577751 3.784833 18.190148 0.819210 24.876733 1.618230 0.026751
Cyclist -1 -1 -10 815.000000 152.000000 885.000000 246.000000 1.715153 0.798095 1.799318 4.601036 1.063543 13.743372 0.655398 0.597680
Cyclist -1 -1 -10 787.000000 160.000000 951.000000 251.000000 1.715112 0.667888 1.753610 4.885421 1.102768 13.537176 0.485514 0.478738
Cyclist -1 -1 -10 851.000000 151.000000 929.000000 255.000000 1.720447 0.865464 1.861004 5.324552 1.015690 13.413467 0.368827 0.075384
Cyclist -1 -1 -10 761.000000 174.000000 1017.000000 336.000000 1.719536 0.824697 1.829063 2.905592 1.825658 7.290101 0.400443 0.041544
Cyclist -1 -1 -10 131.000000 196.000000 222.000000 233.000000 1.732404 0.799617 1.807068 -19.133232 2.712838 32.781559 -0.017720 0.021419
