Pedestrian -1 -1 -10 529.000000 160.000000 548.000000 210.000000 1.808360 0.612118 0.871502 -2.662265 1.100293 26.913048 0.421734 0.980993
Pedestrian -1 -1 -10 370.000000 166.000000 391.000000 214.000000 1.775680 0.707119 0.893852 -8.286896 1.186530 25.895826 -2.435925 0.968040
Pedestrian -1 -1 -10 423.000000 160.000000 440.000000 214.000000 1.738562 0.557117 0.732921 -6.022346 1.132573 24.366231 0.371352 0.428243
Pedestrian -1 -1 -10 344.000000 168.000000 354.000000 196.000000 1.868902 0.627465 0.791985 -18.156456 1.138370 50.273676 1.202424 0.016124
Pedestrian -1 -1 -10 1201.000000 146.000000 1222.000000 209.000000 1.782288 0.554806 0.748445 7.521107 1.200414 8.989637 0.827660 0.014176
Pedestrian -1 -1 -10 449.000000 160.000000 462.000000 189.000000 1.775607 0.658495 0.689047 -5.699287 0.655084 26.644104 -1.759007 0.011028
Car -1 -1 -10 439.000000 173.000000 522.000000 229.000000 1.442365 1.607968 3.874011 -3.444232 1.229247 19.889337 -1.575600 0.999334
Car -1 -1 -10 1028.000000 146.000000 1138.000000 183.000000 1.575007 1.667246 3.935595 24.216199 -0.052856 35.759805 0.047501 0.595730
Car -1 -1 -10 941.000000 158.000000 1034.000000 185.000000 1.466991 1.638185 3.974861 19.487516 0.263566 35.663130 0.012362 0.592015
Cyclist -1 -1 -10 782.000000 149.000000 835.000000 199.000000 1.693093 0.691934 1.746411 8.265327 1.177294 28.349752 2.341773 0.999400
Cyclist -1 -1 -10 657.000000 159.000000 696.000000 195.000000 1.724821 0.681018 1.811991 3.654504 0.724577 36.638104 -0.445368 0.998353
Cyclist -1 -1 -10 846.000000 146.000000 907.000000 199.000000 1.754020 0.563067 1.793040 8.735386 0.571394 23.440358 0.417464 0.997192
Cyclist -1 -1 -10 302.000000 168.000000 355.000000 225.000000 1.745230 0.581007 1.799078 -8.850600 1.386784 22.626685 -1.047274 0.993466
Cyclist -1 -1 -10 1193.000000 149.000000 1223.000000 207.000000 1.624523 0.457850 1.484840 8.585114 1.073681 10.193058 -0.900533 0.045912
Cyclist -1 -1 -10 370.000000 165.000000 392.000000 212.000000 1.755164 0.595561 1.604253 -8.360121 1.135048 26.241895 1.834654 0.029877
Cyclist -1 -1 -10 344.000000 168.000000 354.000000 196.000000 1.758934 0.625338 1.813850 -18.268439 1.001882 50.590743 -1.738719 0.023561
