Pedestrian -1 -1 -10 418.000000 177.000000 438.000000 231.000000 1.821176 0.670225 0.624934 -6.225390 2.084627 24.532691 1.487188 0.957858
Pedestrian -1 -1 -10 401.000000 185.000000 417.000000 226.000000 1.758760 0.618993 0.554056 -7.225939 1.974238 25.472371 -1.780012 0.778508
Pedestrian -1 -1 -10 403.000000 182.000000 428.000000 234.000000 1.851519 0.707661 0.852201 -6.575210 2.083819 24.412471 -1.591610 0.051385
Pedestrian -1 -1 -10 388.000000 198.000000 474.000000 259.000000 1.759595 0.762433 0.900124 -4.192272 2.216834 16.620931 2.873945 0.021455
Pedestrian -1 -1 -10 417.000000 182.000000 428.000000 227.000000 1.648069 0.495018 0.508333 -6.326185 1.877473 24.551118 2.337322 0.017960
Car -1 -1 -10 708.000000 183.000000 860.000000 290.000000 1.500881 1.583074 3.566558 2.682875 1.652252 12.118933 -1.616284 0.999546
Car -1 -1 -10 387.000000 197.000000 477.000000 259.000000 1.438107 1.574074 3.656019 -4.471569 2.008058 18.332595 -1.627177 0.998944
Car -1 -1 -10 660.000000 183.000000 722.000000 234.000000 1.510740 1.591152 3.562745 2.411885 1.829542 22.375809 -1.587509 0.993533
Car -1 -1 -10 444.000000 182.000000 511.000000 233.000000 1.577606 1.635696 4.040844 -4.875568 1.973879 27.516156 -1.597289 0.991958
Car -1 -1 -10 636.000000 180.000000 670.000000 211.000000 1.539828 1.596860 3.640481 2.307026 1.874048 38.075568 -1.612283 0.939628
Car -1 -1 -10 496.000000 185.000000 532.000000 214.000000 1.584501 1.601703 3.867568 -5.359322 2.261499 41.428259 1.530213 0.665705
Car -1 -1 -10 479.000000 184.000000 523.000000 219.000000 1.620621 1.621759 3.979431 -5.420955 2.333248 41.402907 1.263760 0.013587
Cyclist -1 -1 -10 397.000000 184.000000 420.000000 228.000000 1.689732 0.659613 1.651926 -6.889024 1.731273 24.878484 2.362291 0.040842
Cyclist -1 -1 -10 413.000000 182.000000 439.000000 230.000000 1.681915 0.693645 1.721605 -6.143217 1.697165 24.665757 0.740908 0.025774
Cyclist -1 -1 -10 733.000000 186.000000 769.000000 220.000000 1.613018 0.437971 1.582849 6.123547 1.912152 33.227172 -1.376925 0.022939
Cyclist -1 -1 -10 395.000000 190.000000 457.000000 242.000000 1.737076 0.625840 1.752061 -4.406683 2.060627 16.933161 2.793391 0.011448
