Pedestrian -1 -1 -10 688.000000 171.000000 758.000000 232.000000 1.772039 0.690711 1.038860 2.993142 1.703787 19.935468 -0.002633 0.011060
Car -1 -1 -10 485.000000 169.000000 543.000000 212.000000 1.541180 1.636633 3.853559 -3.532841 1.405833 27.048923 1.565503 0.998290
Car -1 -1 -10 685.000000 172.000000 759.000000 230.000000 1.558750 1.562412 3.529222 3.222080 1.635511 21.496355 -1.617539 0.994443
Car -1 -1 -10 765.000000 185.000000 1003.000000 335.000000 1.461015 1.614213 4.023577 3.258700 1.730423 9.580786 -1.567915 0.993031
Car -1 -1 -10 947.000000 202.000000 1235.000000 372.000000 1.470501 1.633842 3.969828 3.751622 1.754724 3.978153 -1.597437 0.990978
Car -1 -1 -10 662.000000 171.000000 722.000000 218.000000 1.531999 1.595393 3.752386 2.848354 1.529698 26.185311 -1.594075 0.990395
Car -1 -1 -10 312.000000 167.000000 476.000000 303.000000 1.575464 1.642773 3.996228 -3.246941 1.609079 10.922183 1.564921 0.986177
Car -1 -1 -10 723.000000 175.000000 850.000000 266.000000 1.521498 1.555743 3.422394 3.363959 1.706970 14.762275 -1.565218 0.976514
Car -1 -1 -10 647.000000 170.000000 691.000000 205.000000 1.495661 1.615409 4.045807 2.677347 1.466076 32.050480 -1.599370 0.845638
Car -1 -1 -10 -10.000000 134.000000 416.000000 377.000000 1.851579 1.701741 4.249796 -2.943488 1.577030 5.635921 -1.659322 0.315582
Car -1 -1 -10 508.000000 169.000000 549.000000 203.000000 1.484074 1.588001 3.654578 -3.764170 1.276250 32.674490 -1.582232 0.283046
