Car -1 -1 -10 709.000000 200.000000 947.000000 334.000000 1.416040 1.587686 3.765871 2.476914 1.788350 9.441535 -1.700376 0.999660
Car -1 -1 -10 403.000000 190.000000 447.000000 223.000000 1.558547 1.647400 3.748950 -10.044110 2.564870 38.929395 1.460044 0.999262
Car -1 -1 -10 587.000000 189.000000 648.000000 235.000000 1.410560 1.624184 3.866557 0.131102 2.033965 24.614183 -1.677069 0.998812
Car -1 -1 -10 9.000000 215.000000 261.000000 362.000000 1.494772 1.577541 3.726007 -5.975497 2.099188 9.137540 1.385499 0.996562
Car -1 -1 -10 572.000000 188.000000 624.000000 224.000000 1.517126 1.630972 3.952552 -0.633877 2.106739 30.489465 -1.710596 0.994733
Car -1 -1 -10 1124.000000 171.000000 1243.000000 253.000000 1.536321 1.579137 3.788027 10.506353 1.509225 13.203277 2.242650 0.991669
Car -1 -1 -10 788.000000 171.000000 924.000000 222.000000 1.577480 1.653500 3.928788 8.474373 1.570402 24.684973 -2.590697 0.959945
Car -1 -1 -10 419.000000 189.000000 455.000000 218.000000 1.493659 1.616575 3.869703 -10.118966 2.429413 38.944703 1.414402 0.884080
Car -1 -1 -10 724.000000 179.000000 834.000000 212.000000 1.511026 1.653475 4.089500 7.060966 1.694496 31.026822 -2.731988 0.771770
Car -1 -1 -10 1044.000000 209.000000 1250.000000 375.000000 1.459201 1.563145 3.814719 3.625079 1.556535 2.312080 1.522227 0.697891
Car -1 -1 -10 2.000000 228.000000 118.000000 371.000000 1.499791 1.658376 3.873728 -5.510441 1.986085 5.197968 -1.856609 0.450351
Car -1 -1 -10 203.000000 195.000000 273.000000 221.000000 1.532447 1.650895 3.895067 -16.947873 2.402708 32.186688 2.123741 0.313009
