Pedestrian -1 -1 -10 775.000000 170.000000 790.000000 215.000000 1.685311 0.600805 0.650323 3.497095 1.459428 15.082456 -1.942993 0.014033
Car -1 -1 -10 410.000000 183.000000 500.000000 241.000000 1.533661 1.609191 3.758944 -4.314112 1.863501 20.595128 1.597034 0.999630
Car -1 -1 -10 791.000000 180.000000 1004.000000 307.000000 1.533507 1.591585 3.735581 3.933459 1.702078 10.661004 -1.617316 0.998809
Car -1 -1 -10 747.000000 182.000000 864.000000 260.000000 1.475678 1.627426 3.866105 4.069182 1.704170 15.732346 -1.526459 0.997245
Car -1 -1 -10 718.000000 179.000000 796.000000 234.000000 1.501896 1.598547 3.732119 4.182813 1.668794 21.286459 -1.509003 0.997063
Car -1 -1 -10 462.000000 182.000000 530.000000 226.000000 1.530323 1.586498 3.739772 -4.085024 1.889149 26.283602 1.630377 0.994911
Car -1 -1 -10 695.000000 178.000000 754.000000 221.000000 1.491826 1.628198 4.018457 4.330006 1.691642 26.628022 -1.558133 0.981882
Car -1 -1 -10 937.000000 201.000000 1237.000000 376.000000 1.473573 1.619035 3.861272 3.854463 1.753435 4.864737 -1.551465 0.961289
Car -1 -1 -10 498.000000 182.000000 545.000000 216.000000 1.411577 1.579468 3.751019 -3.976442 1.867468 31.464460 1.647871 0.943376
Car -1 -1 -10 689.000000 176.000000 731.000000 212.000000 1.621067 1.599382 3.716335 4.826357 1.797482 35.164140 1.719272 0.261213
Car -1 -1 -10 868.000000 172.000000 921.000000 200.000000 1.494764 1.578867 3.680774 12.724270 0.971189 31.335173 1.549110 0.180646
