Car -1 -1 -10 609.000000 180.000000 718.000000 263.000000 1.598415 1.636963 3.861784 1.052757 1.561103 16.195906 -1.678085 0.999670
Car -1 -1 -10 153.000000 192.000000 335.000000 292.000000 1.440743 1.585502 3.724041 -5.974282 1.604203 12.254079 -1.691689 0.999277
Car -1 -1 -10 501.000000 181.000000 549.000000 226.000000 1.520506 1.652674 3.737652 -3.240095 1.426091 27.707212 -1.688998 0.999030
Car -1 -1 -10 304.000000 188.000000 408.000000 250.000000 1.452028 1.604224 3.874282 -6.433858 1.547088 18.600172 -1.691406 0.996272
Car -1 -1 -10 418.000000 184.000000 456.000000 211.000000 1.525972 1.639822 3.921518 -9.264340 1.367551 38.901040 -1.743776 0.995706
Car -1 -1 -10 368.000000 184.000000 431.000000 227.000000 1.523804 1.626806 4.055377 -7.953429 1.573048 26.939351 -1.717896 0.988735
Car -1 -1 -10 54.000000 164.000000 244.000000 263.000000 1.877370 1.779454 4.297594 -10.790478 1.498186 17.082138 -1.675734 0.751396
Car -1 -1 -10 2.000000 207.000000 83.000000 375.000000 1.556116 1.626768 3.870527 -5.103032 1.805796 4.185612 -1.649764 0.709194
Car -1 -1 -10 494.000000 184.000000 524.000000 216.000000 1.489538 1.628273 3.790313 -5.033920 1.512314 36.952759 -1.656952 0.539757
Car -1 -1 -10 264.000000 185.000000 336.000000 229.000000 1.584696 1.658759 3.959181 -11.201434 1.397447 26.555586 -1.683554 0.401445
Car -1 -1 -10 2.000000 174.000000 73.000000 216.000000 1.554500 1.602487 4.033741 -15.512100 1.003852 20.639847 -2.174449 0.014379
