Car -1 -1 -10 568.000000 190.000000 714.000000 276.000000 1.385063 1.585207 3.836543 0.336566 1.715002 13.582142 -1.880947 0.999829
Car -1 -1 -10 467.000000 182.000000 522.000000 222.000000 1.451855 1.617157 3.792144 -4.640137 1.809989 27.944140 -1.841905 0.999293
Car -1 -1 -10 284.000000 184.000000 329.000000 214.000000 1.507180 1.679799 3.948362 -17.169103 2.155780 40.530823 1.291742 0.998011
Car -1 -1 -10 25.000000 204.000000 201.000000 310.000000 1.489336 1.603269 3.756514 -8.000524 2.036880 11.885714 1.209251 0.984311
Car -1 -1 -10 453.000000 181.000000 500.000000 214.000000 1.549199 1.594894 3.775108 -6.399631 1.916965 33.708598 -1.847307 0.982202
Car -1 -1 -10 641.000000 165.000000 747.000000 208.000000 1.566921 1.654345 4.017631 3.430786 1.353045 29.623431 -2.808229 0.926774
Car -1 -1 -10 -4.000000 211.000000 157.000000 360.000000 1.426110 1.628744 3.846782 -6.232284 1.936761 7.073069 1.189846 0.806611
Car -1 -1 -10 64.000000 190.000000 153.000000 219.000000 1.587531 1.646463 4.069629 -22.703984 1.998475 33.370904 -2.070210 0.587189
Car -1 -1 -10 301.000000 183.000000 337.000000 210.000000 1.496041 1.509722 3.468920 -17.434743 2.044201 40.802273 1.304571 0.277424
Car -1 -1 -10 593.000000 174.000000 683.000000 205.000000 1.544083 1.657696 3.962805 0.740430 1.390882 35.583342 -2.713823 0.222777
Car -1 -1 -10 724.000000 135.000000 1234.000000 374.000000 1.953503 1.708689 4.299472 2.877460 1.653671 6.144907 -1.915138 0.099577
