Pedestrian -1 -1 -10 600.000000 155.000000 645.000000 241.000000 1.732066 0.606538 0.799289 0.268701 1.176182 15.989359 1.070518 0.995407
Pedestrian -1 -1 -10 75.000000 171.000000 122.000000 263.000000 1.802421 0.625773 0.982242 -10.542923 1.709980 14.846731 -3.215491 0.991106
Pedestrian -1 -1 -10 130.000000 178.000000 164.000000 255.000000 1.775806 0.580759 0.812480 -10.830698 1.725405 16.741928 0.005671 0.936915
Pedestrian -1 -1 -10 157.000000 177.000000 185.000000 246.000000 1.780842 0.644516 0.813987 -11.063092 1.711157 18.118221 -2.722498 0.645900
Pedestrian -1 -1 -10 400.000000 161.000000 426.000000 234.000000 1.758440 0.632926 0.751268 -3.742103 1.215527 13.634232 -0.225170 0.607728
Pedestrian -1 -1 -10 142.000000 178.000000 176.000000 249.000000 1.790568 0.566334 0.944575 -10.989543 1.762509 17.351810 0.493613 0.531254
Pedestrian -1 -1 -10 305.000000 163.000000 349.000000 246.000000 1.796023 0.785701 0.805813 -5.842938 1.275332 14.539864 -1.476305 0.362972
Pedestrian -1 -1 -10 235.000000 168.000000 260.000000 238.000000 1.764633 0.662658 0.834113 -8.256622 1.413565 16.369118 2.543715 0.273865
Pedestrian -1 -1 -10 901.000000 144.000000 936.000000 202.000000 1.781427 0.661562 0.985156 10.611110 0.641844 24.197500 1.985447 0.173040
Pedestrian -1 -1 -10 329.000000 162.000000 351.000000 251.000000 1.762787 0.594388 0.709679 -5.558910 1.294814 14.509290 -1.546195 0.128577
Car -1 -1 -10 215.000000 181.000000 454.000000 329.000000 1.467478 1.616171 3.896323 -3.276760 1.497373 9.204814 -1.560670 0.998738
Car -1 -1 -10 1096.000000 153.000000 1216.000000 191.000000 1.484789 1.593983 3.821460 19.325564 0.456047 25.040536 3.331408 0.081812
Car -1 -1 -10 292.000000 166.000000 360.000000 241.000000 1.575881 1.579409 3.814645 -5.479122 0.836215 16.014547 1.719101 0.057699
Car -1 -1 -10 236.000000 180.000000 390.000000 260.000000 1.531650 1.609956 3.884222 -6.392865 1.349295 15.002430 0.672083 0.055912
Cyclist -1 -1 -10 900.000000 146.000000 937.000000 203.000000 1.779176 0.572816 1.757602 10.695838 0.662570 24.344584 -0.833395 0.965369
Cyclist -1 -1 -10 1184.000000 134.000000 1223.000000 212.000000 1.666631 0.673894 1.661811 14.578877 0.803134 17.074806 1.750083 0.797822
Cyclist -1 -1 -10 234.000000 166.000000 263.000000 239.000000 1.742357 0.548230 1.772910 -8.358468 1.396091 16.425600 -2.524825 0.727771
Cyclist -1 -1 -10 302.000000 163.000000 352.000000 245.000000 1.702463 0.782792 1.753364 -5.655143 0.961007 14.730764 2.692025 0.356069
Cyclist -1 -1 -10 398.000000 160.000000 427.000000 231.000000 1.697031 0.481972 1.444753 -4.125740 0.549584 15.171149 -1.869417 0.293588
Cyclist -1 -1 -10 256.000000 171.000000 380.000000 250.000000 1.722372 0.688447 1.772074 -5.830228 1.123558 14.620957 2.704992 0.071234
Cyclist -1 -1 -10 262.000000 185.000000 329.000000 239.000000 1.708391 0.528499 1.547948 -7.792411 1.307112 17.237642 -2.024237 0.046430
