Pedestrian -1 -1 -10 285.000000 168.000000 342.000000 311.000000 1.757625 0.639839 0.795845 -3.674362 1.543211 9.146496 -1.448432 0.998639
Pedestrian -1 -1 -10 747.000000 163.000000 789.000000 255.000000 1.734345 0.560011 0.856081 2.460509 1.371066 10.598919 2.898385 0.992368
Pedestrian -1 -1 -10 826.000000 158.000000 856.000000 231.000000 1.665727 0.625570 0.803043 5.125538 1.127266 15.563951 -1.668300 0.697806
Pedestrian -1 -1 -10 483.000000 168.000000 502.000000 210.000000 1.809375 0.658129 1.005721 -4.862516 1.196420 31.919233 1.910916 0.116548
Pedestrian -1 -1 -10 137.000000 160.000000 161.000000 255.000000 1.805808 0.557626 0.856252 -9.609829 1.321758 15.027858 2.087366 0.077599
Pedestrian -1 -1 -10 531.000000 178.000000 548.000000 212.000000 1.682804 0.677997 0.798639 -2.775668 1.536209 31.475340 -2.046568 0.032987
Pedestrian -1 -1 -10 544.000000 178.000000 558.000000 211.000000 1.868869 0.792027 0.791000 -2.330580 2.262582 32.541923 1.399473 0.019273
Pedestrian -1 -1 -10 752.000000 165.000000 777.000000 230.000000 1.721847 0.580082 0.669334 3.057805 1.573942 14.466674 0.825721 0.013742
Car -1 -1 -10 657.000000 166.000000 711.000000 214.000000 1.746119 1.637822 3.859424 3.165922 1.175163 28.602420 -1.591520 0.914230
Cyclist -1 -1 -10 745.000000 163.000000 791.000000 258.000000 1.707996 0.524426 1.682535 2.579394 1.371691 10.697036 2.895544 0.013166
Cyclist -1 -1 -10 657.000000 166.000000 710.000000 215.000000 1.793907 0.481115 1.640152 2.777025 1.534087 26.748437 -2.008328 0.012435
