Car -1 -1 -10 0.000000 189.000000 365.000000 309.000000 1.498963 1.620747 4.101869 -5.830401 1.749391 9.802747 0.062309 0.999295
Car -1 -1 -10 699.000000 187.000000 804.000000 253.000000 1.398703 1.602792 3.922844 3.141166 1.766359 16.608500 -1.577208 0.998812
Car -1 -1 -10 657.000000 174.000000 701.000000 211.000000 1.651293 1.617061 3.813535 3.284966 1.791382 35.829067 -1.604061 0.994280
Car -1 -1 -10 781.000000 194.000000 1236.000000 374.000000 1.522587 1.645021 4.009834 2.774760 1.757153 5.839291 -1.600890 0.994069
Car -1 -1 -10 145.000000 177.000000 376.000000 263.000000 1.659065 1.644387 3.832529 -6.246305 1.790317 14.132094 -3.180712 0.966116
Car -1 -1 -10 394.000000 179.000000 518.000000 223.000000 1.469596 1.596419 4.024245 -4.757397 1.866919 26.573069 -3.178793 0.869072
Car -1 -1 -10 439.000000 176.000000 532.000000 213.000000 1.598857 1.605759 3.922384 -5.764663 1.763400 31.316706 0.008037 0.739268
Car -1 -1 -10 324.000000 181.000000 475.000000 239.000000 1.574679 1.666909 3.776324 -5.641893 1.741532 20.151271 -3.040387 0.612390
Car -1 -1 -10 474.000000 174.000000 550.000000 206.000000 1.578895 1.626161 3.750544 -5.472120 1.592551 41.966355 1.576535 0.304311
Cyclist -1 -1 -10 118.000000 185.000000 349.000000 266.000000 1.698971 0.555208 1.655852 -6.758616 1.365053 12.912066 -2.074013 0.020727
