Pedestrian -1 -1 -10 826.000000 158.000000 898.000000 337.000000 1.797452 0.619571 1.052288 2.679055 1.560252 7.513625 -2.768424 0.998253
Pedestrian -1 -1 -10 1023.000000 142.000000 1163.000000 370.000000 1.812798 0.588855 1.070856 3.666672 1.536682 5.422349 -2.021293 0.995500
Pedestrian -1 -1 -10 91.000000 163.000000 191.000000 372.000000 1.748786 0.659587 0.846928 -4.092888 1.677796 6.285962 1.490813 0.991297
Pedestrian -1 -1 -10 536.000000 172.000000 561.000000 244.000000 1.746849 0.661972 0.731808 -1.406428 1.549284 18.383578 1.576493 0.990040
Pedestrian -1 -1 -10 615.000000 173.000000 643.000000 240.000000 1.705934 0.672803 0.895137 0.746478 1.562509 19.682660 2.689219 0.860985
Pedestrian -1 -1 -10 604.000000 176.000000 629.000000 238.000000 1.851062 0.688101 0.822473 0.399054 1.522328 20.191059 2.455865 0.571756
Pedestrian -1 -1 -10 802.000000 187.000000 836.000000 277.000000 1.704057 0.597057 0.770541 3.720290 1.745053 12.257231 2.366035 0.203504
Pedestrian -1 -1 -10 127.000000 162.000000 195.000000 274.000000 1.713151 0.550380 0.680712 -7.393779 1.238615 12.112659 2.130587 0.157961
Pedestrian -1 -1 -10 771.000000 186.000000 794.000000 241.000000 1.534916 0.452376 0.484845 5.147381 1.406148 19.651063 2.749583 0.104870
Pedestrian -1 -1 -10 0.000000 177.000000 30.000000 313.000000 1.688693 0.476228 0.703075 -7.590654 1.747884 9.166662 -3.223566 0.032876
Pedestrian -1 -1 -10 817.000000 183.000000 867.000000 277.000000 1.750975 0.563621 0.724210 3.686486 1.752425 11.873439 3.231269 0.015270
Car -1 -1 -10 373.000000 166.000000 515.000000 263.000000 1.940052 1.786239 4.251398 -3.311624 1.574312 16.000696 1.643505 0.992566
Car -1 -1 -10 452.000000 169.000000 541.000000 238.000000 1.840353 1.689750 4.118916 -2.949069 1.499855 22.910025 1.596323 0.154606
