Pedestrian -1 -1 -10 657.000000 162.000000 666.000000 190.000000 1.812005 0.676408 0.923962 3.770768 0.509089 45.892567 3.169529 0.775884
Pedestrian -1 -1 -10 590.000000 163.000000 600.000000 200.000000 1.739305 0.619468 0.679457 -0.291569 0.758400 36.284814 1.934565 0.610693
Pedestrian -1 -1 -10 580.000000 162.000000 593.000000 199.000000 1.762478 0.606884 0.899038 -0.740090 0.808013 37.499235 -0.475627 0.449895
Pedestrian -1 -1 -10 643.000000 163.000000 651.000000 189.000000 1.779897 0.649237 0.775173 3.674284 0.222677 56.692790 -1.860175 0.307318
Pedestrian -1 -1 -10 670.000000 163.000000 679.000000 191.000000 1.830105 0.624778 0.920396 4.713781 0.665599 46.654766 1.228503 0.260393
Pedestrian -1 -1 -10 662.000000 161.000000 671.000000 189.000000 1.761007 0.549348 0.650504 4.135995 0.519717 46.735304 -0.974874 0.152566
Pedestrian -1 -1 -10 939.000000 148.000000 968.000000 224.000000 1.782233 0.604226 0.720802 6.222970 0.996844 12.977939 1.537967 0.120378
Pedestrian -1 -1 -10 1001.000000 150.000000 1048.000000 252.000000 1.746578 0.698495 0.590749 5.576272 1.016186 9.713496 3.029940 0.080242
Pedestrian -1 -1 -10 1068.000000 146.000000 1108.000000 228.000000 1.759386 0.635643 0.810950 7.898699 1.364585 11.660671 -1.513940 0.042535
Pedestrian -1 -1 -10 592.000000 163.000000 607.000000 196.000000 1.768236 0.584611 0.643708 -0.251743 0.725438 36.215409 1.507241 0.030525
Pedestrian -1 -1 -10 636.000000 162.000000 646.000000 187.000000 1.732281 0.579631 0.745191 0.217246 1.209417 7.103777 3.032421 0.025893
Pedestrian -1 -1 -10 601.000000 163.000000 609.000000 193.000000 1.745594 0.624543 0.590416 0.325971 0.993679 45.794340 -2.118098 0.017307
Pedestrian -1 -1 -10 625.000000 165.000000 645.000000 192.000000 1.705730 0.637387 0.631261 1.508204 0.455795 29.715291 -2.039877 0.012300
Pedestrian -1 -1 -10 604.000000 171.000000 650.000000 209.000000 1.694055 0.793009 0.648585 0.767840 1.537279 27.130600 2.970116 0.011308
Pedestrian -1 -1 -10 1202.000000 178.000000 1236.000000 341.000000 1.705730 0.637387 0.631260 6.388909 0.953785 7.489499 -1.375768 0.011017
Car -1 -1 -10 602.000000 170.000000 649.000000 209.000000 1.679395 1.674950 4.057417 0.904082 1.171543 29.071699 1.653094 0.999028
Cyclist -1 -1 -10 934.000000 151.000000 981.000000 228.000000 1.705014 0.522947 1.525717 6.901051 0.704708 14.011530 -1.125179 0.114322
Cyclist -1 -1 -10 999.000000 151.000000 1049.000000 253.000000 1.739292 0.613104 1.762699 5.623141 0.881428 9.686804 1.579567 0.014255
