Car -1 -1 -10 857.000000 193.000000 1106.000000 274.000000 1.417384 1.563817 3.676356 6.551416 1.793936 12.965439 -0.057862 0.999612
Car -1 -1 -10 716.000000 183.000000 841.000000 230.000000 1.505773 1.643178 3.913559 5.834560 1.927717 25.018029 0.016653 0.998381
Car -1 -1 -10 201.000000 179.000000 449.000000 264.000000 1.572436 1.619241 3.958745 -5.844791 1.738111 14.859501 0.067383 0.997444
Car -1 -1 -10 -2.000000 185.000000 234.000000 341.000000 1.475478 1.625469 4.172304 -6.723709 1.619428 7.776001 -3.173388 0.995185
Car -1 -1 -10 50.000000 186.000000 367.000000 300.000000 1.486738 1.546577 3.944631 -6.129662 1.649321 10.921163 -3.260595 0.995129
Car -1 -1 -10 638.000000 182.000000 672.000000 209.000000 1.442640 1.603472 3.696427 2.540572 1.957131 39.313560 -1.597917 0.984824
Car -1 -1 -10 813.000000 185.000000 999.000000 265.000000 1.556070 1.623154 3.884334 6.158736 1.818530 15.346413 0.042801 0.983860
Car -1 -1 -10 300.000000 177.000000 462.000000 237.000000 1.530903 1.608245 4.008035 -6.400879 1.580367 19.762467 -3.261500 0.979435
Car -1 -1 -10 409.000000 177.000000 522.000000 214.000000 1.611217 1.599550 3.851212 -6.326236 1.927535 33.113278 -0.006198 0.947176
Car -1 -1 -10 1067.000000 183.000000 1234.000000 371.000000 1.461484 1.639558 4.108272 5.847405 1.782599 5.587745 3.120384 0.520580
Car -1 -1 -10 366.000000 179.000000 493.000000 225.000000 1.457550 1.588840 3.780460 -6.148507 1.783612 25.142167 -3.005629 0.495661
