Pedestrian -1 -1 -10 301.000000 182.000000 333.000000 272.000000 1.777532 0.643151 0.768349 -5.830915 1.924045 14.324111 1.322907 0.981857
Pedestrian -1 -1 -10 260.000000 191.000000 294.000000 272.000000 1.748042 0.640431 0.694444 -6.767119 1.960417 14.563609 2.154119 0.955675
Pedestrian -1 -1 -10 579.000000 178.000000 589.000000 203.000000 1.811543 0.613028 0.715217 -2.110508 2.396875 57.318076 1.088357 0.026458
Pedestrian -1 -1 -10 267.000000 196.000000 327.000000 272.000000 1.828155 0.709605 0.814405 -6.233844 2.028304 14.219630 -1.814675 0.023574
Pedestrian -1 -1 -10 144.000000 205.000000 391.000000 356.000000 1.720484 0.656846 0.871568 -3.776929 2.150893 7.874388 -1.505102 0.016148
Car -1 -1 -10 705.000000 183.000000 823.000000 273.000000 1.482520 1.555907 3.569189 2.663265 1.704288 13.487749 -1.567754 0.999606
Car -1 -1 -10 149.000000 211.000000 389.000000 352.000000 1.466870 1.589206 3.659387 -4.229920 1.995760 9.567535 -1.600712 0.998578
Car -1 -1 -10 477.000000 186.000000 525.000000 225.000000 1.505401 1.594549 3.731370 -4.848638 2.155426 32.444567 1.575299 0.998503
Car -1 -1 -10 378.000000 184.000000 486.000000 259.000000 1.688251 1.676247 4.075057 -4.508844 2.022311 18.734479 -1.557549 0.998436
Car -1 -1 -10 655.000000 178.000000 702.000000 220.000000 1.533777 1.599611 3.573593 2.724082 1.789041 29.121462 -1.602158 0.998033
Car -1 -1 -10 898.000000 193.000000 1255.000000 374.000000 1.519394 1.588871 3.856531 2.841601 1.657854 3.097399 -1.586739 0.981605
Car -1 -1 -10 1047.000000 197.000000 1233.000000 332.000000 1.483627 1.566265 3.722598 2.868206 1.291703 2.394853 1.617762 0.012918
Cyclist -1 -1 -10 256.000000 198.000000 300.000000 267.000000 1.716927 0.594018 1.644534 -6.733517 1.850541 14.707128 0.618295 0.120889
Cyclist -1 -1 -10 298.000000 189.000000 337.000000 269.000000 1.694341 0.758549 1.782741 -5.992156 1.665826 14.437624 1.813324 0.026523
