Pedestrian -1 -1 -10 1200.000000 209.000000 1241.000000 323.000000 1.748979 0.655392 0.591526 7.431009 1.600166 8.561619 3.693626 0.042953
Pedestrian -1 -1 -10 1222.000000 193.000000 1240.000000 334.000000 1.622394 0.492045 0.454643 6.845749 1.703504 7.618998 3.745465 0.012655
Car -1 -1 -10 600.000000 180.000000 696.000000 255.000000 1.529606 1.620255 3.788954 0.690687 1.756081 17.082581 -1.710827 0.999646
Car -1 -1 -10 375.000000 180.000000 436.000000 229.000000 1.575965 1.634989 3.796834 -7.242221 1.925342 25.655303 -1.738333 0.999553
Car -1 -1 -10 551.000000 179.000000 611.000000 221.000000 1.481851 1.592896 3.729310 -1.270348 1.761858 27.808249 -1.779295 0.992081
Car -1 -1 -10 577.000000 178.000000 643.000000 230.000000 1.550590 1.590574 3.624652 -0.221993 1.706016 23.314565 -1.703823 0.991442
Car -1 -1 -10 533.000000 179.000000 565.000000 205.000000 1.536827 1.620693 3.864811 -3.638267 1.814211 40.815449 -1.700506 0.989684
Car -1 -1 -10 -2.000000 141.000000 342.000000 374.000000 1.874756 1.707561 4.268382 -3.985677 1.610578 7.193619 1.366889 0.146683
Cyclist -1 -1 -10 1200.000000 213.000000 1241.000000 324.000000 1.607554 0.334009 1.382939 8.443465 1.570995 9.706486 -0.881533 0.073247
Cyclist -1 -1 -10 1222.000000 204.000000 1242.000000 321.000000 1.613032 0.318252 1.361038 8.691537 1.663731 9.756455 -0.846155 0.012339
