Car -1 -1 -10 579.000000 173.000000 653.000000 242.000000 1.575734 1.665410 3.746169 0.106767 1.367952 18.637026 -1.572879 0.999422
Car -1 -1 -10 352.000000 182.000000 470.000000 259.000000 1.539674 1.622044 3.791610 -4.280501 1.497514 16.330154 -1.554957 0.999263
Car -1 -1 -10 455.000000 183.000000 511.000000 221.000000 1.436583 1.567003 3.692487 -4.815300 1.365617 28.041620 -1.580762 0.996360
Car -1 -1 -10 166.000000 185.000000 324.000000 256.000000 1.482756 1.649443 4.098388 -8.590022 1.544889 17.680582 -1.596905 0.992138
Car -1 -1 -10 492.000000 180.000000 537.000000 212.000000 1.517947 1.601902 3.930050 -4.612223 1.236671 36.044843 -1.652098 0.991881
Car -1 -1 -10 8.000000 174.000000 318.000000 378.000000 1.554836 1.640952 3.943614 -3.725106 1.640505 5.083216 -1.570629 0.989494
Car -1 -1 -10 276.000000 182.000000 351.000000 218.000000 1.570389 1.647553 3.950460 -13.008680 1.472713 31.798489 1.599127 0.618631
Car -1 -1 -10 254.000000 188.000000 303.000000 218.000000 1.529098 1.552244 3.481628 -12.984861 1.789334 30.706771 0.605698 0.014591
Car -1 -1 -10 64.000000 185.000000 317.000000 294.000000 1.626067 1.613531 3.812627 -8.357551 2.052374 16.619789 -2.154633 0.012453
Car -1 -1 -10 587.000000 171.000000 641.000000 216.000000 1.528690 1.552477 3.475459 -0.856552 0.790059 30.691859 -1.569411 0.010693
