Car -1 -1 -10 648.000000 174.000000 798.000000 282.000000 1.575105 1.599318 3.630460 1.886707 1.652855 13.026619 -1.797606 0.999438
Car -1 -1 -10 548.000000 178.000000 610.000000 220.000000 1.493172 1.581529 3.594212 -1.301068 1.756726 27.573818 -1.826504 0.998117
Car -1 -1 -10 496.000000 174.000000 562.000000 201.000000 1.503714 1.629325 3.901866 -4.778976 1.643891 42.847573 -0.798469 0.975868
Car -1 -1 -10 604.000000 173.000000 677.000000 201.000000 1.567849 1.642431 3.969785 1.699964 1.476454 39.605010 -0.856580 0.921195
Car -1 -1 -10 1143.000000 211.000000 1239.000000 375.000000 1.503180 1.630753 4.033411 6.763810 1.715657 5.638496 3.218134 0.648787
Car -1 -1 -10 658.000000 171.000000 730.000000 199.000000 1.501969 1.622525 4.167170 4.733155 1.525444 42.686864 -0.809465 0.560901
Car -1 -1 -10 680.000000 171.000000 780.000000 206.000000 1.478736 1.636575 3.832729 8.081037 1.534357 46.157387 -0.829453 0.366855
Car -1 -1 -10 590.000000 174.000000 628.000000 199.000000 1.559899 1.641585 4.130175 0.059868 1.578242 40.406345 1.679163 0.018300
Car -1 -1 -10 627.000000 172.000000 701.000000 197.000000 1.505597 1.578117 3.728374 4.336631 1.339820 42.787344 -0.871935 0.015426
Cyclist -1 -1 -10 356.000000 171.000000 409.000000 280.000000 1.690721 0.590138 1.806735 -4.081988 1.758874 12.870546 1.477498 0.999296
