Car -1 -1 -10 334.000000 182.000000 467.000000 263.000000 1.490515 1.631736 4.040505 -4.417790 1.436719 15.636943 -1.572390 0.999576
Car -1 -1 -10 582.000000 176.000000 663.000000 252.000000 1.560549 1.672945 3.858702 0.300687 1.389136 17.156334 -1.530769 0.999360
Car -1 -1 -10 0.000000 200.000000 311.000000 371.000000 1.446946 1.569122 3.653238 -4.535255 1.620016 7.411304 -1.585141 0.998926
Car -1 -1 -10 189.000000 182.000000 286.000000 229.000000 1.441738 1.609505 3.902780 -12.388979 1.363678 24.342807 -1.607293 0.970798
Car -1 -1 -10 319.000000 183.000000 398.000000 224.000000 1.431697 1.584108 3.786869 -8.277095 1.322135 24.538370 -1.323476 0.714089
Car -1 -1 -10 7.000000 177.000000 174.000000 237.000000 1.531078 1.603940 3.661396 -5.470126 1.124294 7.444726 0.414739 0.471246
Car -1 -1 -10 96.000000 188.000000 211.000000 245.000000 1.523545 1.553987 3.562130 -13.207915 1.310213 24.360922 -1.466877 0.238028
Car -1 -1 -10 172.000000 175.000000 227.000000 201.000000 1.463747 1.584198 3.785693 -30.227143 0.877567 53.628917 1.563714 0.192926
Car -1 -1 -10 614.000000 169.000000 652.000000 216.000000 1.542107 1.590762 3.649874 2.072243 0.977474 37.942742 1.590919 0.114057
Car -1 -1 -10 385.000000 179.000000 428.000000 206.000000 1.528690 1.552478 3.475459 -8.877805 1.082009 30.399440 -1.850901 0.060660
Car -1 -1 -10 42.000000 185.000000 235.000000 265.000000 1.507240 1.594412 3.771296 -8.280422 1.234180 12.594020 -1.246482 0.047793
Cyclist -1 -1 -10 70.000000 187.000000 217.000000 251.000000 1.650088 0.474794 1.565979 -4.209399 1.317701 6.307475 -2.214507 0.021639
Cyclist -1 -1 -10 190.000000 183.000000 287.000000 230.000000 1.711862 0.701112 1.872971 -11.830439 1.508506 23.300922 -1.469821 0.016492
