Car -1 -1 -10 809.000000 193.000000 982.000000 274.000000 1.516635 1.553512 3.644146 5.940218 1.979248 14.363624 -0.015603 0.993182
Car -1 -1 -10 635.000000 188.000000 672.000000 219.000000 1.446282 1.650817 4.107744 2.274928 2.288268 37.880054 -1.629808 0.991184
Car -1 -1 -10 878.000000 186.000000 1243.000000 363.000000 1.528922 1.630002 3.950067 5.720117 1.479759 9.366768 0.054393 0.986261
Car -1 -1 -10 747.000000 191.000000 913.000000 253.000000 1.558079 1.589221 4.215121 6.104416 2.088937 19.430036 3.006555 0.986112
Car -1 -1 -10 240.000000 181.000000 445.000000 252.000000 1.598364 1.650817 3.998008 -6.827163 1.897628 18.257556 -3.312692 0.976441
Car -1 -1 -10 16.000000 189.000000 368.000000 301.000000 1.461763 1.584347 4.113916 -6.645871 1.825943 11.048142 -3.219194 0.968696
Car -1 -1 -10 873.000000 193.000000 1083.000000 298.000000 1.567800 1.632971 3.965411 6.066798 1.822217 10.969369 -0.060344 0.957017
Car -1 -1 -10 0.000000 185.000000 216.000000 340.000000 1.598639 1.566854 3.720361 -6.780066 1.806042 8.743217 -3.247427 0.931054
Car -1 -1 -10 727.000000 184.000000 851.000000 243.000000 1.739673 1.668540 3.921303 5.417301 2.129356 22.849046 2.910358 0.908045
Car -1 -1 -10 169.000000 189.000000 383.000000 276.000000 1.505443 1.582757 3.877548 -6.546770 1.867148 13.454568 -3.113242 0.844854
Car -1 -1 -10 393.000000 188.000000 509.000000 224.000000 1.489458 1.580435 3.880077 -6.549409 2.210229 32.135492 -0.083782 0.262266
Car -1 -1 -10 309.000000 182.000000 496.000000 239.000000 1.568436 1.622573 3.874633 -6.718746 1.868422 21.650468 0.167163 0.087410
Cyclist -1 -1 -10 530.000000 185.000000 549.000000 224.000000 1.729704 0.574382 1.763106 -3.173961 2.282814 32.449989 1.468535 0.766025
