Car -1 -1 -10 343.000000 194.000000 490.000000 283.000000 1.446008 1.611710 4.002195 -3.384361 1.577151 13.194146 -1.585387 0.999690
Car -1 -1 -10 574.000000 180.000000 611.000000 213.000000 1.555294 1.616449 3.753772 -0.737770 1.363741 37.393236 -1.615567 0.999592
Car -1 -1 -10 192.000000 190.000000 335.000000 265.000000 1.418973 1.585574 3.880163 -7.580143 1.577550 16.271332 -1.576537 0.999066
Car -1 -1 -10 454.000000 186.000000 511.000000 223.000000 1.469708 1.635641 3.875137 -5.016607 1.452846 28.642246 -1.605949 0.997186
Car -1 -1 -10 162.000000 188.000000 264.000000 237.000000 1.447348 1.631421 3.762774 -12.754203 1.662616 23.439403 -1.543381 0.993663
Car -1 -1 -10 345.000000 186.000000 399.000000 232.000000 1.527092 1.643813 3.901200 -8.175568 1.522022 25.366901 -1.806985 0.935353
Car -1 -1 -10 265.000000 181.000000 341.000000 221.000000 1.638953 1.624163 3.911052 -13.011558 1.614474 30.902092 -1.598399 0.611056
Car -1 -1 -10 391.000000 189.000000 443.000000 222.000000 1.500200 1.549552 3.497754 -8.734234 1.225378 32.986655 1.865917 0.410891
Car -1 -1 -10 0.000000 207.000000 48.000000 271.000000 1.470559 1.626151 3.983298 -12.662644 1.795705 13.108675 -1.617629 0.229129
Cyclist -1 -1 -10 388.000000 191.000000 445.000000 223.000000 1.704426 0.563371 1.632625 -8.362252 1.313019 32.328428 -1.773553 0.014151
