Car -1 -1 -10 744.000000 183.000000 1098.000000 374.000000 1.498889 1.636875 4.039078 2.726541 1.646532 7.432514 -1.566658 0.999837
Car -1 -1 -10 746.000000 176.000000 848.000000 221.000000 1.506412 1.613084 3.789691 6.527964 1.559895 24.345322 -0.044410 0.996956
Car -1 -1 -10 290.000000 167.000000 473.000000 225.000000 1.534734 1.617624 4.046874 -6.482671 1.442694 20.723571 -3.029980 0.992589
Car -1 -1 -10 690.000000 173.000000 756.000000 204.000000 1.496052 1.642173 3.976052 6.009294 1.518530 36.293545 0.004283 0.988727
Car -1 -1 -10 363.000000 166.000000 511.000000 215.000000 1.443483 1.576224 3.831034 -6.003821 1.422477 23.653636 0.789952 0.980594
Car -1 -1 -10 -20.000000 170.000000 347.000000 309.000000 1.518626 1.642087 4.070051 -5.935200 1.476393 8.817697 -0.093257 0.933753
Car -1 -1 -10 819.000000 177.000000 1105.000000 290.000000 1.518620 1.583403 3.868353 5.964180 1.627189 12.366659 0.063068 0.796273
Car -1 -1 -10 447.000000 165.000000 535.000000 200.000000 1.502919 1.656497 4.052554 -6.155723 1.306634 36.525156 -3.134849 0.281270
Car -1 -1 -10 160.000000 166.000000 414.000000 259.000000 1.592066 1.669194 3.964074 -5.023629 1.378926 11.986099 -3.417400 0.154845
Car -1 -1 -10 2.000000 166.000000 67.000000 341.000000 1.551809 1.609904 3.967146 -6.674584 1.393134 5.480683 1.583482 0.061560
Cyclist -1 -1 -10 760.000000 179.000000 865.000000 225.000000 1.770798 0.653111 1.873390 6.128979 1.537964 23.351124 -0.114555 0.019424
