Pedestrian -1 -1 -10 1215.000000 161.000000 1242.000000 293.000000 1.705730 0.637387 0.631260 8.913839 1.439225 10.184643 -1.377715 0.015821
Pedestrian -1 -1 -10 37.000000 225.000000 125.000000 270.000000 1.838973 0.662641 0.652988 -12.504812 3.244904 17.574960 -2.604405 0.012897
Car -1 -1 -10 376.000000 213.000000 677.000000 375.000000 1.510004 1.569506 3.619771 -1.094342 1.931883 7.759686 -2.305583 0.999726
Car -1 -1 -10 108.000000 216.000000 230.000000 291.000000 1.522727 1.611892 3.744400 -11.368299 2.573455 18.128657 -2.306206 0.996986
Car -1 -1 -10 252.000000 221.000000 470.000000 338.000000 1.435446 1.647283 3.919074 -4.173001 2.183522 11.230290 -2.318873 0.993116
Car -1 -1 -10 182.000000 221.000000 330.000000 306.000000 1.397509 1.598637 3.791039 -7.331956 2.430587 14.543655 -2.321241 0.989955
Car -1 -1 -10 39.000000 224.000000 125.000000 271.000000 1.519756 1.465753 3.152220 -15.468035 2.781753 21.445993 0.965424 0.971628
Car -1 -1 -10 72.000000 223.000000 170.000000 278.000000 1.499335 1.670073 3.946330 -11.165827 2.499480 18.493118 -1.518232 0.908377
Car -1 -1 -10 26.000000 227.000000 93.000000 263.000000 1.470850 1.609438 3.856108 -20.045746 3.023315 27.520954 1.360634 0.279176
Car -1 -1 -10 7.000000 228.000000 69.000000 258.000000 1.508258 1.632722 3.698285 -23.614840 3.441123 31.159999 0.872105 0.066228
Cyclist -1 -1 -10 1219.000000 170.000000 1242.000000 278.000000 1.697634 0.519769 1.619020 8.815013 1.550267 10.151489 -0.848235 0.146361
