Car -1 -1 -10 717.000000 180.000000 833.000000 257.000000 1.449731 1.561275 3.757094 3.350780 1.614425 15.604010 1.521365 0.999098
Car -1 -1 -10 831.000000 178.000000 1256.000000 375.000000 1.531932 1.616817 3.946157 3.252284 1.646514 5.750497 -1.562051 0.998050
Car -1 -1 -10 369.000000 184.000000 465.000000 241.000000 1.472194 1.613274 3.917762 -5.660309 1.890486 20.987411 1.687283 0.997891
Car -1 -1 -10 115.000000 195.000000 354.000000 306.000000 1.465655 1.599334 3.754143 -5.770932 1.876678 12.008883 1.573241 0.994876
Car -1 -1 -10 684.000000 178.000000 765.000000 233.000000 1.481469 1.631615 3.946043 3.381799 1.709720 21.290701 -1.615585 0.990307
Car -1 -1 -10 664.000000 177.000000 714.000000 215.000000 1.500894 1.589310 3.781739 3.158943 1.685640 29.961245 -1.593678 0.944530
Car -1 -1 -10 1.000000 208.000000 191.000000 370.000000 1.448526 1.609177 3.782088 -5.660798 1.890884 6.390217 1.595217 0.925042
Car -1 -1 -10 471.000000 176.000000 517.000000 209.000000 1.506039 1.606252 3.461311 -5.684130 1.696373 35.721874 1.502165 0.806285
Car -1 -1 -10 104.000000 186.000000 254.000000 227.000000 1.495103 1.613336 3.981732 -15.287972 1.838065 24.950627 -0.010420 0.061815
Cyclist -1 -1 -10 222.000000 182.000000 281.000000 221.000000 1.718426 0.680723 1.763538 -10.981310 1.671303 22.515822 -2.648814 0.031660
