Pedestrian -1 -1 -10 790.000000 168.000000 823.000000 248.000000 1.796007 0.699127 0.924082 4.175816 1.652620 15.703456 1.406687 0.989730
Pedestrian -1 -1 -10 787.000000 172.000000 811.000000 228.000000 1.678574 0.575587 0.573953 3.983351 1.453811 15.852867 -1.863016 0.030401
Car -1 -1 -10 345.000000 190.000000 433.000000 248.000000 1.433746 1.611051 3.919388 -6.013466 1.851452 19.169536 1.104512 0.999631
Car -1 -1 -10 52.000000 194.000000 350.000000 374.000000 1.442030 1.561327 3.721462 -3.848270 1.766225 7.569254 1.489407 0.998319
Car -1 -1 -10 486.000000 178.000000 577.000000 211.000000 1.589961 1.678817 4.155681 -3.953578 2.007633 36.124366 -0.669318 0.988110
Car -1 -1 -10 152.000000 184.000000 267.000000 229.000000 1.561276 1.667716 4.076572 -15.696781 2.070658 28.642367 -0.026182 0.985566
Car -1 -1 -10 618.000000 177.000000 708.000000 205.000000 1.564001 1.617060 4.234816 2.849919 1.845633 39.413266 2.737843 0.961477
Car -1 -1 -10 229.000000 177.000000 329.000000 220.000000 1.511583 1.575142 3.926620 -21.110152 2.461826 47.558317 0.034946 0.113364
Car -1 -1 -10 218.000000 194.000000 341.000000 292.000000 1.470490 1.574543 3.550882 -7.686666 1.590007 16.353930 2.079534 0.014614
Cyclist -1 -1 -10 787.000000 168.000000 823.000000 250.000000 1.898738 0.699417 1.753193 4.208755 1.715859 15.705235 1.815601 0.022461
Cyclist -1 -1 -10 221.000000 183.000000 330.000000 226.000000 1.751891 0.545744 1.640731 -16.015634 2.184946 34.697359 -1.906714 0.017505
Cyclist -1 -1 -10 218.000000 197.000000 334.000000 251.000000 1.725398 0.657047 1.728169 -9.158219 1.812532 19.396521 2.213944 0.014688
Cyclist -1 -1 -10 153.000000 182.000000 269.000000 223.000000 1.755072 0.657457 1.846714 -15.272162 2.144192 28.146904 0.034547 0.013346
Cyclist -1 -1 -10 61.000000 199.000000 109.000000 254.000000 1.691762 0.609952 1.726750 -12.024583 2.172287 16.607313 0.397834 0.011986
