Car -1 -1 -10 715.000000 177.000000 849.000000 271.000000 1.492999 1.594269 3.756744 3.034539 1.567945 13.257862 -1.548644 0.999656
Car -1 -1 -10 893.000000 148.000000 1160.000000 229.000000 1.541930 1.664165 4.227365 8.469795 1.103037 15.411066 3.143328 0.993123
Car -1 -1 -10 431.000000 181.000000 495.000000 222.000000 1.485579 1.631497 3.925145 -5.846220 1.913466 29.196711 1.586932 0.992791
Car -1 -1 -10 293.000000 182.000000 424.000000 260.000000 1.587639 1.651180 4.012457 -6.051271 1.893923 17.773381 -1.567620 0.935360
Car -1 -1 -10 0.000000 215.000000 177.000000 372.000000 1.471069 1.608977 3.765854 -6.067356 1.901170 6.958078 1.548349 0.869770
Car -1 -1 -10 463.000000 181.000000 510.000000 214.000000 1.509502 1.621465 3.951293 -5.918542 1.910109 34.734816 1.554587 0.661673
Car -1 -1 -10 729.000000 161.000000 820.000000 201.000000 1.596307 1.639499 4.094056 9.301587 1.224445 41.237305 3.196643 0.472191
Car -1 -1 -10 924.000000 150.000000 1001.000000 179.000000 1.561597 1.675907 4.026342 22.461808 0.672331 46.574212 0.327340 0.112188
Car -1 -1 -10 1055.000000 142.000000 1242.000000 273.000000 1.627956 1.627335 4.176659 8.321119 1.060762 9.115308 3.230796 0.105678
Car -1 -1 -10 483.000000 181.000000 521.000000 208.000000 1.479986 1.619038 3.934774 -5.863327 1.903768 39.560471 1.574653 0.076930
Car -1 -1 -10 230.000000 192.000000 377.000000 274.000000 1.423723 1.607737 4.071814 -6.473970 1.979087 15.352404 1.618677 0.040638
Car -1 -1 -10 712.000000 162.000000 790.000000 193.000000 1.600751 1.572065 3.483614 9.454043 1.083320 42.067397 0.069556 0.030831
Car -1 -1 -10 1097.000000 134.000000 1240.000000 216.000000 1.508406 1.561736 3.618657 12.818396 1.026940 15.278563 -1.577604 0.028981
