Pedestrian -1 -1 -10 236.000000 168.000000 305.000000 345.000000 1.761629 0.662044 0.963393 -3.483364 1.595437 7.432627 -1.478796 0.998693
Pedestrian -1 -1 -10 799.000000 154.000000 859.000000 291.000000 1.748989 0.586325 0.795498 2.574834 1.427284 8.145207 2.982927 0.992899
Pedestrian -1 -1 -10 870.000000 154.000000 900.000000 243.000000 1.648722 0.528245 0.718935 5.315368 1.120048 13.715841 -1.375381 0.989716
Pedestrian -1 -1 -10 487.000000 167.000000 508.000000 211.000000 1.807879 0.681013 0.917657 -4.440866 1.231205 29.767583 -0.652897 0.210763
Pedestrian -1 -1 -10 548.000000 176.000000 567.000000 212.000000 1.762306 0.661811 1.029141 -1.888532 1.342168 29.558374 -1.178017 0.112767
Pedestrian -1 -1 -10 4.000000 154.000000 48.000000 279.000000 1.784336 0.651244 0.563694 -11.785385 1.745399 14.803105 -2.905643 0.099063
Pedestrian -1 -1 -10 538.000000 175.000000 557.000000 212.000000 1.696836 0.663168 0.857310 -2.263001 1.340642 29.145680 -3.172474 0.079234
Pedestrian -1 -1 -10 483.000000 163.000000 494.000000 207.000000 1.781648 0.570248 0.812063 -4.565431 1.160158 30.009035 0.378608 0.012179
Car -1 -1 -10 671.000000 162.000000 733.000000 216.000000 1.754052 1.613982 3.795180 3.570561 1.125043 26.083101 -1.590335 0.985007
Cyclist -1 -1 -10 485.000000 168.000000 509.000000 211.000000 1.738528 0.546275 1.717022 -4.488756 1.155048 29.790355 1.772988 0.034137
