Pedestrian -1 -1 -10 32.000000 168.000000 170.000000 372.000000 1.651073 0.643378 0.622345 -3.355337 1.506196 4.854191 -1.548187 0.997069
Pedestrian -1 -1 -10 940.000000 155.000000 986.000000 271.000000 1.708335 0.626225 0.882501 5.432293 1.339201 10.982128 -1.573806 0.871708
Pedestrian -1 -1 -10 952.000000 149.000000 1077.000000 366.000000 1.680134 0.560788 0.723608 2.623261 1.435161 4.598827 3.225081 0.870696
Pedestrian -1 -1 -10 476.000000 174.000000 496.000000 225.000000 1.825435 0.678465 0.840155 -4.202260 1.600432 25.999896 -1.081694 0.654577
Pedestrian -1 -1 -10 458.000000 166.000000 477.000000 228.000000 1.770516 0.567165 0.898691 -4.829685 1.619261 24.974900 0.316616 0.112453
Pedestrian -1 -1 -10 7.000000 165.000000 99.000000 359.000000 1.707471 0.551355 0.706485 -4.859791 1.630448 6.151166 -3.208338 0.078302
Pedestrian -1 -1 -10 22.000000 166.000000 61.000000 306.000000 1.730746 0.581991 0.695966 -5.849970 1.188326 7.394425 -0.105697 0.068300
Pedestrian -1 -1 -10 952.000000 158.000000 1025.000000 299.000000 1.700148 0.461905 0.721397 2.567055 1.371911 4.620008 3.192789 0.034441
Pedestrian -1 -1 -10 544.000000 184.000000 564.000000 225.000000 1.658641 0.708032 0.943607 -1.746343 1.813321 25.618917 -1.201097 0.025126
Pedestrian -1 -1 -10 529.000000 186.000000 545.000000 225.000000 1.640886 0.694641 0.750295 -2.311728 1.779107 25.707406 -1.151057 0.010091
Car -1 -1 -10 681.000000 168.000000 760.000000 232.000000 1.789718 1.620274 3.776320 3.668586 1.472183 22.613667 -1.574140 0.909296
Cyclist -1 -1 -10 947.000000 145.000000 1087.000000 377.000000 1.698776 0.469937 1.674113 2.552622 1.438580 4.580416 3.227824 0.964361
Cyclist -1 -1 -10 474.000000 175.000000 498.000000 224.000000 1.774677 0.501121 1.659326 -4.322095 1.541794 26.218869 -2.252569 0.113219
Cyclist -1 -1 -10 956.000000 155.000000 1024.000000 313.000000 1.712502 0.604704 1.664565 2.766222 1.285318 4.903366 3.218907 0.051880
Cyclist -1 -1 -10 680.000000 168.000000 762.000000 231.000000 1.823976 0.726579 1.847481 3.260102 1.388713 21.173917 0.263226 0.041257
Cyclist -1 -1 -10 718.000000 188.000000 773.000000 244.000000 1.757331 0.497270 1.468894 4.028305 1.838022 20.460957 -1.872638 0.017417
Cyclist -1 -1 -10 942.000000 157.000000 997.000000 275.000000 1.797227 0.552329 1.656255 5.437501 1.389859 11.011771 -1.571843 0.015519
