Car -1 -1 -10 743.000000 179.000000 901.000000 282.000000 1.448554 1.538564 3.794105 3.361536 1.628465 12.245184 1.510469 0.999663
Car -1 -1 -10 310.000000 187.000000 441.000000 257.000000 1.475715 1.595399 3.819354 -5.609219 1.870899 17.650384 1.672232 0.999068
Car -1 -1 -10 0.000000 205.000000 272.000000 367.000000 1.484879 1.581157 3.667161 -5.656916 1.896154 8.693962 1.587529 0.995156
Car -1 -1 -10 695.000000 179.000000 790.000000 245.000000 1.426337 1.647068 3.991992 3.328735 1.659169 18.084746 -1.622509 0.993703
Car -1 -1 -10 670.000000 177.000000 726.000000 220.000000 1.460909 1.585078 3.808352 3.171821 1.617069 26.704556 -1.573500 0.975533
Car -1 -1 -10 458.000000 178.000000 508.000000 214.000000 1.514020 1.549765 3.641194 -5.731892 1.807466 32.621254 1.580562 0.873266
Car -1 -1 -10 1009.000000 127.000000 1239.000000 375.000000 1.504213 1.632934 3.891044 3.256751 1.691905 2.571846 -1.572194 0.810598
Car -1 -1 -10 30.000000 188.000000 184.000000 248.000000 1.472178 1.614790 3.698849 -14.780679 1.981823 22.161335 -1.657386 0.728214
Car -1 -1 -10 0.000000 194.000000 81.000000 243.000000 1.419179 1.595301 3.706018 -14.805483 1.640351 17.599847 -2.936381 0.138356
Cyclist -1 -1 -10 33.000000 187.000000 191.000000 252.000000 1.703105 0.609060 1.688141 -14.797844 1.707458 21.566187 -2.229399 0.011207
