Car -1 -1 -10 262.000000 183.000000 450.000000 299.000000 1.473920 1.608255 3.838340 -3.771509 1.479159 11.273172 -1.558513 0.999662
Car -1 -1 -10 706.000000 186.000000 823.000000 271.000000 1.438539 1.566501 3.545761 2.873752 1.461880 13.915496 -1.584195 0.999604
Car -1 -1 -10 30.000000 176.000000 250.000000 279.000000 1.518205 1.620430 3.824140 -8.179529 1.455204 12.968387 -1.599193 0.999509
Car -1 -1 -10 653.000000 180.000000 712.000000 222.000000 1.463978 1.647471 3.859394 2.729041 1.257177 26.762484 -1.570969 0.999444
Car -1 -1 -10 441.000000 179.000000 514.000000 234.000000 1.532538 1.598027 3.615214 -3.938869 1.351378 21.918909 -1.584631 0.998668
Car -1 -1 -10 481.000000 180.000000 534.000000 219.000000 1.565782 1.641173 3.981169 -4.243193 1.278690 30.066905 -1.571803 0.956237
Car -1 -1 -10 382.000000 180.000000 442.000000 222.000000 1.488882 1.609525 3.688080 -8.459504 1.330495 31.215740 -1.568612 0.533806
Car -1 -1 -10 436.000000 178.000000 485.000000 217.000000 1.568664 1.525319 3.417984 -4.913681 1.399058 24.548528 0.883014 0.123762
Car -1 -1 -10 280.000000 182.000000 368.000000 234.000000 1.465629 1.554977 3.725195 -8.148769 1.402038 20.962057 -1.497837 0.083892
Car -1 -1 -10 502.000000 179.000000 539.000000 206.000000 1.507950 1.595810 3.654774 -5.025470 1.092971 40.690978 -1.651945 0.051192
