Car -1 -1 -10 635.000000 184.000000 671.000000 213.000000 1.438277 1.644319 4.046214 2.315108 2.028417 38.787698 -1.598474 0.997328
Car -1 -1 -10 847.000000 179.000000 1242.000000 363.000000 1.449131 1.596730 3.663683 2.757437 1.685017 4.869751 -1.569044 0.994173
Car -1 -1 -10 736.000000 186.000000 882.000000 242.000000 1.517302 1.545695 3.808187 6.222830 2.019035 22.165420 -0.035740 0.991858
Car -1 -1 -10 797.000000 188.000000 957.000000 263.000000 1.520218 1.553254 3.590012 6.164602 1.885524 15.456083 0.064920 0.986086
Car -1 -1 -10 -7.000000 188.000000 268.000000 310.000000 1.478166 1.598638 3.884869 -6.906631 1.632199 10.088443 -3.205548 0.978837
Car -1 -1 -10 237.000000 179.000000 446.000000 249.000000 1.728561 1.667270 3.998550 -6.739852 1.975835 18.994361 -3.385595 0.938759
Car -1 -1 -10 133.000000 188.000000 390.000000 273.000000 1.532967 1.627411 3.857116 -6.319922 1.821311 14.400385 -3.123641 0.900427
Car -1 -1 -10 847.000000 188.000000 1011.000000 279.000000 1.497159 1.544251 3.693651 6.195134 1.786610 12.653233 -0.003770 0.640197
Car -1 -1 -10 402.000000 184.000000 515.000000 220.000000 1.529422 1.547470 3.690619 -6.465830 2.068050 32.922840 -0.065066 0.532560
Car -1 -1 -10 722.000000 178.000000 826.000000 232.000000 1.675203 1.663580 3.942837 5.452917 1.962900 24.060088 3.009978 0.295667
Car -1 -1 -10 855.000000 183.000000 1119.000000 302.000000 1.533744 1.646964 4.021343 5.762218 1.638591 11.248380 -0.010486 0.281050
Cyclist -1 -1 -10 533.000000 180.000000 553.000000 217.000000 1.730365 0.628736 1.771332 -3.091787 2.091391 33.672290 1.584417 0.226556
