Car -1 -1 -10 283.000000 191.000000 419.000000 268.000000 1.509185 1.604532 3.913056 -5.722826 1.965295 16.396600 1.584463 0.999575
Car -1 -1 -10 369.000000 187.000000 459.000000 242.000000 1.455439 1.592407 3.817007 -5.736572 1.920002 21.679677 1.587359 0.997654
Car -1 -1 -10 792.000000 153.000000 908.000000 195.000000 1.595091 1.647052 4.176386 9.510207 0.898534 28.452890 3.295594 0.994310
Car -1 -1 -10 419.000000 185.000000 487.000000 229.000000 1.460236 1.608599 3.866750 -5.755602 1.962531 26.618912 1.573236 0.982976
Car -1 -1 -10 458.000000 183.000000 509.000000 217.000000 1.552313 1.661592 4.045582 -5.725251 1.906400 32.688031 1.582922 0.911367
Car -1 -1 -10 664.000000 173.000000 706.000000 203.000000 1.642365 1.699294 4.232856 3.419992 1.497905 34.775968 1.563964 0.844523
Car -1 -1 -10 491.000000 181.000000 533.000000 209.000000 1.536124 1.631891 4.033950 -5.483286 1.989713 40.163921 1.618974 0.562673
Car -1 -1 -10 1.000000 231.000000 116.000000 373.000000 1.552960 1.618678 3.729264 -5.761898 2.091364 5.413787 -1.566768 0.487720
Car -1 -1 -10 1117.000000 132.000000 1243.000000 176.000000 1.483918 1.656990 4.118317 22.716986 0.200610 28.520574 -0.227652 0.459634
Car -1 -1 -10 1061.000000 142.000000 1165.000000 174.000000 1.492615 1.633456 3.860327 23.056099 -0.054585 33.524963 1.979933 0.388075
Car -1 -1 -10 742.000000 160.000000 846.000000 192.000000 1.622274 1.609516 3.916587 8.915609 1.019826 33.552922 2.975377 0.149962
Cyclist -1 -1 -10 0.000000 227.000000 120.000000 372.000000 1.745631 0.605561 1.744333 -5.325482 2.207635 6.199232 -1.553681 0.010458
