Pedestrian -1 -1 -10 813.000000 172.000000 836.000000 220.000000 1.741875 0.578663 0.870206 10.752617 1.915118 35.185318 2.751258 0.115028
Pedestrian -1 -1 -10 822.000000 171.000000 842.000000 221.000000 1.742386 0.582649 0.776710 10.909320 1.854831 34.426028 2.718491 0.029464
Pedestrian -1 -1 -10 807.000000 177.000000 827.000000 221.000000 1.767058 0.577441 0.821637 10.590213 1.951653 36.114993 2.689969 0.012757
Car -1 -1 -10 490.000000 180.000000 536.000000 215.000000 1.474955 1.551498 3.506065 -4.350396 1.808031 32.705117 1.634921 0.999315
Car -1 -1 -10 857.000000 188.000000 1249.000000 373.000000 1.493116 1.613675 3.728795 3.688038 1.664051 6.657751 -1.556805 0.999256
Car -1 -1 -10 198.000000 193.000000 401.000000 304.000000 1.490240 1.591383 3.739848 -4.702188 1.823910 11.505290 1.581182 0.999167
Car -1 -1 -10 345.000000 187.000000 464.000000 258.000000 1.500870 1.621098 3.937625 -4.762089 1.832507 16.893191 1.603427 0.999111
Car -1 -1 -10 752.000000 185.000000 945.000000 289.000000 1.468869 1.638099 3.986229 3.546354 1.640794 11.899522 -1.585467 0.997410
Car -1 -1 -10 721.000000 180.000000 827.000000 252.000000 1.493062 1.630647 3.821732 3.668240 1.715710 16.914401 -1.566066 0.993857
Car -1 -1 -10 704.000000 179.000000 776.000000 231.000000 1.508598 1.597421 3.608365 3.979762 1.776231 22.444297 -1.535526 0.981456
Car -1 -1 -10 4.000000 196.000000 247.000000 375.000000 1.486209 1.599189 3.829489 -4.738185 1.853560 6.013048 1.587922 0.977868
Car -1 -1 -10 513.000000 178.000000 555.000000 208.000000 1.491181 1.610377 3.930044 -3.969853 1.828824 37.297688 1.636303 0.943363
Car -1 -1 -10 687.000000 178.000000 741.000000 219.000000 1.600595 1.659611 3.941901 4.108811 1.774863 28.125676 -1.574284 0.886208
Car -1 -1 -10 1120.000000 176.000000 1233.000000 233.000000 1.540550 1.663810 4.078148 18.150587 1.680083 21.789308 1.511693 0.201572
Car -1 -1 -10 942.000000 175.000000 1016.000000 216.000000 1.574852 1.672390 3.860650 13.808701 1.469374 26.043191 1.052787 0.094390
Cyclist -1 -1 -10 936.000000 179.000000 1023.000000 225.000000 1.670513 0.657221 1.670186 12.525334 1.386219 24.318069 1.506105 0.224705
Cyclist -1 -1 -10 809.000000 175.000000 836.000000 216.000000 1.601642 0.451092 1.693410 10.695654 1.626942 35.532834 1.318647 0.079996
