Pedestrian -1 -1 -10 346.000000 181.000000 358.000000 211.000000 1.794974 0.633434 0.625919 -15.778083 2.005578 44.049706 -2.934570 0.266448
Pedestrian -1 -1 -10 359.000000 179.000000 368.000000 206.000000 1.775640 0.604167 0.823580 -15.417895 1.870772 45.107757 -1.307511 0.093040
Pedestrian -1 -1 -10 487.000000 171.000000 496.000000 202.000000 1.767000 0.644687 0.650170 -6.001919 1.894942 38.451736 -2.267064 0.048286
Pedestrian -1 -1 -10 549.000000 168.000000 560.000000 202.000000 1.768091 0.578752 0.909084 -3.036069 0.968968 40.386428 -2.706331 0.044629
Pedestrian -1 -1 -10 349.000000 179.000000 363.000000 210.000000 1.830923 0.663354 0.880166 -15.573146 1.871100 44.361986 0.283193 0.018783
Car -1 -1 -10 507.000000 175.000000 547.000000 208.000000 1.474646 1.636095 3.696946 -3.834167 1.224357 34.590630 -1.612275 0.998149
Car -1 -1 -10 998.000000 139.000000 1160.000000 194.000000 1.505508 1.610155 4.030365 13.861307 0.399335 20.542923 3.113479 0.992407
Car -1 -1 -10 899.000000 151.000000 971.000000 177.000000 1.587053 1.542781 3.339619 15.619180 0.295133 33.771439 1.962125 0.293612
Cyclist -1 -1 -10 609.000000 165.000000 645.000000 198.000000 1.744962 0.612885 1.790349 1.280538 0.964338 42.540961 -0.074142 0.995959
Cyclist -1 -1 -10 368.000000 176.000000 394.000000 218.000000 1.758039 0.561697 1.814763 -10.367730 1.707704 32.651946 -1.471252 0.983716
Cyclist -1 -1 -10 669.000000 163.000000 706.000000 195.000000 1.737679 0.689214 1.771752 4.540214 0.837982 39.463923 0.243596 0.284673
Cyclist -1 -1 -10 675.000000 163.000000 692.000000 193.000000 1.742485 0.584344 1.707045 4.340692 0.795083 39.417237 0.157595 0.012386
