Pedestrian -1 -1 -10 620.000000 167.000000 649.000000 233.000000 1.684354 0.640247 0.877104 0.755144 1.508349 18.769126 -0.951059 0.990590
Pedestrian -1 -1 -10 56.000000 157.000000 151.000000 336.000000 1.671382 0.693931 0.681236 -3.805495 1.391060 5.509890 1.521226 0.986406
Pedestrian -1 -1 -10 331.000000 157.000000 368.000000 263.000000 1.840801 0.656884 0.989083 -4.734018 1.479014 13.319970 -2.394538 0.956426
Pedestrian -1 -1 -10 558.000000 167.000000 580.000000 226.000000 1.728866 0.576593 0.768341 -1.006952 1.256851 22.106286 2.562758 0.954574
Pedestrian -1 -1 -10 495.000000 172.000000 532.000000 238.000000 1.776791 0.604370 0.644894 -2.196231 1.418685 17.406520 0.303388 0.603841
Pedestrian -1 -1 -10 19.000000 164.000000 209.000000 362.000000 1.782128 0.718390 0.808782 -3.894847 1.630191 5.648306 2.118691 0.082165
Pedestrian -1 -1 -10 647.000000 163.000000 662.000000 203.000000 1.752107 0.595398 0.862794 2.592294 1.000633 36.469295 1.306901 0.035001
Pedestrian -1 -1 -10 47.000000 174.000000 96.000000 283.000000 1.670932 0.531640 0.664039 -5.848460 1.305217 7.812905 -0.087746 0.019930
Pedestrian -1 -1 -10 613.000000 165.000000 630.000000 214.000000 1.728064 0.587835 0.653013 0.965534 1.093957 33.879847 1.504456 0.015067
Car -1 -1 -10 832.000000 210.000000 958.000000 276.000000 1.524708 1.566062 3.605525 7.772442 2.106514 19.314206 -1.845815 0.011754
Cyclist -1 -1 -10 492.000000 173.000000 536.000000 236.000000 1.749717 0.602420 1.757816 -2.327740 1.376839 17.553163 -1.683176 0.881540
