Pedestrian -1 -1 -10 920.000000 169.000000 968.000000 284.000000 1.654455 0.666459 0.730786 4.917711 1.565415 10.319967 -0.565451 0.993310
Pedestrian -1 -1 -10 289.000000 193.000000 383.000000 371.000000 1.686239 0.608015 0.821319 -2.462033 1.783453 6.436629 1.752572 0.990902
Pedestrian -1 -1 -10 583.000000 177.000000 605.000000 246.000000 1.745049 0.563569 0.832090 -0.238525 1.691244 18.584154 -0.592852 0.984420
Pedestrian -1 -1 -10 455.000000 181.000000 499.000000 285.000000 1.722934 0.650113 0.648490 -2.183034 1.688253 11.977526 1.902056 0.878662
Pedestrian -1 -1 -10 535.000000 176.000000 556.000000 239.000000 1.777863 0.632190 0.767401 -1.692067 1.664545 21.221998 1.921977 0.705025
Pedestrian -1 -1 -10 556.000000 175.000000 577.000000 230.000000 1.787681 0.704656 0.788451 -1.207232 1.617407 24.344828 1.396293 0.386346
Pedestrian -1 -1 -10 280.000000 186.000000 330.000000 293.000000 1.593860 0.532055 0.550080 -4.664629 2.412152 10.858534 1.288690 0.297163
Pedestrian -1 -1 -10 599.000000 176.000000 615.000000 222.000000 1.784295 0.627967 0.916635 0.187900 1.593726 29.785512 1.488407 0.249151
Pedestrian -1 -1 -10 593.000000 177.000000 610.000000 230.000000 1.705730 0.637387 0.631260 0.326399 2.244707 29.375124 -2.086482 0.247725
Pedestrian -1 -1 -10 607.000000 177.000000 621.000000 220.000000 1.746647 0.558778 0.697091 0.595031 1.537691 30.726835 0.541302 0.167696
Pedestrian -1 -1 -10 622.000000 177.000000 637.000000 221.000000 1.813078 0.627615 0.751321 1.175412 1.682522 29.760848 2.009984 0.154678
Pedestrian -1 -1 -10 687.000000 169.000000 729.000000 250.000000 1.853157 0.686673 0.865923 2.593243 1.734725 17.073646 2.789196 0.035113
Pedestrian -1 -1 -10 246.000000 191.000000 361.000000 288.000000 1.812975 0.764828 0.833439 -4.664926 2.531331 10.906247 0.726815 0.015064
Cyclist -1 -1 -10 683.000000 170.000000 737.000000 252.000000 1.707916 0.469095 1.778357 2.591592 1.594575 17.097462 1.220123 0.820159
Cyclist -1 -1 -10 450.000000 182.000000 497.000000 288.000000 1.737163 0.568498 1.760566 -2.145882 1.675456 12.087168 1.548904 0.691048
Cyclist -1 -1 -10 236.000000 197.000000 393.000000 289.000000 1.706239 0.576680 1.570449 -2.400957 1.653743 6.940341 -2.627979 0.650708
Cyclist -1 -1 -10 265.000000 193.000000 335.000000 285.000000 1.657683 0.461459 1.603888 -5.612318 1.793742 13.114392 1.729313 0.549817
Cyclist -1 -1 -10 289.000000 197.000000 383.000000 365.000000 1.725498 0.577594 1.717857 -2.519407 1.792448 6.326883 1.860682 0.298326
Cyclist -1 -1 -10 822.000000 189.000000 909.000000 348.000000 1.713482 0.503268 1.658118 2.699926 1.972695 7.337626 -2.258042 0.044309
