Car -1 -1 -10 130.000000 185.000000 292.000000 268.000000 1.478988 1.582418 3.655845 -8.144933 1.508989 15.226704 -1.589276 0.999572
Car -1 -1 -10 579.000000 173.000000 650.000000 238.000000 1.558288 1.664079 3.722901 0.020429 1.286109 19.817055 -1.576845 0.999572
Car -1 -1 -10 434.000000 179.000000 507.000000 231.000000 1.559078 1.639657 3.817160 -4.500721 1.412733 23.892291 -1.590743 0.996992
Car -1 -1 -10 283.000000 179.000000 459.000000 292.000000 1.570320 1.631006 3.860845 -3.854213 1.482979 12.196051 -1.572921 0.996943
Car -1 -1 -10 478.000000 181.000000 525.000000 213.000000 1.521630 1.543489 3.605843 -5.088884 1.179212 34.892962 1.581406 0.925209
Car -1 -1 -10 505.000000 180.000000 543.000000 205.000000 1.520503 1.600706 3.976492 -4.702205 1.080132 43.445489 -1.592862 0.814836
Car -1 -1 -10 268.000000 183.000000 336.000000 216.000000 1.452197 1.613302 3.811827 -12.722434 1.367379 30.989853 -1.438652 0.167834
Car -1 -1 -10 2.000000 191.000000 109.000000 329.000000 1.493377 1.606672 3.784573 -8.276957 1.724628 8.807448 -1.575053 0.110985
Car -1 -1 -10 291.000000 183.000000 378.000000 236.000000 1.533428 1.616142 3.776317 -12.814548 1.380186 31.075513 -1.941217 0.026302
Car -1 -1 -10 411.000000 180.000000 463.000000 215.000000 1.496080 1.632236 3.828138 -8.762646 1.098002 37.884251 -1.717293 0.017106
