Pedestrian -1 -1 -10 273.000000 182.000000 314.000000 284.000000 1.830860 0.728953 0.781290 -5.788825 1.987271 13.276873 1.294202 0.993869
Pedestrian -1 -1 -10 236.000000 194.000000 266.000000 282.000000 1.746562 0.598465 0.749653 -6.870926 1.977366 13.642246 2.058542 0.905631
Pedestrian -1 -1 -10 578.000000 178.000000 588.000000 204.000000 1.777188 0.590368 0.741340 -2.119131 2.317188 55.861552 -2.052245 0.028025
Pedestrian -1 -1 -10 240.000000 208.000000 308.000000 281.000000 1.825732 0.773998 0.648443 -6.226127 2.151216 13.202588 -1.709156 0.011000
Car -1 -1 -10 711.000000 183.000000 841.000000 282.000000 1.497046 1.556155 3.570101 2.715372 1.684019 12.574881 -1.561474 0.999643
Car -1 -1 -10 657.000000 179.000000 706.000000 221.000000 1.485870 1.597523 3.588616 2.758350 1.743133 28.189754 -1.592083 0.998720
Car -1 -1 -10 472.000000 187.000000 523.000000 225.000000 1.488225 1.591644 3.748975 -4.830766 2.139403 31.559836 1.594412 0.998585
Car -1 -1 -10 366.000000 184.000000 479.000000 265.000000 1.709349 1.681623 4.017189 -4.471525 2.045781 17.786229 -1.556620 0.997364
Car -1 -1 -10 92.000000 215.000000 370.000000 370.000000 1.491738 1.615189 3.793608 -4.224997 2.043679 8.796701 -1.597590 0.995146
Car -1 -1 -10 985.000000 179.000000 1233.000000 375.000000 1.473015 1.588060 3.743535 2.870933 1.654046 2.119069 -1.614220 0.951502
Car -1 -1 -10 520.000000 186.000000 549.000000 211.000000 1.516698 1.624039 3.973135 -4.697968 2.389388 47.442680 1.436390 0.895017
Cyclist -1 -1 -10 977.000000 186.000000 1235.000000 371.000000 1.734811 0.720002 1.856083 2.209333 1.762830 2.882139 -1.589814 0.029859
Cyclist -1 -1 -10 266.000000 184.000000 319.000000 283.000000 1.701963 0.764673 1.766838 -5.925728 1.718509 13.402868 0.590247 0.027576
