Pedestrian -1 -1 -10 512.000000 169.000000 534.000000 232.000000 1.686585 0.569852 0.650441 -2.203888 1.370760 19.296801 2.003713 0.996836
Pedestrian -1 -1 -10 282.000000 163.000000 333.000000 296.000000 1.694172 0.478848 0.660537 -3.637111 1.413980 8.844721 1.782437 0.992127
Pedestrian -1 -1 -10 649.000000 169.000000 672.000000 224.000000 1.667043 0.588496 0.771982 1.746207 1.349853 21.610615 1.996520 0.981125
Pedestrian -1 -1 -10 1105.000000 148.000000 1208.000000 366.000000 1.690577 0.662072 0.725568 4.291781 1.447913 5.665418 -1.517868 0.961816
Pedestrian -1 -1 -10 383.000000 161.000000 412.000000 247.000000 1.823964 0.680710 0.852943 -4.608256 1.388510 15.841003 -2.370893 0.905895
Pedestrian -1 -1 -10 569.000000 167.000000 588.000000 219.000000 1.701923 0.643957 0.732521 -0.859769 1.257819 24.915927 -0.592268 0.859776
Pedestrian -1 -1 -10 627.000000 166.000000 645.000000 212.000000 1.758761 0.664758 0.953594 1.283199 1.161632 27.373129 -1.581602 0.690965
Pedestrian -1 -1 -10 1142.000000 155.000000 1235.000000 328.000000 1.697914 0.537984 0.829055 4.359399 1.406318 5.642898 -1.916840 0.025621
Pedestrian -1 -1 -10 168.000000 151.000000 211.000000 329.000000 1.687348 0.609853 0.615684 -4.976474 1.992812 8.730032 2.047638 0.018800
Pedestrian -1 -1 -10 621.000000 165.000000 637.000000 208.000000 1.802227 0.572698 0.728585 1.170100 1.095409 27.456920 -1.000070 0.011211
Pedestrian -1 -1 -10 258.000000 167.000000 366.000000 310.000000 1.827800 0.802294 0.739890 -3.561619 1.585630 8.678715 2.257261 0.010175
Cyclist -1 -1 -10 1101.000000 158.000000 1232.000000 350.000000 1.743315 0.620084 1.725493 4.184914 1.460675 5.585989 -0.382091 0.240798
Cyclist -1 -1 -10 512.000000 170.000000 534.000000 230.000000 1.716473 0.618310 1.759180 -2.268841 1.391304 19.463625 2.069754 0.040976
Cyclist -1 -1 -10 699.000000 157.000000 736.000000 212.000000 1.673831 0.503427 1.728516 4.430648 1.515570 28.678395 -1.813122 0.012895
