Pedestrian -1 -1 -10 999.000000 153.000000 1051.000000 259.000000 1.811628 0.582243 0.661910 6.825868 1.082126 11.257920 2.970660 0.943286
Pedestrian -1 -1 -10 1021.000000 153.000000 1074.000000 258.000000 1.643777 0.481997 0.659261 7.074512 1.181052 11.372708 -2.468303 0.935756
Pedestrian -1 -1 -10 1027.000000 155.000000 1052.000000 246.000000 1.705730 0.637387 0.631260 7.355378 1.815821 11.883344 -1.535306 0.045849
Pedestrian -1 -1 -10 1003.000000 153.000000 1045.000000 210.000000 1.705730 0.637387 0.631260 10.449392 0.724406 18.232023 -1.551402 0.036798
Pedestrian -1 -1 -10 1032.000000 156.000000 1059.000000 199.000000 1.795071 0.609538 0.831142 20.639437 0.299149 33.017608 3.664496 0.020060
Pedestrian -1 -1 -10 881.000000 153.000000 899.000000 195.000000 1.779056 0.604436 0.662497 13.481441 0.474280 33.573183 1.952357 0.019346
Pedestrian -1 -1 -10 1002.000000 150.000000 1024.000000 202.000000 1.740851 0.612481 0.730600 18.733286 0.529078 32.967413 3.526871 0.015609
Car -1 -1 -10 453.000000 173.000000 520.000000 210.000000 1.488138 1.601227 3.801162 -5.139891 1.173711 29.856437 1.061417 0.999135
Car -1 -1 -10 1.000000 200.000000 293.000000 367.000000 1.553391 1.625188 3.909977 -3.219199 1.669698 3.429249 -1.573272 0.971215
Cyclist -1 -1 -10 18.000000 199.000000 276.000000 361.000000 1.739346 0.622682 1.956074 -2.761626 1.764153 3.795734 -1.556888 0.019195
