Pedestrian -1 -1 -10 684.000000 164.000000 696.000000 207.000000 1.742640 0.671254 0.690899 4.239246 1.459430 38.457681 -1.884622 0.521949
Pedestrian -1 -1 -10 545.000000 173.000000 557.000000 213.000000 1.702062 0.607452 0.685264 -2.892370 1.910785 34.669518 1.582244 0.332173
Pedestrian -1 -1 -10 549.000000 173.000000 559.000000 202.000000 1.808760 0.474914 0.645603 -3.017306 1.954497 36.871397 0.485366 0.305739
Pedestrian -1 -1 -10 527.000000 177.000000 542.000000 214.000000 1.770556 0.653149 0.815386 -3.563650 2.030729 34.178202 1.440210 0.156822
Pedestrian -1 -1 -10 537.000000 177.000000 554.000000 208.000000 1.781659 0.744618 0.780869 -3.076140 1.917333 34.593436 0.936789 0.035827
Pedestrian -1 -1 -10 690.000000 169.000000 699.000000 207.000000 1.732460 0.682284 0.627681 4.334124 1.459392 38.402339 -1.889914 0.022594
Car -1 -1 -10 351.000000 183.000000 457.000000 257.000000 1.573595 1.621213 3.853313 -5.132299 1.907267 18.393726 1.584463 0.999216
Car -1 -1 -10 682.000000 174.000000 794.000000 263.000000 1.566293 1.603959 3.638327 2.505914 1.663565 14.946398 -1.580110 0.999108
Car -1 -1 -10 471.000000 184.000000 517.000000 218.000000 1.512503 1.676740 4.074478 -5.460674 2.096820 34.301642 1.554726 0.997523
Car -1 -1 -10 2.000000 193.000000 202.000000 375.000000 1.579164 1.640584 3.837439 -4.591697 1.804408 4.583842 -1.601996 0.657150
Car -1 -1 -10 484.000000 175.000000 517.000000 207.000000 1.463742 1.577189 3.947831 -5.346887 1.806361 34.632072 1.575290 0.017234
Cyclist -1 -1 -10 527.000000 176.000000 542.000000 216.000000 1.778254 0.619845 1.812844 -3.628540 1.968837 34.159659 1.540064 0.990459
Cyclist -1 -1 -10 544.000000 174.000000 557.000000 215.000000 1.746057 0.610094 1.802918 -2.929739 1.949195 34.523249 1.478326 0.695942
Cyclist -1 -1 -10 549.000000 173.000000 559.000000 202.000000 1.761765 0.501180 1.538560 -3.771759 1.615880 49.336794 -1.611872 0.012833
Cyclist -1 -1 -10 537.000000 177.000000 554.000000 208.000000 1.712309 0.642955 1.796269 -3.069848 1.808290 34.551045 1.517433 0.011881
