Car -1 -1 -10 270.000000 183.000000 454.000000 296.000000 1.498469 1.615728 3.870219 -3.789528 1.526089 11.533612 -1.566308 0.999660
Car -1 -1 -10 712.000000 186.000000 839.000000 279.000000 1.432512 1.556988 3.602342 2.863141 1.475829 12.907899 -1.531743 0.999528
Car -1 -1 -10 114.000000 175.000000 293.000000 266.000000 1.508972 1.596521 3.702122 -8.218162 1.413162 14.852165 -1.616637 0.999405
Car -1 -1 -10 448.000000 179.000000 516.000000 233.000000 1.515707 1.612551 3.678782 -3.917002 1.330764 22.635787 -1.587182 0.999194
Car -1 -1 -10 658.000000 179.000000 722.000000 225.000000 1.461312 1.631914 4.042321 2.787563 1.267067 24.949880 -1.586570 0.998673
Car -1 -1 -10 487.000000 179.000000 532.000000 218.000000 1.575247 1.620945 3.915169 -4.280070 1.247600 30.234865 -1.564557 0.935874
Car -1 -1 -10 387.000000 179.000000 445.000000 221.000000 1.472952 1.612547 3.753126 -8.417257 1.319034 31.620312 -1.562127 0.647905
Car -1 -1 -10 298.000000 182.000000 382.000000 232.000000 1.533603 1.568234 3.716090 -8.448595 1.067590 22.294138 1.721802 0.171864
Car -1 -1 -10 504.000000 180.000000 540.000000 207.000000 1.503237 1.598133 3.762142 -5.046846 1.057962 41.233791 -1.679521 0.088795
Car -1 -1 -10 438.000000 180.000000 487.000000 216.000000 1.538957 1.615159 3.754928 -8.546367 1.305533 41.578269 -1.770755 0.073813
Car -1 -1 -10 321.000000 183.000000 378.000000 209.000000 1.501834 1.570488 3.736466 -12.311870 0.844530 37.164332 0.802245 0.011387
