Pedestrian -1 -1 -10 447.000000 175.000000 459.000000 211.000000 1.746735 0.548373 0.511208 -6.626260 1.631815 29.931739 -1.714607 0.439599
Pedestrian -1 -1 -10 0.000000 192.000000 56.000000 325.000000 1.727310 0.571523 0.694162 -7.010954 1.787312 8.547750 -2.720284 0.017497
Car -1 -1 -10 400.000000 186.000000 488.000000 243.000000 1.501885 1.620127 3.870706 -4.504391 1.827650 19.838997 1.525907 0.999649
Car -1 -1 -10 709.000000 176.000000 840.000000 275.000000 1.496252 1.633737 3.890641 2.770326 1.622736 12.977775 -1.572375 0.999455
Car -1 -1 -10 59.000000 185.000000 269.000000 264.000000 1.479034 1.578824 3.872719 -9.319533 1.774376 15.246897 0.012628 0.998841
Car -1 -1 -10 684.000000 176.000000 766.000000 240.000000 1.540245 1.621247 3.823591 2.991399 1.605797 19.486476 -1.585104 0.996873
Car -1 -1 -10 448.000000 175.000000 515.000000 228.000000 1.620849 1.586954 3.837385 -4.431348 1.743820 25.259596 1.575703 0.993709
Car -1 -1 -10 850.000000 182.000000 1238.000000 374.000000 1.488750 1.524698 3.537651 3.088652 1.646758 5.493043 -1.552368 0.989764
Car -1 -1 -10 664.000000 176.000000 719.000000 218.000000 1.481336 1.583585 3.781832 3.007080 1.610413 27.969787 -1.577774 0.986791
Car -1 -1 -10 484.000000 175.000000 534.000000 218.000000 1.667850 1.631681 4.027933 -4.300020 1.804481 30.715479 1.611800 0.937503
Car -1 -1 -10 656.000000 174.000000 698.000000 207.000000 1.617243 1.667930 3.921506 3.111791 1.601270 34.235978 -1.616476 0.020178
