Pedestrian -1 -1 -10 27.000000 182.000000 52.000000 238.000000 1.770154 0.627614 0.659655 -19.812971 2.094532 25.409796 -2.063549 0.801934
Pedestrian -1 -1 -10 68.000000 184.000000 84.000000 235.000000 1.581168 0.470945 0.532138 -18.767625 1.920718 25.534105 1.941247 0.521872
Pedestrian -1 -1 -10 57.000000 188.000000 91.000000 229.000000 1.742334 0.657668 0.491774 -18.696933 2.131530 25.566268 1.982600 0.178110
Pedestrian -1 -1 -10 14.000000 188.000000 58.000000 247.000000 1.806699 0.610197 0.763910 -19.399675 2.100019 24.373350 -2.688898 0.141103
Pedestrian -1 -1 -10 3.000000 195.000000 123.000000 257.000000 1.777898 0.557599 0.955062 -15.560761 2.556442 20.598099 1.842839 0.027280
Pedestrian -1 -1 -10 53.000000 188.000000 74.000000 232.000000 1.694941 0.553096 0.707747 -8.126917 1.417800 10.320056 -0.506113 0.024954
Pedestrian -1 -1 -10 26.000000 186.000000 96.000000 234.000000 1.703474 0.606272 0.709372 -16.629341 2.103331 21.246843 -1.786204 0.010109
Car -1 -1 -10 598.000000 175.000000 632.000000 204.000000 1.579210 1.647536 4.071330 0.364153 1.915898 44.437585 -1.547334 0.998986
Car -1 -1 -10 393.000000 184.000000 431.000000 209.000000 1.493151 1.576879 3.613582 -12.756551 2.211806 46.128181 1.448431 0.997397
Car -1 -1 -10 0.000000 199.000000 130.000000 256.000000 1.527278 1.615003 3.789766 -16.102186 2.372504 21.508019 1.568005 0.995297
Cyclist -1 -1 -10 62.000000 186.000000 88.000000 231.000000 1.620574 0.449649 1.481889 -8.853177 1.235729 11.690868 -2.243245 0.032901
Cyclist -1 -1 -10 -1.000000 195.000000 132.000000 256.000000 1.757601 0.885684 1.893520 -15.482988 2.462316 20.905066 1.754374 0.018867
Cyclist -1 -1 -10 23.000000 182.000000 52.000000 240.000000 1.697542 0.652490 1.674490 -19.816689 1.762916 25.362475 2.032241 0.012351
