Pedestrian -1 -1 -10 685.000000 170.000000 735.000000 329.000000 1.707578 0.560996 0.704949 1.088769 1.682300 8.125482 -1.507647 0.995213
Pedestrian -1 -1 -10 357.000000 190.000000 385.000000 261.000000 1.725490 0.617434 0.617433 -5.014066 2.185068 14.937567 1.790935 0.222713
Pedestrian -1 -1 -10 821.000000 178.000000 834.000000 221.000000 1.737939 0.573436 0.768774 8.391249 1.748814 28.069429 -0.834181 0.118810
Pedestrian -1 -1 -10 339.000000 190.000000 399.000000 265.000000 1.748213 0.693496 0.824104 -4.877460 2.208157 14.740843 1.317524 0.052448
Car -1 -1 -10 701.000000 185.000000 903.000000 347.000000 1.541311 1.625696 3.852911 1.918915 1.630918 8.331669 -1.478421 0.999086
Car -1 -1 -10 305.000000 192.000000 426.000000 254.000000 1.565439 1.587129 3.929958 -6.332496 1.996875 17.665826 -2.998545 0.982004
Car -1 -1 -10 680.000000 176.000000 738.000000 208.000000 1.570004 1.554980 3.517723 4.840045 1.743062 35.591827 1.219332 0.511677
Car -1 -1 -10 684.000000 178.000000 745.000000 326.000000 1.581585 1.612643 3.901709 1.744417 1.555051 7.995318 1.243971 0.084702
Car -1 -1 -10 -3.000000 172.000000 244.000000 368.000000 1.569693 1.680874 3.928714 -3.226054 1.379566 2.576625 1.448481 0.012027
Car -1 -1 -10 343.000000 189.000000 395.000000 261.000000 1.464292 1.527815 3.760720 -5.770285 1.961326 16.186982 0.755192 0.011498
Cyclist -1 -1 -10 819.000000 178.000000 837.000000 221.000000 1.713137 0.553018 1.709350 8.649863 1.541436 27.947851 0.308846 0.176745
Cyclist -1 -1 -10 786.000000 184.000000 864.000000 221.000000 1.697031 0.481972 1.444753 8.534754 1.836942 27.475594 -1.314497 0.076695
Cyclist -1 -1 -10 681.000000 176.000000 744.000000 330.000000 1.722620 0.637069 1.768185 1.126823 1.628102 8.144658 1.178112 0.057424
Cyclist -1 -1 -10 798.000000 186.000000 830.000000 222.000000 1.697115 0.490001 1.641800 9.222117 1.671487 31.942773 -1.816176 0.026769
Cyclist -1 -1 -10 814.000000 182.000000 831.000000 229.000000 1.724137 0.477269 1.500372 8.509607 1.418658 28.581107 -1.369578 0.018826
Cyclist -1 -1 -10 778.000000 186.000000 824.000000 228.000000 1.765575 0.652563 1.725487 5.926670 1.706236 22.854849 0.237098 0.014798
