Pedestrian -1 -1 -10 399.000000 162.000000 454.000000 298.000000 1.769561 0.657440 0.874703 -2.458464 1.560931 10.074001 1.739384 0.996649
Pedestrian -1 -1 -10 587.000000 167.000000 627.000000 281.000000 1.770517 0.536797 0.962010 0.030631 1.536630 11.013887 -0.547081 0.995636
Pedestrian -1 -1 -10 792.000000 140.000000 852.000000 324.000000 1.799066 0.680856 0.824707 2.025966 1.505914 6.875281 2.955106 0.994839
Pedestrian -1 -1 -10 918.000000 155.000000 991.000000 316.000000 1.758357 0.651495 0.888247 3.572045 1.345310 7.395634 -1.574653 0.992743
Pedestrian -1 -1 -10 551.000000 170.000000 572.000000 226.000000 1.744772 0.659859 0.923929 -1.335545 1.342896 22.734910 -1.706106 0.973566
Pedestrian -1 -1 -10 522.000000 167.000000 544.000000 221.000000 1.731972 0.639372 0.651557 -2.365637 1.303537 24.455229 -1.644402 0.749169
Pedestrian -1 -1 -10 116.000000 163.000000 204.000000 336.000000 1.811434 0.668975 0.862478 -5.301867 1.598407 8.724201 0.993335 0.672526
Pedestrian -1 -1 -10 577.000000 170.000000 593.000000 221.000000 1.760073 0.549856 0.742938 -0.643079 1.412710 23.681336 -1.052755 0.364386
Pedestrian -1 -1 -10 843.000000 149.000000 861.000000 231.000000 1.820902 0.700076 0.755987 5.375750 1.097662 15.569609 2.341299 0.349382
Pedestrian -1 -1 -10 852.000000 155.000000 866.000000 231.000000 1.793052 0.652284 0.560586 5.330552 1.096327 15.205127 -2.201512 0.144428
Pedestrian -1 -1 -10 832.000000 144.000000 863.000000 288.000000 1.757145 0.639717 0.725804 2.939805 1.207962 9.163940 1.297235 0.079343
Pedestrian -1 -1 -10 823.000000 152.000000 854.000000 236.000000 1.809585 0.544789 0.666904 5.209615 1.145223 15.558936 2.852487 0.048694
Pedestrian -1 -1 -10 584.000000 167.000000 603.000000 224.000000 1.852902 0.705237 1.059155 -0.341006 1.428656 23.216918 2.570658 0.038703
Pedestrian -1 -1 -10 827.000000 156.000000 845.000000 211.000000 1.714747 0.629975 0.728008 5.109229 1.003606 15.725716 0.414459 0.036242
Pedestrian -1 -1 -10 298.000000 194.000000 331.000000 275.000000 1.630671 0.536029 0.533240 -4.533968 1.562058 11.252405 2.123851 0.032656
Pedestrian -1 -1 -10 432.000000 179.000000 452.000000 268.000000 1.703544 0.619413 0.617931 -3.347294 2.357151 15.741971 -2.298040 0.029552
Pedestrian -1 -1 -10 473.000000 170.000000 496.000000 211.000000 1.750392 0.576171 0.747541 -4.435003 1.333909 26.674309 1.747743 0.029068
Pedestrian -1 -1 -10 271.000000 197.000000 301.000000 266.000000 1.720263 0.601436 0.761815 -5.396182 1.928120 12.411939 2.192526 0.027191
Pedestrian -1 -1 -10 803.000000 152.000000 845.000000 216.000000 1.727827 0.636796 0.713615 4.970308 1.016071 15.772495 3.336879 0.024181
Pedestrian -1 -1 -10 54.000000 181.000000 266.000000 353.000000 1.792061 0.597602 0.736194 -3.799298 2.013566 6.034528 -1.661230 0.021420
Pedestrian -1 -1 -10 338.000000 189.000000 376.000000 270.000000 1.743934 0.654049 0.747917 -4.166206 1.719158 12.221845 -1.478993 0.014161
Cyclist -1 -1 -10 466.000000 169.000000 525.000000 275.000000 1.720573 0.606006 1.779611 -1.821789 1.555131 12.351729 1.594929 0.998922
Cyclist -1 -1 -10 99.000000 165.000000 218.000000 349.000000 1.783427 0.594168 1.644744 -5.320197 1.575226 8.679063 0.354503 0.707307
Cyclist -1 -1 -10 521.000000 168.000000 545.000000 221.000000 1.749502 0.518278 1.774427 -2.510001 1.348867 24.734610 -2.035421 0.128042
Cyclist -1 -1 -10 473.000000 170.000000 496.000000 211.000000 1.701500 0.631102 1.644407 -4.269956 1.649249 26.703987 -0.124189 0.084059
Cyclist -1 -1 -10 9.000000 179.000000 164.000000 361.000000 1.726963 0.517439 1.711100 -4.780146 1.934573 6.413519 2.457084 0.054704
Cyclist -1 -1 -10 399.000000 161.000000 454.000000 299.000000 1.852855 0.691455 1.839345 -2.485689 1.600604 10.019797 1.520602 0.029931
Cyclist -1 -1 -10 482.000000 174.000000 514.000000 210.000000 1.704458 0.516919 1.595334 -5.637641 0.621515 37.459324 -1.695781 0.025634
Cyclist -1 -1 -10 647.000000 168.000000 689.000000 224.000000 1.676504 0.524058 1.641179 1.850164 1.654999 20.396384 1.130266 0.023142
Cyclist -1 -1 -10 420.000000 162.000000 504.000000 282.000000 1.780756 0.647093 1.872844 -2.207975 1.583733 12.433671 -2.281808 0.020169
