Pedestrian -1 -1 -10 17.000000 239.000000 158.000000 357.000000 1.748454 0.691385 0.579319 -2.710691 1.927852 3.747579 -2.574331 0.020105
Car -1 -1 -10 256.000000 188.000000 472.000000 316.000000 1.525141 1.641608 4.135267 -3.285553 1.593666 10.396754 -1.561359 0.999542
Car -1 -1 -10 557.000000 177.000000 620.000000 238.000000 1.529083 1.671095 3.715016 -0.581972 1.382259 21.418617 -1.583313 0.999412
Car -1 -1 -10 500.000000 178.000000 547.000000 219.000000 1.514975 1.629826 3.898495 -3.330612 1.355293 29.458497 -1.628908 0.995295
Car -1 -1 -10 185.000000 183.000000 305.000000 259.000000 1.508006 1.628401 3.918545 -7.785724 1.437198 16.394440 -1.537244 0.979364
Car -1 -1 -10 424.000000 176.000000 517.000000 251.000000 1.655169 1.655342 4.082134 -3.420198 1.443871 17.764385 -1.580516 0.975419
Car -1 -1 -10 2.000000 207.000000 317.000000 376.000000 1.433630 1.590180 3.866049 -3.173192 1.764649 3.736040 -1.572387 0.955733
Car -1 -1 -10 314.000000 183.000000 370.000000 210.000000 1.530797 1.628872 3.830650 -12.873649 1.318385 34.747124 -1.497071 0.229976
Car -1 -1 -10 370.000000 181.000000 429.000000 213.000000 1.520681 1.637751 3.915751 -8.259530 1.275145 28.043947 -1.809633 0.171942
Car -1 -1 -10 257.000000 185.000000 316.000000 215.000000 1.503174 1.591386 3.942995 -16.289534 1.395313 35.162253 1.739153 0.060611
