Pedestrian -1 -1 -10 668.000000 173.000000 687.000000 227.000000 1.731890 0.573225 0.715764 1.896361 1.350378 19.470025 2.289515 0.227451
Pedestrian -1 -1 -10 681.000000 168.000000 711.000000 234.000000 1.802058 0.604516 0.684273 2.216566 1.771025 19.406226 0.631475 0.185895
Pedestrian -1 -1 -10 672.000000 171.000000 700.000000 229.000000 1.793335 0.596134 0.635127 1.983207 1.586776 19.450576 1.175696 0.047275
Pedestrian -1 -1 -10 690.000000 162.000000 731.000000 231.000000 1.755555 0.488596 0.598642 2.700315 1.557172 18.098515 -0.825524 0.027135
Pedestrian -1 -1 -10 701.000000 165.000000 724.000000 205.000000 1.698398 0.621938 0.691890 2.822171 0.853210 20.395614 -0.882328 0.014229
Car -1 -1 -10 345.000000 180.000000 508.000000 299.000000 1.583565 1.638200 3.926069 -2.798206 1.705627 11.926938 -1.536428 0.999422
Car -1 -1 -10 589.000000 176.000000 615.000000 203.000000 1.592860 1.657035 4.022037 -0.466329 1.893491 46.995396 -1.572703 0.997346
Car -1 -1 -10 62.000000 196.000000 213.000000 263.000000 1.484842 1.584148 3.761255 -12.335353 2.207234 19.471622 1.554365 0.994909
Car -1 -1 -10 371.000000 183.000000 444.000000 238.000000 1.496349 1.614562 3.824069 -6.697125 1.407668 19.893235 1.831269 0.010344
Cyclist -1 -1 -10 678.000000 161.000000 754.000000 237.000000 1.705316 0.624539 1.780179 2.560936 1.531280 17.994195 -2.560727 0.999418
Cyclist -1 -1 -10 675.000000 169.000000 715.000000 232.000000 1.731082 0.575624 1.797325 2.062141 1.572262 19.349332 1.614313 0.920857
Cyclist -1 -1 -10 671.000000 171.000000 695.000000 230.000000 1.773070 0.572471 1.754597 2.064184 1.551978 19.768468 -1.422105 0.544613
Cyclist -1 -1 -10 811.000000 177.000000 838.000000 215.000000 1.628876 0.567976 1.692260 7.441210 1.782460 24.519522 1.229568 0.322366
Cyclist -1 -1 -10 695.000000 162.000000 720.000000 232.000000 1.786005 0.521746 1.619281 2.610779 1.444647 19.210652 2.238778 0.065627
Cyclist -1 -1 -10 699.000000 166.000000 733.000000 198.000000 1.684086 0.393720 1.446582 3.083877 1.329126 20.520825 -1.447103 0.020893
Cyclist -1 -1 -10 666.000000 173.000000 684.000000 222.000000 1.677145 0.468555 1.709235 1.858590 1.631505 21.644477 -1.693010 0.010077
