Car -1 -1 -10 651.000000 170.000000 722.000000 220.000000 1.579123 1.567119 3.583513 2.584692 1.553401 25.508971 -1.798143 0.998534
Car -1 -1 -10 588.000000 174.000000 629.000000 202.000000 1.561462 1.589082 3.743469 -0.301523 1.566652 40.431138 -1.897510 0.996247
Car -1 -1 -10 886.000000 186.000000 1244.000000 374.000000 1.500136 1.646096 3.837424 3.132810 1.599850 4.243375 -1.551302 0.984509
Car -1 -1 -10 816.000000 170.000000 981.000000 238.000000 1.477419 1.624670 3.908349 7.047563 1.523933 17.898503 3.400230 0.953490
Car -1 -1 -10 0.000000 217.000000 250.000000 372.000000 1.507992 1.603174 3.694926 -3.772283 1.845805 3.768728 1.579301 0.946467
Car -1 -1 -10 1011.000000 168.000000 1224.000000 236.000000 1.559252 1.621929 3.944354 11.908364 1.497845 17.065761 3.286695 0.178224
Car -1 -1 -10 991.000000 171.000000 1234.000000 306.000000 1.461164 1.581377 3.837589 3.300057 1.354961 3.063899 1.509600 0.044376
Car -1 -1 -10 660.000000 167.000000 712.000000 195.000000 1.522887 1.638771 4.141448 6.167321 1.147235 55.449011 -0.876374 0.033377
Cyclist -1 -1 -10 470.000000 171.000000 487.000000 207.000000 1.757599 0.540401 1.790218 -6.761389 1.711087 36.746149 -2.051701 0.546046
Cyclist -1 -1 -10 -3.000000 213.000000 252.000000 376.000000 1.692169 0.628184 1.946479 -3.262891 1.896013 4.206408 1.663558 0.021840
Cyclist -1 -1 -10 919.000000 179.000000 1240.000000 361.000000 1.761481 0.696654 1.800820 2.498269 1.743294 3.713132 -1.557185 0.010229
