Car -1 -1 -10 570.000000 175.000000 655.000000 255.000000 1.537180 1.664947 3.716186 0.030277 1.365168 16.343150 -1.577661 0.999538
Car -1 -1 -10 48.000000 182.000000 201.000000 247.000000 1.554771 1.621204 3.713380 -12.865618 1.581687 19.317458 -1.565925 0.999174
Car -1 -1 -10 312.000000 190.000000 443.000000 269.000000 1.456825 1.563473 3.585491 -4.673433 1.529130 14.833882 -1.563108 0.998978
Car -1 -1 -10 427.000000 182.000000 504.000000 232.000000 1.515219 1.660130 3.968948 -4.484947 1.411153 23.127619 -1.600486 0.998958
Car -1 -1 -10 225.000000 183.000000 348.000000 246.000000 1.472450 1.621695 3.926708 -8.380351 1.422949 19.249674 -1.575884 0.997133
Car -1 -1 -10 607.000000 171.000000 643.000000 212.000000 1.512612 1.504906 3.251361 0.138705 1.345583 21.810747 1.591044 0.171409
Car -1 -1 -10 -1.000000 187.000000 108.000000 255.000000 1.497604 1.638339 3.894338 -14.708518 1.546376 19.998161 1.631477 0.118665
Car -1 -1 -10 339.000000 170.000000 405.000000 206.000000 1.577003 1.713750 4.120151 -12.293138 0.816572 38.466739 -1.573808 0.039318
Car -1 -1 -10 0.000000 190.000000 52.000000 266.000000 1.467678 1.595158 3.850400 -12.450235 1.679786 12.940293 -1.644112 0.039056
Car -1 -1 -10 396.000000 182.000000 446.000000 214.000000 1.549490 1.652711 3.944994 -8.313999 1.089818 32.422488 1.294043 0.030165
Car -1 -1 -10 587.000000 174.000000 648.000000 223.000000 1.502437 1.584703 3.503011 -0.082974 1.461364 16.189901 -1.542158 0.016162
