Car -1 -1 -10 637.000000 196.000000 814.000000 298.000000 1.414383 1.586245 3.844912 1.584816 1.792196 11.615439 -1.785660 0.999859
Car -1 -1 -10 348.000000 190.000000 392.000000 222.000000 1.524287 1.636172 3.800066 -13.293408 2.611026 39.851071 1.422172 0.999233
Car -1 -1 -10 528.000000 188.000000 588.000000 231.000000 1.379821 1.599553 3.904578 -2.054061 2.007139 26.512773 -1.756419 0.998985
Car -1 -1 -10 10.000000 211.000000 244.000000 342.000000 1.498635 1.571856 3.751955 -6.878460 2.103725 10.637760 1.310915 0.984057
Car -1 -1 -10 518.000000 187.000000 567.000000 222.000000 1.507729 1.589390 3.824649 -3.242553 2.079602 32.195876 -1.772321 0.982567
Car -1 -1 -10 712.000000 171.000000 831.000000 217.000000 1.462407 1.614170 3.876919 6.168364 1.438518 27.255326 -2.766225 0.949248
Car -1 -1 -10 -1.000000 226.000000 143.000000 371.000000 1.469795 1.655667 3.947580 -5.616819 2.042243 5.868131 1.330551 0.924745
Car -1 -1 -10 367.000000 190.000000 402.000000 217.000000 1.472247 1.639260 3.862319 -14.235995 2.721483 44.887355 1.367361 0.860244
Car -1 -1 -10 141.000000 197.000000 217.000000 226.000000 1.529824 1.658588 4.092266 -19.629777 2.472768 33.041169 1.579348 0.799837
Car -1 -1 -10 659.000000 179.000000 757.000000 211.000000 1.567836 1.665365 4.065224 4.427471 1.832649 33.431386 0.524945 0.534888
Car -1 -1 -10 858.000000 102.000000 1242.000000 371.000000 1.847123 1.675306 4.138747 3.315580 1.654049 4.281742 -1.757384 0.446790
Cyclist -1 -1 -10 142.000000 196.000000 217.000000 233.000000 1.683918 0.693652 1.676519 -18.550900 2.910301 31.026842 2.492003 0.010977
