Car -1 -1 -10 129.000000 186.000000 380.000000 329.000000 1.494084 1.597664 3.689005 -4.363855 1.520175 9.486980 -1.582416 0.999625
Car -1 -1 -10 752.000000 176.000000 1052.000000 363.000000 1.582452 1.630598 3.753031 3.049645 1.567783 8.413814 -1.600111 0.999338
Car -1 -1 -10 395.000000 186.000000 480.000000 244.000000 1.464488 1.568075 3.633030 -4.582756 1.530212 19.813165 -1.614364 0.999274
Car -1 -1 -10 576.000000 181.000000 619.000000 219.000000 1.575242 1.643905 3.733336 -0.549243 1.411486 31.545008 -1.617335 0.998417
Car -1 -1 -10 461.000000 186.000000 512.000000 226.000000 1.470803 1.564148 3.827533 -4.441485 1.443255 26.528888 -1.601946 0.994873
Car -1 -1 -10 82.000000 167.000000 270.000000 273.000000 1.730344 1.675626 3.916139 -8.668519 1.454580 14.484716 -1.615605 0.859909
Car -1 -1 -10 386.000000 183.000000 432.000000 216.000000 1.492794 1.666092 3.742224 -8.387181 1.360776 31.746552 -1.744896 0.840658
Car -1 -1 -10 1.000000 192.000000 82.000000 307.000000 1.529569 1.624857 3.822710 -8.340138 1.733124 8.177939 -1.587797 0.755683
Car -1 -1 -10 567.000000 184.000000 591.000000 211.000000 1.477955 1.603137 3.721089 -1.435308 1.400202 40.670581 -1.670295 0.345320
Car -1 -1 -10 478.000000 183.000000 517.000000 216.000000 1.551749 1.658073 4.109006 -5.461268 1.430621 34.045014 -1.608529 0.285469
Car -1 -1 -10 306.000000 171.000000 378.000000 231.000000 1.651159 1.666092 4.030331 -8.839968 1.478411 23.498892 -1.658741 0.214074
Car -1 -1 -10 256.000000 174.000000 367.000000 238.000000 1.767187 1.635355 3.823679 -8.864102 1.517758 22.500902 1.657014 0.079646
Car -1 -1 -10 70.000000 192.000000 187.000000 251.000000 1.576656 1.608816 3.902283 -10.732088 1.435275 16.203743 -1.561661 0.015337
