Pedestrian -1 -1 -10 978.000000 162.000000 1063.000000 327.000000 1.716660 0.656861 1.008157 4.236770 1.554216 7.383113 -1.150449 0.993008
Pedestrian -1 -1 -10 385.000000 171.000000 421.000000 262.000000 1.634154 0.473938 0.553886 -3.380081 1.204832 11.975363 2.268584 0.978117
Pedestrian -1 -1 -10 519.000000 177.000000 536.000000 234.000000 1.729168 0.616044 0.747467 -2.264602 1.524082 21.080936 -1.133603 0.977385
Pedestrian -1 -1 -10 417.000000 169.000000 440.000000 244.000000 1.816140 0.616547 0.785154 -4.533680 1.550766 18.239424 -2.391707 0.799389
Pedestrian -1 -1 -10 674.000000 177.000000 694.000000 224.000000 1.697429 0.605434 0.817997 2.776403 1.616540 24.572396 2.174479 0.763982
Pedestrian -1 -1 -10 574.000000 177.000000 593.000000 222.000000 1.726984 0.660378 0.877436 -0.772263 1.525661 27.589196 -3.151656 0.692430
Pedestrian -1 -1 -10 627.000000 174.000000 643.000000 218.000000 1.710126 0.603877 0.827952 1.289950 1.444407 29.047823 -2.998681 0.526433
Pedestrian -1 -1 -10 311.000000 152.000000 350.000000 267.000000 1.716838 0.636498 0.645683 -3.387397 1.965270 9.581785 -2.455555 0.246196
Pedestrian -1 -1 -10 657.000000 173.000000 669.000000 207.000000 1.781598 0.671716 0.706570 3.387500 1.440168 39.499762 1.687616 0.140063
Pedestrian -1 -1 -10 705.000000 168.000000 722.000000 218.000000 1.756854 0.628685 0.704690 4.665914 1.193675 30.864112 2.642089 0.014335
Car -1 -1 -10 -3.000000 204.000000 290.000000 371.000000 1.581854 1.636297 3.798655 -5.332136 1.801214 8.954872 -0.650426 0.059756
Car -1 -1 -10 1.000000 217.000000 136.000000 373.000000 1.520458 1.605950 3.799656 -3.624167 1.931065 3.207152 -1.635081 0.033467
Cyclist -1 -1 -10 572.000000 175.000000 593.000000 222.000000 1.771597 0.549411 1.717999 -0.839355 1.524256 27.652465 3.062670 0.367351
Cyclist -1 -1 -10 -4.000000 209.000000 313.000000 369.000000 1.801488 0.606774 1.677896 -3.869598 1.786157 6.785823 -3.037448 0.017343
Cyclist -1 -1 -10 705.000000 168.000000 722.000000 218.000000 1.697577 0.504698 1.528788 4.731909 0.825288 31.742138 -1.426853 0.012251
Cyclist -1 -1 -10 152.000000 232.000000 344.000000 365.000000 1.703180 0.796469 1.746744 -3.372277 1.922268 6.886617 1.739480 0.011415
