Pedestrian -1 -1 -10 437.000000 165.000000 466.000000 241.000000 1.846757 0.651294 0.968427 -3.717927 1.457222 17.248602 1.350559 0.978602
Pedestrian -1 -1 -10 452.000000 165.000000 481.000000 239.000000 1.824249 0.637356 0.900007 -3.406748 1.374951 17.415004 1.288162 0.922565
Pedestrian -1 -1 -10 416.000000 169.000000 430.000000 213.000000 1.799180 0.546247 0.748938 -7.519917 1.356911 29.022159 1.718436 0.845787
Pedestrian -1 -1 -10 450.000000 167.000000 463.000000 230.000000 1.732208 0.529675 0.732079 -3.678019 1.323793 17.368519 0.289298 0.028535
Pedestrian -1 -1 -10 420.000000 165.000000 453.000000 224.000000 1.817058 0.546499 0.721391 -5.094724 1.593726 20.849574 -1.373706 0.024388
Pedestrian -1 -1 -10 439.000000 168.000000 458.000000 213.000000 1.784930 0.596378 0.666437 -9.864694 1.465816 42.199046 0.426696 0.023521
Pedestrian -1 -1 -10 440.000000 167.000000 451.000000 204.000000 1.760244 0.626143 0.779563 -9.721962 1.415940 41.493965 -2.407346 0.018395
Car -1 -1 -10 553.000000 163.000000 593.000000 208.000000 1.750711 1.683445 3.801672 -1.629361 1.110998 34.208655 -1.682886 0.632111
Cyclist -1 -1 -10 415.000000 169.000000 429.000000 212.000000 1.750694 0.575692 1.760116 -7.705403 1.290184 29.310609 -2.213165 0.069847
Cyclist -1 -1 -10 455.000000 165.000000 483.000000 236.000000 1.840612 0.611967 1.773577 -3.328969 1.401176 17.441810 1.507478 0.060470
Cyclist -1 -1 -10 439.000000 164.000000 471.000000 239.000000 1.862615 0.608278 1.780644 -3.627054 1.405891 17.389892 1.414396 0.017782
