Car -1 -1 -10 295.000000 180.000000 452.000000 236.000000 1.517290 1.652781 3.944422 -6.517215 1.656307 20.179680 -3.102811 0.996694
Car -1 -1 -10 815.000000 168.000000 1075.000000 268.000000 1.717665 1.683389 4.218782 6.319520 1.698367 14.170230 3.102432 0.994798
Car -1 -1 -10 -10.000000 170.000000 331.000000 290.000000 1.678151 1.650151 3.994178 -6.572423 1.667345 10.567292 -0.010663 0.988441
Car -1 -1 -10 359.000000 177.000000 491.000000 225.000000 1.601326 1.700121 4.056425 -6.053207 1.659331 25.189302 -3.292086 0.962091
Car -1 -1 -10 1077.000000 185.000000 1238.000000 370.000000 1.540686 1.613845 3.755683 6.469987 1.670046 6.437905 0.153161 0.881390
Car -1 -1 -10 110.000000 183.000000 340.000000 268.000000 1.474493 1.570992 3.743901 -6.931346 1.725675 12.875380 -3.187609 0.385172
Car -1 -1 -10 479.000000 177.000000 537.000000 203.000000 1.563157 1.651316 4.017825 -6.895457 1.930791 43.262740 -3.183057 0.151144
Car -1 -1 -10 451.000000 175.000000 515.000000 205.000000 1.555927 1.595055 3.769151 -6.750972 1.730279 41.297805 -2.679336 0.076939
Car -1 -1 -10 654.000000 149.000000 743.000000 228.000000 2.180729 1.745996 4.382128 2.726262 1.598381 23.640606 -1.632459 0.067411
Car -1 -1 -10 649.000000 178.000000 698.000000 219.000000 1.570051 1.540843 3.647507 2.597256 2.012422 31.711939 -1.581933 0.048867
Car -1 -1 -10 638.000000 175.000000 682.000000 206.000000 1.602748 1.630329 3.647551 2.752196 1.609953 39.663275 0.053758 0.035253
Car -1 -1 -10 962.000000 166.000000 1066.000000 208.000000 1.486280 1.576379 3.865681 12.983279 1.162074 22.631318 1.919095 0.020565
