Car -1 -1 -10 733.000000 178.000000 871.000000 270.000000 1.462284 1.558676 3.829035 3.350403 1.616922 13.373535 1.518201 0.999499
Car -1 -1 -10 333.000000 184.000000 448.000000 248.000000 1.467447 1.614268 3.936324 -5.626997 1.866054 18.789200 1.660319 0.999044
Car -1 -1 -10 7.000000 198.000000 301.000000 341.000000 1.464285 1.566416 3.624134 -5.700209 1.852032 9.767516 1.590974 0.998503
Car -1 -1 -10 691.000000 178.000000 782.000000 239.000000 1.456905 1.643429 4.033709 3.325454 1.618804 19.218755 -1.617516 0.992156
Car -1 -1 -10 667.000000 174.000000 722.000000 216.000000 1.495394 1.606530 3.814186 3.093224 1.578779 27.764635 -1.608469 0.981653
Car -1 -1 -10 931.000000 175.000000 1229.000000 372.000000 1.533768 1.624592 3.836116 3.335533 1.634876 3.761293 -1.564077 0.963410
Car -1 -1 -10 464.000000 176.000000 511.000000 210.000000 1.519664 1.592795 3.771041 -5.830500 1.833469 33.949108 1.539580 0.853961
Car -1 -1 -10 50.000000 186.000000 200.000000 243.000000 1.518725 1.583372 3.870213 -15.417034 1.824567 22.796196 0.002645 0.436830
Car -1 -1 -10 0.000000 252.000000 34.000000 369.000000 1.490557 1.636570 4.003540 -6.534903 1.867738 5.492505 -2.863819 0.048869
Car -1 -1 -10 111.000000 186.000000 236.000000 235.000000 1.541465 1.611702 3.834120 -15.277720 1.881318 22.867606 0.019642 0.048365
Car -1 -1 -10 660.000000 175.000000 701.000000 208.000000 1.565563 1.584457 3.555424 3.473347 1.571335 32.747987 -1.654485 0.041489
Car -1 -1 -10 484.000000 178.000000 522.000000 206.000000 1.485849 1.575828 3.604428 -5.926432 1.806818 38.645519 1.563229 0.033856
Car -1 -1 -10 65.000000 190.000000 142.000000 253.000000 1.451633 1.588683 3.866152 -14.201774 1.799265 23.052753 -3.129800 0.025755
Cyclist -1 -1 -10 75.000000 191.000000 114.000000 257.000000 1.669095 0.505650 1.579778 -12.335770 1.902519 17.200580 2.440537 0.704716
Cyclist -1 -1 -10 47.000000 187.000000 184.000000 252.000000 1.666952 0.575103 1.545760 -14.587573 1.898525 22.223610 -2.801689 0.075720
