Pedestrian -1 -1 -10 715.000000 158.000000 727.000000 207.000000 1.762708 0.744256 0.807430 5.340633 1.029168 34.109888 -1.477433 0.130875
Pedestrian -1 -1 -10 728.000000 160.000000 738.000000 198.000000 1.798335 0.743494 0.920036 5.752417 1.033539 33.717828 -1.277751 0.023683
Car -1 -1 -10 152.000000 192.000000 382.000000 296.000000 1.468188 1.637460 4.046213 -5.617973 1.855620 12.445873 1.658282 0.999479
Car -1 -1 -10 727.000000 177.000000 894.000000 277.000000 1.468615 1.610725 3.906614 3.354794 1.593215 12.589749 -1.635230 0.999007
Car -1 -1 -10 814.000000 178.000000 1204.000000 374.000000 1.445398 1.556025 3.725334 3.336652 1.572799 6.961090 1.524816 0.998297
Car -1 -1 -10 682.000000 175.000000 757.000000 226.000000 1.465333 1.545688 3.720979 3.154285 1.531527 21.291770 -1.588376 0.996905
Car -1 -1 -10 425.000000 176.000000 489.000000 221.000000 1.632634 1.600221 3.688868 -5.717586 1.807081 27.338414 1.570430 0.990538
Car -1 -1 -10 665.000000 173.000000 728.000000 215.000000 1.522423 1.557939 3.547523 3.178096 1.509369 26.796189 -1.654846 0.984828
Car -1 -1 -10 462.000000 177.000000 508.000000 212.000000 1.470673 1.612276 3.830078 -5.692977 1.811939 32.603394 1.523764 0.840748
Car -1 -1 -10 1091.000000 218.000000 1236.000000 374.000000 1.506816 1.646624 3.994330 3.172956 1.680110 6.805651 -1.638286 0.066411
Cyclist -1 -1 -10 763.000000 167.000000 778.000000 213.000000 1.684362 0.618088 1.653232 6.093038 1.046581 27.191438 2.882202 0.012785
