Pedestrian -1 -1 -10 657.000000 168.000000 679.000000 233.000000 1.702225 0.575733 0.781918 1.915913 1.517596 21.198471 -1.725048 0.955251
Pedestrian -1 -1 -10 680.000000 172.000000 704.000000 235.000000 1.821862 0.675408 0.971898 2.657802 1.529196 21.352274 -1.561194 0.880712
Pedestrian -1 -1 -10 499.000000 172.000000 524.000000 232.000000 1.717186 0.673548 0.967606 -2.595842 1.396139 20.591049 -1.834702 0.838426
Pedestrian -1 -1 -10 1104.000000 185.000000 1198.000000 319.000000 1.675783 0.726783 0.815345 5.572485 1.696383 7.416561 -1.452009 0.518723
Pedestrian -1 -1 -10 836.000000 188.000000 870.000000 294.000000 1.750046 0.572496 0.641286 4.213615 1.689419 12.406377 0.880723 0.106179
Pedestrian -1 -1 -10 461.000000 172.000000 472.000000 205.000000 1.720555 0.633788 0.634054 -5.985514 1.162841 31.570162 -1.869288 0.079016
Pedestrian -1 -1 -10 878.000000 183.000000 936.000000 290.000000 1.705730 0.637387 0.631260 4.025454 1.813932 9.371152 -1.684130 0.058381
Pedestrian -1 -1 -10 1043.000000 172.000000 1092.000000 261.000000 1.794127 0.656394 0.833696 6.880055 1.484110 10.447929 3.198852 0.037963
Pedestrian -1 -1 -10 574.000000 173.000000 587.000000 207.000000 1.761974 0.706946 0.833679 -1.115906 1.326175 37.355899 1.564914 0.034504
Pedestrian -1 -1 -10 1167.000000 192.000000 1203.000000 313.000000 1.671069 0.610047 0.567334 8.756704 1.413283 10.917599 -0.910499 0.023002
Car -1 -1 -10 595.000000 172.000000 627.000000 197.000000 1.591544 1.661243 3.890819 0.986251 1.201533 62.775693 -1.611140 0.012285
Cyclist -1 -1 -10 877.000000 182.000000 936.000000 292.000000 1.697031 0.481972 1.444753 4.248890 1.709268 9.845267 -1.201589 0.101913
Cyclist -1 -1 -10 657.000000 168.000000 679.000000 232.000000 1.773117 0.576497 1.713576 1.920792 1.554844 21.274343 -1.492569 0.046093
Cyclist -1 -1 -10 832.000000 196.000000 875.000000 291.000000 1.684719 0.631084 1.685967 4.257043 1.387684 12.456096 2.466181 0.027449
Cyclist -1 -1 -10 814.000000 190.000000 937.000000 296.000000 1.665272 0.710517 1.736247 2.673433 1.650505 6.880592 0.386189 0.023741
Cyclist -1 -1 -10 1104.000000 186.000000 1205.000000 314.000000 1.726847 0.540376 1.663011 5.711929 1.669424 7.512344 2.793997 0.021959
