Pedestrian -1 -1 -10 579.000000 158.000000 606.000000 237.000000 1.781151 0.641958 0.935789 -0.282642 1.240700 16.066392 -0.972209 0.995745
Pedestrian -1 -1 -10 817.000000 153.000000 858.000000 255.000000 1.742105 0.693950 0.848094 3.841076 1.168612 11.919914 -1.348465 0.992794
Pedestrian -1 -1 -10 28.000000 170.000000 157.000000 367.000000 1.690745 0.511144 0.667936 -3.677766 1.600309 5.104427 -0.141166 0.982173
Pedestrian -1 -1 -10 540.000000 156.000000 566.000000 225.000000 1.831212 0.687490 0.985523 -1.326299 1.225659 19.413612 1.462871 0.965937
Pedestrian -1 -1 -10 1038.000000 141.000000 1169.000000 357.000000 1.716493 0.644926 0.381779 4.041962 1.583873 6.097903 -0.507541 0.734679
Pedestrian -1 -1 -10 477.000000 159.000000 508.000000 235.000000 1.783476 0.630181 0.862683 -2.575618 1.244322 16.701699 1.934438 0.524389
Pedestrian -1 -1 -10 618.000000 158.000000 634.000000 208.000000 1.753940 0.631885 0.825056 0.897341 0.991353 27.313157 -2.027507 0.504223
Pedestrian -1 -1 -10 605.000000 160.000000 619.000000 206.000000 1.690173 0.657842 0.845423 0.427696 0.915175 28.311095 -1.613899 0.438962
Pedestrian -1 -1 -10 707.000000 150.000000 754.000000 243.000000 1.814323 0.641238 0.787151 2.426621 1.346622 13.469335 2.825482 0.403313
Pedestrian -1 -1 -10 1070.000000 145.000000 1111.000000 283.000000 1.714154 0.641249 0.726069 4.643039 1.253740 6.769724 -0.432538 0.173722
Pedestrian -1 -1 -10 676.000000 156.000000 700.000000 211.000000 1.806741 0.575220 0.783867 3.095156 1.084614 26.001627 2.655223 0.119234
Pedestrian -1 -1 -10 574.000000 160.000000 593.000000 217.000000 1.745733 0.595777 0.632796 -0.822279 0.853078 28.817624 -1.604269 0.096295
Cyclist -1 -1 -10 344.000000 172.000000 443.000000 327.000000 1.741563 0.577394 1.793587 -2.382790 1.599001 8.141357 1.773084 0.997593
Cyclist -1 -1 -10 1026.000000 140.000000 1182.000000 370.000000 1.722323 0.508234 1.690182 4.836767 1.284671 6.759756 -1.548323 0.971694
Cyclist -1 -1 -10 703.000000 151.000000 761.000000 246.000000 1.704809 0.487968 1.739729 2.343134 1.222648 13.427297 -1.824581 0.944346
Cyclist -1 -1 -10 13.000000 174.000000 162.000000 356.000000 1.685277 0.666188 1.759466 -3.774494 1.504855 5.240938 -0.118139 0.606462
Cyclist -1 -1 -10 669.000000 157.000000 702.000000 214.000000 1.704429 0.679303 1.684540 2.656721 1.461112 23.761358 0.638235 0.106556
Cyclist -1 -1 -10 1056.000000 146.000000 1141.000000 319.000000 1.739861 0.491747 1.725317 4.752731 1.361922 6.879819 -1.387238 0.045100
Cyclist -1 -1 -10 1085.000000 177.000000 1227.000000 370.000000 1.669855 0.431712 1.651801 4.961153 1.259063 6.763012 -0.351154 0.012295
Cyclist -1 -1 -10 475.000000 161.000000 513.000000 234.000000 1.746513 0.496742 1.653288 -2.625190 1.258503 17.296413 2.409245 0.010573
Cyclist -1 -1 -10 657.000000 158.000000 688.000000 206.000000 1.669635 0.462034 1.471904 1.642338 1.394364 17.872654 -1.493306 0.010331
