Pedestrian -1 -1 -10 534.000000 174.000000 547.000000 210.000000 1.819412 0.657898 0.806621 -3.524442 1.889759 37.154123 0.482942 0.365590
Pedestrian -1 -1 -10 549.000000 172.000000 561.000000 206.000000 1.745365 0.618111 0.582434 -2.862041 1.892766 37.602669 0.988255 0.050519
Pedestrian -1 -1 -10 538.000000 175.000000 550.000000 201.000000 1.747691 0.627490 0.892266 -3.466897 1.690339 37.258262 -2.236951 0.031234
Pedestrian -1 -1 -10 525.000000 176.000000 551.000000 203.000000 1.825252 0.786029 0.887539 -3.486678 1.876083 37.181695 -1.796071 0.027651
Pedestrian -1 -1 -10 681.000000 164.000000 691.000000 199.000000 1.780124 0.629654 0.868978 4.204661 1.177545 39.905042 0.092398 0.024449
Pedestrian -1 -1 -10 544.000000 174.000000 555.000000 202.000000 1.705730 0.637387 0.631262 -2.964057 1.372365 37.715614 -2.171064 0.017476
Pedestrian -1 -1 -10 555.000000 172.000000 563.000000 201.000000 1.824629 0.492942 0.728147 -3.273281 2.197506 42.937280 2.466847 0.016598
Car -1 -1 -10 674.000000 171.000000 769.000000 249.000000 1.548133 1.587081 3.602472 2.501559 1.599096 16.861754 -1.582106 0.999146
Car -1 -1 -10 378.000000 181.000000 469.000000 247.000000 1.545232 1.623989 3.776933 -5.158780 1.860317 20.239056 1.549989 0.999052
Car -1 -1 -10 477.000000 181.000000 521.000000 213.000000 1.559399 1.659663 4.072155 -5.578280 1.967428 36.210644 1.560388 0.998769
Car -1 -1 -10 -1.000000 178.000000 288.000000 378.000000 1.717665 1.687837 4.106161 -4.606189 1.827929 6.353616 -1.574730 0.915496
Cyclist -1 -1 -10 533.000000 174.000000 548.000000 210.000000 1.800403 0.629896 1.859446 -3.472588 1.851403 37.169807 1.495585 0.924235
Cyclist -1 -1 -10 548.000000 171.000000 563.000000 209.000000 1.751017 0.648777 1.802690 -2.896927 1.822759 37.683439 1.564789 0.862048
Cyclist -1 -1 -10 536.000000 175.000000 561.000000 206.000000 1.816396 0.633233 1.877535 -3.206561 1.750387 37.530379 -0.692433 0.264295
Cyclist -1 -1 -10 555.000000 172.000000 563.000000 201.000000 1.749571 0.549911 1.640651 -3.743038 1.849160 52.085497 -1.664113 0.013319
Cyclist -1 -1 -10 546.000000 175.000000 556.000000 203.000000 1.620336 0.444553 1.477644 -1.379816 1.263476 14.895219 -1.684705 0.010593
