Pedestrian -1 -1 -10 760.000000 144.000000 818.000000 298.000000 1.744874 0.668766 0.908234 2.220228 1.363303 8.815009 -1.885230 0.998484
Pedestrian -1 -1 -10 1093.000000 139.000000 1198.000000 344.000000 1.742633 0.592255 0.932883 4.600494 1.430410 6.235801 3.335695 0.997668
Pedestrian -1 -1 -10 696.000000 158.000000 748.000000 305.000000 1.738228 0.547390 0.908548 1.307972 1.418142 8.500341 -1.943106 0.994681
Pedestrian -1 -1 -10 207.000000 167.000000 249.000000 280.000000 1.740571 0.695892 1.008357 -6.155369 1.504606 11.689664 -1.930258 0.994219
Pedestrian -1 -1 -10 1006.000000 135.000000 1056.000000 278.000000 1.755833 0.553841 0.891038 5.493686 1.252295 9.143089 3.245675 0.992407
Pedestrian -1 -1 -10 728.000000 154.000000 762.000000 266.000000 1.846010 0.657715 0.932667 2.254695 1.294898 11.422884 -2.380983 0.930938
Pedestrian -1 -1 -10 270.000000 169.000000 328.000000 306.000000 1.663815 0.704961 0.691641 -4.018621 1.554817 9.694491 0.131814 0.853420
Pedestrian -1 -1 -10 1129.000000 135.000000 1224.000000 310.000000 1.832911 0.630399 0.683280 6.052932 1.320965 7.571278 1.194951 0.748743
Pedestrian -1 -1 -10 236.000000 169.000000 278.000000 272.000000 1.779454 0.645992 0.608427 -5.766684 1.307194 11.450997 -1.537064 0.648822
Pedestrian -1 -1 -10 605.000000 163.000000 630.000000 236.000000 1.701344 0.644995 0.789520 0.262738 1.261873 17.312165 -2.148353 0.608364
Pedestrian -1 -1 -10 803.000000 142.000000 821.000000 217.000000 1.827397 0.594661 0.857405 4.769608 0.911624 16.243834 2.947528 0.603809
Pedestrian -1 -1 -10 242.000000 169.000000 310.000000 290.000000 1.753849 0.765808 0.651400 -4.479156 1.445119 9.742918 1.738698 0.239773
Pedestrian -1 -1 -10 228.000000 167.000000 265.000000 240.000000 1.723333 0.612777 0.622375 -6.775026 1.620549 13.763427 -1.411813 0.168665
Pedestrian -1 -1 -10 787.000000 150.000000 805.000000 212.000000 1.708707 0.549120 0.729855 4.430016 0.775810 16.243394 -0.776045 0.161093
Pedestrian -1 -1 -10 687.000000 172.000000 711.000000 234.000000 1.659771 0.545698 0.566211 2.254333 1.457812 19.500174 0.728839 0.158695
Pedestrian -1 -1 -10 691.000000 167.000000 730.000000 254.000000 1.744193 0.649831 0.648654 2.367322 1.393811 16.404987 -1.949544 0.156464
Pedestrian -1 -1 -10 794.000000 143.000000 813.000000 218.000000 1.796085 0.521367 0.761366 4.621045 0.842244 16.317135 -0.803686 0.089670
Car -1 -1 -10 378.000000 156.000000 475.000000 230.000000 1.917250 1.791288 4.217728 -4.904286 1.296206 21.135092 1.528952 0.983668
Car -1 -1 -10 430.000000 159.000000 497.000000 216.000000 1.788535 1.648040 3.985712 -5.131574 0.983903 27.724105 1.528310 0.523517
Car -1 -1 -10 511.000000 162.000000 566.000000 213.000000 1.658331 1.708613 3.952362 -2.344101 0.996840 26.893824 1.483750 0.474985
Cyclist -1 -1 -10 267.000000 169.000000 326.000000 306.000000 1.700614 0.513356 1.788105 -4.054826 1.557411 9.381902 1.513961 0.636379
Cyclist -1 -1 -10 235.000000 171.000000 296.000000 276.000000 1.670601 0.548282 1.652977 -4.627661 1.314850 9.805634 0.674418 0.139198
Cyclist -1 -1 -10 227.000000 164.000000 261.000000 232.000000 1.705720 0.476916 1.458277 -5.452802 1.362357 10.779995 -2.045606 0.038082
Cyclist -1 -1 -10 691.000000 166.000000 721.000000 239.000000 1.680129 0.498670 1.691589 2.539134 1.272834 17.916187 2.791291 0.021964
Cyclist -1 -1 -10 1122.000000 136.000000 1220.000000 317.000000 1.682571 0.547426 1.803374 6.006941 1.146712 7.480314 -0.849883 0.016678
Cyclist -1 -1 -10 694.000000 159.000000 748.000000 304.000000 1.805815 0.520624 1.820104 1.309505 1.528059 8.465691 -1.963690 0.011921
