Pedestrian -1 -1 -10 289.000000 155.000000 376.000000 359.000000 1.822626 0.701783 0.901877 -2.558282 1.638001 6.813685 1.332230 0.997987
Pedestrian -1 -1 -10 623.000000 168.000000 667.000000 303.000000 1.737389 0.615353 0.788164 0.491692 1.581729 9.358030 2.739750 0.996729
Pedestrian -1 -1 -10 907.000000 122.000000 1036.000000 372.000000 1.798117 0.678905 0.852556 2.757586 1.385291 5.514983 2.076982 0.984632
Pedestrian -1 -1 -10 551.000000 169.000000 572.000000 229.000000 1.750950 0.618725 0.940718 -1.249111 1.332133 21.473850 -1.660264 0.979238
Pedestrian -1 -1 -10 513.000000 171.000000 534.000000 224.000000 1.743235 0.623784 0.885452 -2.544235 1.347248 23.134079 -1.822705 0.957316
Pedestrian -1 -1 -10 977.000000 139.000000 1101.000000 367.000000 1.828521 0.606665 0.933113 3.515630 1.461515 5.832817 -2.070237 0.942658
Pedestrian -1 -1 -10 583.000000 170.000000 603.000000 226.000000 1.779497 0.653088 0.907074 -0.247804 1.421784 21.816051 1.979670 0.713650
Pedestrian -1 -1 -10 487.000000 169.000000 505.000000 224.000000 1.713273 0.603741 0.684884 -3.496156 1.312818 23.366769 1.538329 0.693082
Pedestrian -1 -1 -10 468.000000 172.000000 489.000000 226.000000 1.737069 0.687038 0.794202 -4.073433 1.400236 23.613780 1.251614 0.475903
Pedestrian -1 -1 -10 597.000000 171.000000 614.000000 225.000000 1.749239 0.633909 0.758779 0.210632 1.434368 22.992902 1.591914 0.311583
Pedestrian -1 -1 -10 818.000000 130.000000 1125.000000 366.000000 1.785455 0.613655 0.917536 2.407966 1.462235 5.295100 0.930347 0.308134
Pedestrian -1 -1 -10 223.000000 198.000000 264.000000 293.000000 1.731321 0.615732 0.511620 -5.067411 1.776525 10.730002 2.563422 0.298018
Pedestrian -1 -1 -10 576.000000 168.000000 595.000000 222.000000 1.803321 0.712617 0.708807 -0.549182 1.313413 22.396580 -0.969999 0.184531
Pedestrian -1 -1 -10 285.000000 190.000000 322.000000 293.000000 1.736135 0.547792 0.768782 -4.183710 1.750543 9.826051 -1.580796 0.081197
Pedestrian -1 -1 -10 353.000000 192.000000 393.000000 302.000000 1.735598 0.481045 0.699247 -3.014199 1.870344 9.680784 1.759744 0.057570
Pedestrian -1 -1 -10 199.000000 203.000000 238.000000 286.000000 1.706963 0.625927 0.672422 -6.586849 1.797232 12.020231 -2.622274 0.032741
Cyclist -1 -1 -10 399.000000 169.000000 482.000000 335.000000 1.751309 0.640005 1.810894 -1.801288 1.618906 7.978965 1.553921 0.998838
Cyclist -1 -1 -10 862.000000 132.000000 1077.000000 368.000000 1.780296 0.640926 1.824754 3.030185 1.376718 5.570023 2.478625 0.714532
Cyclist -1 -1 -10 975.000000 141.000000 1098.000000 368.000000 1.834047 0.513293 1.819745 3.359568 1.379142 5.774173 2.655619 0.392343
Cyclist -1 -1 -10 617.000000 177.000000 648.000000 234.000000 1.693880 0.508966 1.554866 0.817109 1.268174 24.573854 1.157358 0.231971
Cyclist -1 -1 -10 620.000000 170.000000 667.000000 295.000000 1.750698 0.531426 1.730116 0.549017 1.609796 9.595071 -0.572952 0.204143
Cyclist -1 -1 -10 513.000000 171.000000 535.000000 224.000000 1.789763 0.547505 1.749068 -2.688276 1.439771 23.242983 -1.811589 0.018096
Cyclist -1 -1 -10 283.000000 191.000000 323.000000 283.000000 1.723552 0.576688 1.518097 -6.222360 1.708318 14.336038 0.231840 0.010441
