Car -1 -1 -10 680.000000 183.000000 784.000000 255.000000 1.450110 1.637101 4.005040 2.685594 1.719928 16.755592 -1.555720 0.999271
Car -1 -1 -10 -13.000000 177.000000 315.000000 318.000000 1.526746 1.643153 4.058503 -6.020785 1.611184 8.872160 -0.017033 0.996827
Car -1 -1 -10 748.000000 179.000000 886.000000 232.000000 1.474841 1.592875 3.875209 6.529449 1.740668 21.905555 0.039055 0.977369
Car -1 -1 -10 424.000000 174.000000 525.000000 211.000000 1.475296 1.607934 4.216999 -6.169939 1.584559 30.925212 -3.127608 0.972728
Car -1 -1 -10 271.000000 173.000000 471.000000 241.000000 1.502186 1.651309 3.984770 -5.835924 1.578013 18.186013 -0.140640 0.954885
Car -1 -1 -10 696.000000 176.000000 772.000000 214.000000 1.505380 1.597519 4.001111 6.078803 1.356558 35.259803 -0.012413 0.872538
Car -1 -1 -10 670.000000 176.000000 728.000000 203.000000 1.708419 1.670744 3.792966 5.584621 1.876798 46.007086 -0.010091 0.738726
Car -1 -1 -10 364.000000 173.000000 498.000000 222.000000 1.545421 1.590495 3.826991 -4.621741 1.383787 23.177165 -1.819671 0.659909
Car -1 -1 -10 183.000000 175.000000 363.000000 256.000000 1.566933 1.566037 3.865461 -7.387202 1.386766 15.735438 -3.229654 0.501898
Car -1 -1 -10 1120.000000 228.000000 1236.000000 371.000000 1.535019 1.602923 3.769471 2.655267 1.348869 0.934291 -1.511387 0.254526
Car -1 -1 -10 247.000000 170.000000 363.000000 234.000000 1.530773 1.565669 3.836425 -8.271053 0.896224 20.493690 0.038854 0.045076
Car -1 -1 -10 463.000000 172.000000 540.000000 201.000000 1.567725 1.645325 3.921981 -6.453843 1.341783 40.405311 -3.251265 0.043621
