Pedestrian -1 -1 -10 682.000000 175.000000 689.000000 207.000000 1.744976 0.623400 0.652917 4.321877 1.836984 41.358899 -1.408547 0.029940
Pedestrian -1 -1 -10 2.000000 205.000000 248.000000 367.000000 1.740990 0.638716 0.926637 -2.630288 1.973888 3.471403 -1.632717 0.011205
Car -1 -1 -10 416.000000 189.000000 528.000000 270.000000 1.497964 1.620901 3.951483 -2.828637 1.822037 15.366019 -1.596201 0.999337
Car -1 -1 -10 760.000000 197.000000 1068.000000 376.000000 1.437963 1.601952 3.868400 2.825910 1.716303 7.710087 -1.602212 0.998834
Car -1 -1 -10 504.000000 181.000000 559.000000 227.000000 1.519212 1.678399 4.249208 -2.779255 1.782187 26.375727 1.600390 0.997804
Car -1 -1 -10 642.000000 176.000000 681.000000 209.000000 1.544544 1.626165 3.845478 2.528646 1.695152 36.029199 -1.572756 0.997150
Car -1 -1 -10 697.000000 183.000000 840.000000 284.000000 1.494798 1.603409 3.728828 2.662893 1.768182 13.049612 -1.648580 0.993443
Car -1 -1 -10 0.000000 208.000000 260.000000 369.000000 1.487339 1.603469 3.815716 -3.107676 1.714567 2.894306 -1.561285 0.955788
Car -1 -1 -10 678.000000 165.000000 777.000000 249.000000 1.774700 1.625575 3.826858 2.706897 1.618197 17.739518 -1.640050 0.933876
Car -1 -1 -10 913.000000 201.000000 1241.000000 374.000000 1.513673 1.609719 3.723604 2.790014 1.684364 2.800015 -1.609490 0.627611
Car -1 -1 -10 631.000000 174.000000 661.000000 200.000000 1.534568 1.570338 3.554839 2.519083 2.353455 47.816673 1.607409 0.092348
Cyclist -1 -1 -10 18.000000 211.000000 246.000000 371.000000 1.718814 0.627477 1.855534 -2.650412 1.858171 3.405612 -1.535556 0.010264
