Car -1 -1 -10 781.000000 199.000000 1108.000000 374.000000 1.456106 1.558295 3.534486 2.945655 1.729771 7.303764 -1.659166 0.999613
Car -1 -1 -10 678.000000 181.000000 778.000000 254.000000 1.499690 1.640068 4.032126 2.611203 1.710776 17.023409 -1.617018 0.999284
Car -1 -1 -10 163.000000 182.000000 387.000000 267.000000 1.593324 1.594610 3.881392 -6.656389 1.861099 15.163656 0.028170 0.991010
Car -1 -1 -10 16.000000 191.000000 345.000000 297.000000 1.459974 1.601900 3.867099 -6.555249 1.703888 10.665920 -3.153257 0.990592
Car -1 -1 -10 308.000000 182.000000 483.000000 238.000000 1.462152 1.612845 4.103473 -6.107355 1.795693 20.805372 0.055267 0.985518
Car -1 -1 -10 -3.000000 194.000000 220.000000 346.000000 1.520316 1.590757 4.062533 -6.662204 1.789575 8.168173 -3.239420 0.964681
Car -1 -1 -10 659.000000 179.000000 713.000000 218.000000 1.449446 1.618979 4.010403 2.997452 1.716348 27.986857 -1.588203 0.956460
Car -1 -1 -10 639.000000 171.000000 674.000000 198.000000 1.587983 1.657203 3.887096 3.577255 1.574686 46.700515 -1.536207 0.921821
Car -1 -1 -10 5.000000 198.000000 112.000000 372.000000 1.465816 1.591906 3.932533 -6.529121 1.717491 5.882991 -0.030489 0.492903
Car -1 -1 -10 378.000000 174.000000 475.000000 222.000000 1.520948 1.598054 3.859768 -6.171046 1.587075 23.378435 -3.246130 0.422673
Car -1 -1 -10 482.000000 174.000000 545.000000 202.000000 1.544670 1.590154 3.678152 -5.856472 1.519873 42.403794 0.094061 0.019367
