Pedestrian -1 -1 -10 221.000000 153.000000 269.000000 298.000000 1.737142 0.730181 0.688203 -4.610039 1.503106 9.023029 -1.589853 0.983555
Pedestrian -1 -1 -10 290.000000 163.000000 323.000000 279.000000 1.648946 0.555310 0.785541 -5.114964 1.309610 11.798446 2.091677 0.852116
Pedestrian -1 -1 -10 265.000000 160.000000 334.000000 284.000000 1.718729 0.587154 0.613933 -5.540103 1.227105 12.038406 0.124010 0.531298
Pedestrian -1 -1 -10 242.000000 158.000000 310.000000 299.000000 1.753955 0.620886 0.573820 -4.627855 1.381585 9.463063 -1.558891 0.486073
Pedestrian -1 -1 -10 173.000000 157.000000 335.000000 290.000000 1.760515 0.700419 0.929327 -5.201469 1.414239 10.301817 -2.081124 0.116289
Pedestrian -1 -1 -10 130.000000 177.000000 384.000000 359.000000 1.800817 0.711560 1.128311 -2.248411 1.952621 4.284337 -3.175399 0.094458
Pedestrian -1 -1 -10 230.000000 156.000000 424.000000 298.000000 1.750015 0.568819 0.639483 -3.010118 1.785099 8.612064 -2.450342 0.083459
Pedestrian -1 -1 -10 212.000000 168.000000 247.000000 314.000000 1.687101 0.600429 0.680860 -4.848260 1.438155 9.206027 2.013647 0.069729
Pedestrian -1 -1 -10 281.000000 172.000000 368.000000 270.000000 1.691343 0.597514 0.629203 -3.672118 1.537661 9.608526 2.589907 0.039489
Car -1 -1 -10 663.000000 173.000000 749.000000 235.000000 1.475929 1.621719 3.893299 2.360835 1.459318 18.875103 -1.600802 0.998978
Car -1 -1 -10 520.000000 171.000000 561.000000 210.000000 1.573266 1.671314 3.959557 -3.079488 1.587459 32.608762 -1.648683 0.996598
Car -1 -1 -10 639.000000 171.000000 689.000000 210.000000 1.586199 1.638891 3.973103 2.340924 1.496776 31.455122 -1.646365 0.988612
Car -1 -1 -10 269.000000 179.000000 447.000000 289.000000 1.524247 1.621339 3.788063 -3.730109 1.719206 9.806634 -1.615641 0.972350
Car -1 -1 -10 0.000000 186.000000 426.000000 370.000000 1.523048 1.629630 3.980205 -2.774211 1.670580 5.358529 -1.556939 0.956070
Car -1 -1 -10 859.000000 176.000000 1229.000000 374.000000 1.504095 1.597911 3.736633 2.484466 1.482055 2.998843 -1.569745 0.928564
Car -1 -1 -10 630.000000 171.000000 668.000000 203.000000 1.489785 1.600439 3.785437 2.090501 1.584119 36.623120 -1.651162 0.553679
Car -1 -1 -10 544.000000 174.000000 569.000000 199.000000 1.541850 1.635190 3.785031 -3.055300 1.604155 46.264793 -1.632696 0.243775
Car -1 -1 -10 194.000000 165.000000 349.000000 318.000000 1.565572 1.569297 3.759288 -4.313155 1.414817 9.100263 -2.052044 0.077668
Car -1 -1 -10 625.000000 168.000000 656.000000 196.000000 1.654419 1.675941 3.892256 2.160919 1.293195 47.859249 -1.555132 0.050833
Cyclist -1 -1 -10 274.000000 176.000000 448.000000 294.000000 1.674581 0.615220 1.702384 -2.947239 1.639360 8.950018 1.703960 0.229681
Cyclist -1 -1 -10 274.000000 172.000000 357.000000 275.000000 1.699250 0.679749 1.706653 -5.176755 1.446224 12.203624 0.621103 0.183100
Cyclist -1 -1 -10 194.000000 157.000000 341.000000 301.000000 1.760998 0.610179 1.549122 -5.545996 0.959314 11.529957 0.414105 0.150282
Cyclist -1 -1 -10 293.000000 166.000000 326.000000 285.000000 1.671569 0.472754 1.656958 -4.767245 1.047567 11.626097 -2.430794 0.090555
Cyclist -1 -1 -10 211.000000 153.000000 280.000000 311.000000 1.715930 0.628252 1.751841 -4.755393 1.252752 9.284127 2.133057 0.056662
Cyclist -1 -1 -10 130.000000 177.000000 384.000000 359.000000 1.767976 0.643308 1.900497 -2.328878 1.771089 4.261863 -1.505980 0.020633
