Car -1 -1 -10 599.000000 205.000000 1037.000000 376.000000 1.504905 1.550754 3.625786 1.342133 1.837679 6.005581 -1.980219 0.999209
Car -1 -1 -10 491.000000 216.000000 719.000000 344.000000 1.474313 1.655371 3.831122 -0.437140 2.024772 10.295345 -1.991668 0.999194
Car -1 -1 -10 374.000000 203.000000 469.000000 273.000000 1.551656 1.612190 3.666351 -5.224225 2.375692 19.146881 -2.002672 0.993695
Car -1 -1 -10 124.000000 209.000000 206.000000 270.000000 1.653003 1.668359 4.031595 -14.996278 2.950146 24.104037 -2.106967 0.991908
Car -1 -1 -10 427.000000 212.000000 562.000000 296.000000 1.425157 1.595259 3.849126 -2.529567 2.191593 14.471692 -2.029359 0.985090
Car -1 -1 -10 25.000000 230.000000 158.000000 323.000000 1.448563 1.619154 3.813023 -7.300607 2.141372 8.407080 -2.076218 0.983420
Car -1 -1 -10 330.000000 210.000000 383.000000 250.000000 1.512745 1.604794 3.856045 -10.737372 2.999498 30.508139 -2.034734 0.974850
Car -1 -1 -10 351.000000 207.000000 424.000000 261.000000 1.577862 1.540291 3.321957 -7.242640 2.405763 19.466826 -1.268888 0.755626
Car -1 -1 -10 189.000000 214.000000 231.000000 241.000000 1.448978 1.580333 3.505984 -9.983420 2.441191 18.232398 1.904028 0.736207
Car -1 -1 -10 0.000000 233.000000 106.000000 367.000000 1.510442 1.603380 3.824461 -6.710902 2.218526 7.397957 1.257316 0.414528
Car -1 -1 -10 317.000000 211.000000 356.000000 241.000000 1.476488 1.624916 3.763005 -12.599488 3.163430 35.473820 -1.275500 0.105710
