Car -1 -1 -10 708.000000 185.000000 893.000000 302.000000 1.459256 1.663740 4.058824 2.718178 1.625374 11.161462 -1.560562 0.999480
Car -1 -1 -10 392.000000 173.000000 512.000000 216.000000 1.472330 1.600201 4.095298 -6.139146 1.675906 25.153801 -3.169158 0.993619
Car -1 -1 -10 783.000000 180.000000 987.000000 252.000000 1.484254 1.630754 3.942368 6.404134 1.702292 16.252973 0.133529 0.984181
Car -1 -1 -10 0.000000 169.000000 238.000000 316.000000 1.479660 1.628384 4.095422 -6.869000 1.489582 8.320869 0.473036 0.973679
Car -1 -1 -10 38.000000 171.000000 436.000000 272.000000 1.501201 1.623661 4.163689 -6.047362 1.542863 12.346973 -0.133454 0.971751
Car -1 -1 -10 679.000000 176.000000 745.000000 203.000000 1.547845 1.671378 3.847072 5.713873 1.750031 40.286240 -0.001120 0.938824
Car -1 -1 -10 721.000000 177.000000 802.000000 215.000000 1.495689 1.566858 3.840345 6.408528 1.664045 29.862570 -0.020564 0.877125
Car -1 -1 -10 1114.000000 235.000000 1241.000000 371.000000 1.499814 1.622124 3.948862 4.566081 1.296339 4.520921 2.258498 0.403316
Car -1 -1 -10 298.000000 175.000000 500.000000 224.000000 1.506422 1.599048 3.994475 -6.405298 1.591355 23.598023 -3.003854 0.306031
Car -1 -1 -10 439.000000 170.000000 525.000000 208.000000 1.716908 1.635729 3.888085 -6.133363 1.581839 34.545413 -3.160533 0.281283
Cyclist -1 -1 -10 1119.000000 236.000000 1242.000000 371.000000 1.641120 0.631944 1.728797 3.269707 1.804383 3.901898 -0.978574 0.036033
