Pedestrian -1 -1 -10 738.000000 155.000000 786.000000 304.000000 1.763249 0.611726 0.835585 1.796586 1.384406 8.366825 1.248506 0.993336
Pedestrian -1 -1 -10 820.000000 139.000000 880.000000 340.000000 1.743623 0.574445 0.878789 2.312001 1.470133 6.958373 -1.656213 0.991026
Pedestrian -1 -1 -10 863.000000 155.000000 944.000000 376.000000 1.695800 0.581762 0.897563 2.212381 1.433366 5.437642 -1.601444 0.988949
Pedestrian -1 -1 -10 706.000000 161.000000 750.000000 283.000000 1.703571 0.620621 0.750803 1.714997 1.370102 9.904129 -1.428914 0.972798
Pedestrian -1 -1 -10 660.000000 157.000000 677.000000 205.000000 1.762164 0.631243 0.824492 2.427802 0.865146 25.770721 -2.535909 0.957375
Pedestrian -1 -1 -10 574.000000 148.000000 609.000000 239.000000 1.810215 0.687325 0.979212 -0.212809 1.128810 15.224143 -2.548253 0.933206
Pedestrian -1 -1 -10 673.000000 156.000000 691.000000 205.000000 1.699660 0.645290 0.886037 2.891360 0.727786 25.866773 -1.457623 0.923564
Pedestrian -1 -1 -10 779.000000 164.000000 818.000000 288.000000 1.793935 0.740003 0.558199 2.720629 1.571437 10.181401 0.313840 0.916035
Pedestrian -1 -1 -10 3.000000 133.000000 127.000000 373.000000 1.707572 0.560389 0.658712 -2.853509 1.409580 3.453318 2.067747 0.889653
Pedestrian -1 -1 -10 812.000000 145.000000 847.000000 271.000000 1.710689 0.545466 0.699588 3.656641 0.990046 10.900369 0.838606 0.634648
Pedestrian -1 -1 -10 842.000000 151.000000 905.000000 353.000000 1.804010 0.614823 0.741681 2.236491 1.397819 5.609031 -0.173999 0.534248
Pedestrian -1 -1 -10 823.000000 150.000000 861.000000 281.000000 1.728642 0.607463 0.649297 3.535213 1.020830 10.785647 2.891540 0.316562
Pedestrian -1 -1 -10 726.000000 162.000000 770.000000 271.000000 1.769930 0.675130 0.682138 1.807828 1.367040 8.503900 -1.873922 0.160064
Car -1 -1 -10 529.000000 160.000000 587.000000 206.000000 1.547906 1.641585 3.935541 -1.587660 0.836467 26.065102 1.576412 0.990677
Car -1 -1 -10 548.000000 157.000000 607.000000 217.000000 1.565928 1.621129 3.833148 -1.438707 0.915906 26.037384 1.504888 0.018058
Cyclist -1 -1 -10 572.000000 149.000000 611.000000 237.000000 1.802113 0.575444 1.753432 -0.282581 1.133629 15.136674 -1.567429 0.850460
Cyclist -1 -1 -10 822.000000 155.000000 935.000000 327.000000 1.694915 0.516515 1.711183 2.309248 1.395117 5.498731 1.359955 0.043926
Cyclist -1 -1 -10 548.000000 157.000000 607.000000 217.000000 1.697031 0.481972 1.444753 -0.791518 1.277098 24.851204 -1.636747 0.024798
Cyclist -1 -1 -10 2.000000 131.000000 124.000000 374.000000 1.681049 0.631951 1.749065 -3.088351 1.298432 3.421036 2.451419 0.020242
Cyclist -1 -1 -10 811.000000 146.000000 862.000000 279.000000 1.814634 0.578234 1.787792 3.519867 1.299489 10.910515 -1.696850 0.016543
