Pedestrian -1 -1 -10 684.000000 153.000000 744.000000 264.000000 1.812460 0.663810 1.032475 1.784308 1.356098 12.092361 1.081603 0.997437
Pedestrian -1 -1 -10 413.000000 152.000000 467.000000 286.000000 1.853544 0.638880 0.859405 -2.539686 1.405992 10.165005 0.176768 0.993228
Pedestrian -1 -1 -10 105.000000 174.000000 133.000000 273.000000 1.760370 0.585761 0.647692 -9.837481 1.554855 14.180194 0.001513 0.862793
Pedestrian -1 -1 -10 960.000000 147.000000 983.000000 211.000000 1.722231 0.626132 0.898920 10.600062 0.789875 20.472700 -1.044667 0.620034
Pedestrian -1 -1 -10 62.000000 169.000000 91.000000 270.000000 1.716971 0.624352 0.626231 -9.696363 0.969654 12.939065 -2.748097 0.432391
Pedestrian -1 -1 -10 84.000000 178.000000 114.000000 280.000000 1.753276 0.503184 0.856808 -9.795734 1.678142 13.724590 0.039400 0.335939
Pedestrian -1 -1 -10 61.000000 175.000000 140.000000 278.000000 1.784595 0.570914 1.145822 -9.946534 1.466852 13.960395 0.115210 0.224908
Pedestrian -1 -1 -10 794.000000 155.000000 807.000000 187.000000 1.799846 0.581816 0.920892 12.149985 0.298420 43.933619 -1.673766 0.088875
Pedestrian -1 -1 -10 1099.000000 145.000000 1138.000000 192.000000 1.758554 0.640639 0.907311 17.920241 0.467936 24.831453 0.673712 0.086122
Pedestrian -1 -1 -10 366.000000 164.000000 454.000000 262.000000 1.677049 0.630465 0.816898 -3.513482 1.406350 12.008473 -0.726073 0.033504
Pedestrian -1 -1 -10 115.000000 180.000000 147.000000 272.000000 1.734319 0.534764 0.631782 -9.797657 1.600151 14.431689 0.456438 0.023637
Pedestrian -1 -1 -10 49.000000 170.000000 82.000000 276.000000 1.656434 0.557844 0.693933 -8.948288 1.839192 11.551732 -0.512079 0.012218
Car -1 -1 -10 -5.000000 190.000000 389.000000 370.000000 1.459139 1.597494 3.831915 -3.196947 1.614147 5.636288 -1.581991 0.993831
Cyclist -1 -1 -10 348.000000 160.000000 479.000000 270.000000 1.701163 0.686332 1.844259 -3.445328 1.379715 11.905027 -0.280837 0.993720
Cyclist -1 -1 -10 959.000000 146.000000 984.000000 210.000000 1.770452 0.542293 1.848639 10.640338 0.842731 20.583160 -1.085209 0.912633
Cyclist -1 -1 -10 397.000000 161.000000 454.000000 274.000000 1.782323 0.437315 1.614637 -2.486811 1.411825 10.622713 0.299339 0.344762
Cyclist -1 -1 -10 1099.000000 146.000000 1138.000000 193.000000 1.829249 0.506015 1.690050 18.215790 0.514697 25.080273 -0.435834 0.150985
Cyclist -1 -1 -10 374.000000 171.000000 451.000000 233.000000 1.702804 0.498868 1.535561 -5.410260 1.676188 17.051578 -1.839101 0.060920
Cyclist -1 -1 -10 406.000000 169.000000 449.000000 218.000000 1.709591 0.522438 1.563855 -4.951590 1.343447 18.705933 -1.856952 0.016594
Cyclist -1 -1 -10 44.000000 176.000000 154.000000 278.000000 1.771505 0.633816 1.853312 -9.948620 1.363492 13.660804 0.017504 0.016455
