Pedestrian -1 -1 -10 851.000000 143.000000 904.000000 278.000000 1.782756 0.633864 0.913981 3.621184 1.247482 9.529040 -1.624410 0.998415
Pedestrian -1 -1 -10 567.000000 161.000000 600.000000 254.000000 1.743789 0.560371 0.864066 -0.359478 1.403212 13.392607 -0.632738 0.994589
Pedestrian -1 -1 -10 485.000000 158.000000 522.000000 250.000000 1.769299 0.690047 0.972672 -1.980923 1.345716 14.588257 1.492178 0.985194
Pedestrian -1 -1 -10 728.000000 145.000000 786.000000 279.000000 1.815738 0.627933 0.847178 2.223715 1.392833 10.208063 3.277864 0.968589
Pedestrian -1 -1 -10 3.000000 151.000000 209.000000 374.000000 1.666927 0.682744 0.735395 -2.476632 1.472041 3.587329 1.411309 0.968312
Pedestrian -1 -1 -10 359.000000 159.000000 398.000000 269.000000 1.779941 0.599548 0.751780 -4.210370 1.321250 13.257958 -1.872585 0.326883
Pedestrian -1 -1 -10 543.000000 164.000000 562.000000 209.000000 1.711245 0.629121 0.815354 -1.812177 1.000648 26.557235 -1.641951 0.169578
Pedestrian -1 -1 -10 568.000000 163.000000 586.000000 228.000000 1.708827 0.530243 0.491132 -0.881650 0.997072 24.897083 -1.450254 0.160017
Pedestrian -1 -1 -10 600.000000 163.000000 616.000000 213.000000 1.702123 0.572311 0.695494 0.154968 1.031819 24.849333 -1.624293 0.145346
Pedestrian -1 -1 -10 533.000000 165.000000 560.000000 221.000000 1.810039 0.563356 0.799004 -1.013835 1.082649 11.101664 0.022240 0.090300
Pedestrian -1 -1 -10 522.000000 165.000000 553.000000 235.000000 1.708125 0.777123 0.510247 -1.694571 1.303765 18.448923 1.527492 0.079486
Pedestrian -1 -1 -10 586.000000 162.000000 602.000000 215.000000 1.761355 0.578799 0.715534 -0.295176 1.062639 25.781742 2.617587 0.061836
Pedestrian -1 -1 -10 -1.000000 190.000000 94.000000 373.000000 1.763844 0.553616 0.696980 -2.691832 1.655759 3.656609 1.909256 0.045974
Pedestrian -1 -1 -10 658.000000 157.000000 690.000000 217.000000 1.797432 0.644189 0.698084 1.712433 1.753528 19.193321 1.703330 0.031310
Pedestrian -1 -1 -10 514.000000 159.000000 528.000000 210.000000 1.852891 0.638617 0.656194 -3.461848 0.978594 30.795960 1.525837 0.024139
Pedestrian -1 -1 -10 649.000000 158.000000 676.000000 206.000000 1.793232 0.678080 0.787522 2.364906 0.829729 28.679034 -1.672893 0.020662
Pedestrian -1 -1 -10 811.000000 151.000000 826.000000 209.000000 1.754621 0.573495 0.757016 5.608716 0.851013 18.680480 2.843542 0.018715
Pedestrian -1 -1 -10 409.000000 177.000000 434.000000 249.000000 1.757852 0.506543 0.731142 -4.027227 1.711853 15.421555 1.303191 0.016563
Pedestrian -1 -1 -10 593.000000 161.000000 609.000000 214.000000 1.770674 0.565518 0.821098 -0.066579 1.038389 25.576238 2.162485 0.016366
Pedestrian -1 -1 -10 844.000000 154.000000 861.000000 207.000000 1.785418 0.627934 0.722162 5.226360 0.995530 15.025506 3.013897 0.012476
Cyclist -1 -1 -10 521.000000 164.000000 553.000000 234.000000 1.718819 0.573978 1.782654 -1.706194 1.291688 18.378787 1.534967 0.976814
Cyclist -1 -1 -10 -3.000000 153.000000 211.000000 374.000000 1.694198 0.634833 1.680680 -2.502018 1.443760 3.517258 1.520134 0.883897
Cyclist -1 -1 -10 717.000000 146.000000 798.000000 281.000000 1.737196 0.499001 1.751197 2.080988 1.348058 10.169592 -1.870226 0.758968
Cyclist -1 -1 -10 657.000000 160.000000 694.000000 216.000000 1.715399 0.583787 1.692049 1.895874 1.502401 20.598573 3.070422 0.530683
Cyclist -1 -1 -10 -3.000000 182.000000 103.000000 371.000000 1.706562 0.586536 1.655957 -2.566141 1.521170 3.874634 1.883468 0.218600
Cyclist -1 -1 -10 533.000000 165.000000 560.000000 221.000000 1.661838 0.445055 1.448927 -1.498633 1.655039 18.351393 -1.661938 0.167742
Cyclist -1 -1 -10 649.000000 158.000000 676.000000 206.000000 1.683611 0.626643 1.708903 2.266173 0.479749 29.194234 -1.550117 0.020952
Cyclist -1 -1 -10 484.000000 158.000000 523.000000 249.000000 1.807326 0.602357 1.800816 -2.078880 1.391652 14.802586 1.787595 0.019665
Cyclist -1 -1 -10 567.000000 161.000000 600.000000 253.000000 1.788118 0.544671 1.778053 -0.353507 1.413939 13.553137 -2.015229 0.010017
