Pedestrian -1 -1 -10 384.000000 177.000000 451.000000 290.000000 1.700914 0.619840 0.633755 -3.183695 2.293324 11.097177 -1.271318 0.015513
Car -1 -1 -10 631.000000 177.000000 667.000000 208.000000 1.490088 1.626813 3.718343 1.907605 1.705964 37.764795 1.497711 0.999600
Car -1 -1 -10 470.000000 182.000000 542.000000 238.000000 1.450017 1.570268 3.785910 -3.004529 1.773442 20.954021 -1.537478 0.999173
Car -1 -1 -10 553.000000 170.000000 580.000000 195.000000 1.658512 1.650789 3.864071 -3.357925 1.585826 56.369315 1.581493 0.998567
Car -1 -1 -10 771.000000 198.000000 1172.000000 376.000000 1.461384 1.616011 3.686422 2.397123 1.653100 5.745497 -1.519393 0.992620
Car -1 -1 -10 356.000000 177.000000 498.000000 284.000000 1.634835 1.680263 3.931129 -3.103328 1.698232 12.961467 1.541156 0.960496
Car -1 -1 -10 0.000000 177.000000 134.000000 356.000000 1.501637 1.646325 4.314450 -7.470357 1.570101 6.679593 -3.286118 0.181461
Car -1 -1 -10 629.000000 171.000000 650.000000 197.000000 1.573057 1.670541 3.768750 2.476961 1.458586 55.777718 -1.538505 0.113492
Car -1 -1 -10 380.000000 175.000000 447.000000 270.000000 1.525255 1.554240 3.982181 -3.413519 1.629931 13.074465 1.326920 0.018192
Cyclist -1 -1 -10 332.000000 171.000000 470.000000 374.000000 1.752687 0.636754 1.777145 -1.575250 1.644659 5.666506 1.648974 0.999739
Cyclist -1 -1 -10 365.000000 171.000000 493.000000 296.000000 1.710127 0.710725 1.750222 -2.596808 1.816688 11.848295 1.836956 0.692370
