Pedestrian -1 -1 -10 157.000000 170.000000 184.000000 258.000000 1.766775 0.745938 0.799617 -12.114828 1.558272 19.788055 -1.646483 0.749265
Car -1 -1 -10 658.000000 179.000000 726.000000 236.000000 1.739433 1.692341 4.147208 2.719034 2.045140 24.764991 -1.608243 0.997303
Car -1 -1 -10 363.000000 185.000000 482.000000 238.000000 1.561824 1.613335 4.087606 -6.301978 2.038794 22.776224 0.099869 0.996218
Car -1 -1 -10 268.000000 186.000000 445.000000 253.000000 1.541965 1.609498 3.926490 -6.596237 1.857447 18.761651 0.569793 0.967616
Car -1 -1 -10 803.000000 209.000000 1241.000000 377.000000 1.459627 1.638643 4.103265 2.922890 1.764701 5.163424 -1.592916 0.960488
Car -1 -1 -10 402.000000 180.000000 504.000000 226.000000 1.546859 1.606631 3.930854 -6.702028 2.035538 28.962874 -3.172979 0.537630
Car -1 -1 -10 642.000000 185.000000 691.000000 221.000000 1.462809 1.597584 3.802901 2.602439 2.109928 35.745072 -1.591016 0.259774
Car -1 -1 -10 -2.000000 193.000000 191.000000 281.000000 1.524342 1.521545 3.220104 -8.790977 1.417285 12.064398 0.954773 0.161173
Car -1 -1 -10 439.000000 181.000000 521.000000 216.000000 1.531956 1.590251 3.695356 -5.720641 1.473480 34.335383 1.858369 0.139106
Car -1 -1 -10 467.000000 181.000000 540.000000 208.000000 1.564409 1.429076 2.793796 -6.578193 2.344239 48.705479 -1.063393 0.041960
Car -1 -1 -10 129.000000 193.000000 264.000000 252.000000 1.634316 1.518932 3.630426 -9.167393 1.426681 14.906353 0.944484 0.016495
