Car -1 -1 -10 724.000000 193.000000 898.000000 306.000000 1.435548 1.555182 3.588217 2.862642 1.719138 11.109247 -1.684866 0.999556
Car -1 -1 -10 660.000000 184.000000 740.000000 242.000000 1.499691 1.625034 3.950717 2.415081 1.800399 20.691479 -1.610043 0.999217
Car -1 -1 -10 1.000000 192.000000 261.000000 325.000000 1.532161 1.559802 3.904306 -6.326051 1.775547 9.365916 0.003880 0.996568
Car -1 -1 -10 222.000000 187.000000 424.000000 251.000000 1.538863 1.616341 3.810183 -6.663051 1.903270 17.373960 -3.143905 0.986796
Car -1 -1 -10 58.000000 196.000000 336.000000 285.000000 1.445303 1.530851 3.870583 -6.769698 1.784670 11.805688 -3.115875 0.937853
Car -1 -1 -10 334.000000 184.000000 492.000000 231.000000 1.471915 1.607762 3.995944 -6.311049 1.928097 24.490867 0.096992 0.931973
Car -1 -1 -10 647.000000 181.000000 695.000000 215.000000 1.516302 1.628735 4.002625 2.649236 1.839162 31.678379 1.497913 0.807785
Car -1 -1 -10 631.000000 174.000000 662.000000 199.000000 1.543744 1.601633 3.772090 2.567742 1.798186 50.585985 -1.583053 0.332903
Car -1 -1 -10 400.000000 174.000000 484.000000 221.000000 1.498167 1.578404 3.867472 -6.900941 1.895051 25.689873 0.152093 0.181466
Car -1 -1 -10 476.000000 182.000000 539.000000 208.000000 1.503589 1.578904 3.721449 -5.624466 1.745956 41.786614 1.966097 0.093457
Car -1 -1 -10 458.000000 182.000000 516.000000 212.000000 1.523107 1.659181 3.833643 -6.637043 1.849090 34.732213 -3.262226 0.063519
