Pedestrian -1 -1 -10 244.000000 160.000000 337.000000 350.000000 1.799595 0.679045 0.964352 -3.041475 1.529599 6.914719 1.635873 0.997795
Pedestrian -1 -1 -10 627.000000 159.000000 655.000000 241.000000 1.793132 0.637938 1.042249 0.811114 1.301704 16.894910 1.209816 0.996349
Pedestrian -1 -1 -10 1072.000000 143.000000 1194.000000 372.000000 1.754265 0.675760 0.735326 4.031551 1.469605 5.502215 1.574951 0.995833
Pedestrian -1 -1 -10 808.000000 168.000000 867.000000 345.000000 1.715802 0.581003 0.877513 2.213579 1.520068 7.054588 -1.653508 0.992691
Pedestrian -1 -1 -10 103.000000 163.000000 182.000000 340.000000 1.777004 0.690670 0.914386 -4.609889 1.617868 7.293959 1.614844 0.965333
Pedestrian -1 -1 -10 729.000000 174.000000 770.000000 294.000000 1.721811 0.584126 0.814981 1.973349 1.513467 9.825885 -1.874812 0.953726
Pedestrian -1 -1 -10 700.000000 171.000000 740.000000 277.000000 1.718498 0.627826 0.856799 1.860772 1.519294 11.279941 -1.373841 0.937223
Pedestrian -1 -1 -10 794.000000 170.000000 844.000000 323.000000 1.790383 0.694918 0.883679 2.386290 1.577129 8.267049 2.409100 0.801302
Pedestrian -1 -1 -10 1174.000000 139.000000 1237.000000 371.000000 1.766870 0.584030 0.534070 4.510294 1.463097 5.205844 0.046250 0.587166
Pedestrian -1 -1 -10 747.000000 173.000000 784.000000 287.000000 1.715412 0.593694 0.653717 2.614095 1.512875 11.053982 1.830395 0.573306
Car -1 -1 -10 544.000000 170.000000 597.000000 212.000000 1.529441 1.670266 3.944402 -1.236785 1.107506 28.712228 1.625289 0.999124
Cyclist -1 -1 -10 1177.000000 143.000000 1238.000000 369.000000 1.765795 0.622234 1.800334 4.465830 1.438651 5.180727 1.747302 0.086424
Cyclist -1 -1 -10 97.000000 166.000000 198.000000 332.000000 1.794747 0.606495 1.772965 -4.612573 1.646205 7.268458 1.082718 0.077527
Cyclist -1 -1 -10 805.000000 169.000000 869.000000 325.000000 1.757031 0.531873 1.728468 2.266932 1.528928 6.936198 -1.282551 0.062115
Cyclist -1 -1 -10 792.000000 167.000000 837.000000 316.000000 1.739999 0.602595 1.819604 2.692563 1.650677 9.339938 -1.228911 0.031442
