Pedestrian -1 -1 -10 875.000000 146.000000 968.000000 363.000000 1.751229 0.636400 0.683077 2.518815 1.499986 5.813949 1.465532 0.998605
Pedestrian -1 -1 -10 792.000000 141.000000 875.000000 367.000000 1.802019 0.620087 0.742687 1.894121 1.473036 5.971856 1.447852 0.998301
Pedestrian -1 -1 -10 1065.000000 144.000000 1197.000000 371.000000 1.722030 0.594348 0.807923 3.753538 1.439837 5.053736 1.225904 0.996920
Pedestrian -1 -1 -10 536.000000 146.000000 599.000000 352.000000 1.784910 0.634111 0.873481 -0.460083 1.452901 6.388210 1.024067 0.996421
Pedestrian -1 -1 -10 706.000000 139.000000 768.000000 309.000000 1.777602 0.714616 0.804164 1.402710 1.366800 8.094869 1.762593 0.994940
Pedestrian -1 -1 -10 678.000000 158.000000 730.000000 316.000000 1.766904 0.604684 0.891461 1.167540 1.475315 7.942929 0.583607 0.988356
Pedestrian -1 -1 -10 620.000000 137.000000 677.000000 325.000000 1.835128 0.680011 0.889120 0.400865 1.469945 7.455084 1.048667 0.980400
Pedestrian -1 -1 -10 516.000000 140.000000 552.000000 246.000000 1.795993 0.640189 0.852179 -1.286944 1.084788 12.168235 1.388695 0.967878
Pedestrian -1 -1 -10 773.000000 154.000000 829.000000 312.000000 1.725123 0.516949 0.710280 2.049763 1.386552 7.780304 1.291866 0.942249
Pedestrian -1 -1 -10 585.000000 156.000000 641.000000 334.000000 1.776102 0.677104 0.816570 0.047991 1.463563 7.238137 1.081226 0.913591
Pedestrian -1 -1 -10 688.000000 140.000000 724.000000 213.000000 1.660231 0.491273 0.617225 1.740973 0.796007 12.515249 0.657517 0.843593
Pedestrian -1 -1 -10 648.000000 140.000000 674.000000 201.000000 1.760618 0.652460 0.614703 1.767088 0.533165 22.253811 1.651689 0.386257
Pedestrian -1 -1 -10 258.000000 135.000000 296.000000 232.000000 1.757670 0.613723 0.495821 -5.337696 0.477286 11.667838 -2.572062 0.352875
Pedestrian -1 -1 -10 1171.000000 133.000000 1222.000000 367.000000 1.766181 0.582510 0.730396 4.276220 1.557908 5.103654 1.245333 0.346692
Pedestrian -1 -1 -10 549.000000 145.000000 565.000000 192.000000 1.686818 0.534806 0.691256 -1.975154 0.243739 28.812026 1.454620 0.346645
Pedestrian -1 -1 -10 591.000000 146.000000 625.000000 225.000000 1.707183 0.555602 0.634149 0.024595 0.991504 12.172387 2.093713 0.276240
Pedestrian -1 -1 -10 545.000000 148.000000 585.000000 198.000000 1.739840 0.581188 0.742975 -0.661657 0.923250 8.899062 2.937743 0.276183
Pedestrian -1 -1 -10 627.000000 138.000000 668.000000 208.000000 1.779858 0.544888 0.699357 0.579229 1.329808 12.846333 0.210708 0.220975
Pedestrian -1 -1 -10 305.000000 141.000000 330.000000 217.000000 1.831138 0.628696 0.653968 -6.745636 1.746790 16.397684 -1.879594 0.212465
Cyclist -1 -1 -10 551.000000 146.000000 588.000000 194.000000 1.696703 0.560288 1.651662 -1.677803 0.130534 28.851420 -1.577100 0.574532
Cyclist -1 -1 -10 247.000000 137.000000 306.000000 231.000000 1.684589 0.438852 1.613735 -7.054561 0.657460 15.821848 -3.028775 0.351500
Cyclist -1 -1 -10 298.000000 142.000000 337.000000 219.000000 1.710251 0.546165 1.419027 -6.733004 1.370833 16.960950 0.221256 0.297038
Cyclist -1 -1 -10 591.000000 148.000000 627.000000 220.000000 1.767920 0.486463 1.512030 0.022031 1.272319 9.720290 -1.562030 0.186273
Cyclist -1 -1 -10 286.000000 141.000000 320.000000 226.000000 1.818264 0.519719 1.683200 -7.710223 0.751049 17.590187 -1.403746 0.140410
Cyclist -1 -1 -10 547.000000 146.000000 568.000000 192.000000 1.646825 0.643929 1.705911 -2.164279 0.241848 28.947710 2.607745 0.134952
Cyclist -1 -1 -10 517.000000 140.000000 553.000000 248.000000 1.878007 0.701756 1.743148 -1.287791 1.082583 12.127698 0.974992 0.115376
Cyclist -1 -1 -10 643.000000 140.000000 674.000000 202.000000 1.775187 0.574742 1.762147 1.723519 0.538832 22.361275 -1.472978 0.083606
Cyclist -1 -1 -10 341.000000 152.000000 387.000000 198.000000 1.656706 0.470248 1.501169 -3.799382 0.897758 10.896980 -1.954578 0.072847
Cyclist -1 -1 -10 686.000000 140.000000 733.000000 236.000000 1.702837 0.581384 1.683157 1.735239 0.741548 12.701709 0.679033 0.057886
Cyclist -1 -1 -10 618.000000 147.000000 675.000000 309.000000 1.800924 0.617684 1.696924 0.369762 1.332269 7.431931 2.162996 0.046639
Cyclist -1 -1 -10 540.000000 142.000000 557.000000 196.000000 1.712078 0.531004 1.639989 -2.399654 0.598892 29.147760 -1.663365 0.036728
Cyclist -1 -1 -10 533.000000 139.000000 551.000000 202.000000 1.707983 0.522410 1.529664 -1.953639 1.362986 18.858823 -1.693444 0.032934
Cyclist -1 -1 -10 626.000000 137.000000 665.000000 220.000000 1.685400 0.660072 1.736907 0.667986 0.704443 12.469969 1.066370 0.032624
Cyclist -1 -1 -10 585.000000 153.000000 646.000000 330.000000 1.805774 0.619667 1.768357 0.031339 1.465162 7.144060 2.151592 0.019278
Cyclist -1 -1 -10 1171.000000 133.000000 1222.000000 367.000000 1.669582 0.459433 1.702065 4.282395 1.372298 5.221754 -0.653787 0.012231
