Pedestrian -1 -1 -10 854.000000 175.000000 940.000000 374.000000 1.676497 0.652193 0.623003 2.322573 1.658787 5.926447 1.955634 0.994752
Pedestrian -1 -1 -10 999.000000 147.000000 1160.000000 379.000000 1.703189 0.646918 0.742138 2.487777 1.382003 4.111525 2.634722 0.927597
Pedestrian -1 -1 -10 888.000000 145.000000 1250.000000 380.000000 1.656604 0.539156 0.618120 2.339168 1.407645 3.956945 2.662623 0.232467
Pedestrian -1 -1 -10 996.000000 141.000000 1096.000000 318.000000 1.704084 0.643366 0.702571 4.452880 2.421883 7.520372 -0.469252 0.180157
Pedestrian -1 -1 -10 88.000000 193.000000 119.000000 244.000000 1.692888 0.667257 0.754763 -15.520922 2.226540 22.257133 -2.642269 0.108265
Car -1 -1 -10 602.000000 184.000000 630.000000 210.000000 1.524440 1.675689 3.851993 0.414597 2.017995 46.416106 -1.574918 0.998856
Car -1 -1 -10 316.000000 194.000000 396.000000 238.000000 1.490967 1.632719 3.921563 -9.590593 2.325647 27.645730 1.577690 0.996559
Car -1 -1 -10 352.000000 190.000000 405.000000 223.000000 1.484887 1.660233 3.885185 -9.764868 2.229319 28.516496 1.461186 0.623268
Cyclist -1 -1 -10 882.000000 148.000000 1236.000000 379.000000 1.709597 0.631159 1.763246 2.431177 1.384015 4.035747 3.078513 0.997333
Cyclist -1 -1 -10 958.000000 137.000000 1119.000000 370.000000 1.747714 0.613451 1.735995 2.347369 1.353296 4.161977 3.146479 0.380876
Cyclist -1 -1 -10 851.000000 167.000000 964.000000 375.000000 1.709067 0.573086 1.708147 2.248173 1.662072 5.720454 1.475463 0.200169
Cyclist -1 -1 -10 890.000000 161.000000 1053.000000 381.000000 1.760494 0.651269 1.764281 2.546008 1.658710 5.431076 -1.626997 0.193823
Cyclist -1 -1 -10 1148.000000 184.000000 1234.000000 374.000000 1.645117 0.743592 1.800470 3.352741 1.988123 4.521240 1.745743 0.050498
Cyclist -1 -1 -10 1006.000000 136.000000 1097.000000 318.000000 1.710491 0.608278 1.665514 2.125916 0.843960 3.918224 -1.009080 0.017075
