Car -1 -1 -10 337.000000 193.000000 438.000000 253.000000 1.480054 1.641838 4.046244 -6.063611 2.052487 19.876613 1.566143 0.997858
Car -1 -1 -10 681.000000 176.000000 757.000000 227.000000 1.537911 1.658257 4.055478 3.205638 1.556143 21.921622 -1.596193 0.997595
Car -1 -1 -10 207.000000 200.000000 367.000000 294.000000 1.478040 1.555460 3.701529 -6.028484 2.040747 13.898523 1.566809 0.997439
Car -1 -1 -10 416.000000 189.000000 487.000000 232.000000 1.449269 1.624459 3.898806 -5.880754 2.111874 27.329810 1.615492 0.995718
Car -1 -1 -10 904.000000 142.000000 1140.000000 218.000000 1.555264 1.692656 4.136396 9.145320 0.967074 15.829523 3.163812 0.989565
Car -1 -1 -10 -2.000000 211.000000 272.000000 371.000000 1.452951 1.590832 3.813000 -5.917868 2.010866 9.085801 1.570886 0.987013
Car -1 -1 -10 668.000000 175.000000 727.000000 218.000000 1.521034 1.621725 3.940554 3.127057 1.568356 27.292422 -1.580171 0.887915
Car -1 -1 -10 456.000000 186.000000 507.000000 220.000000 1.618482 1.616208 3.981080 -5.859474 2.128720 33.533400 1.595292 0.792001
Car -1 -1 -10 652.000000 177.000000 698.000000 207.000000 1.515834 1.611434 4.050551 3.179262 1.823043 37.097983 1.498037 0.782503
Car -1 -1 -10 790.000000 156.000000 959.000000 207.000000 1.531344 1.677311 4.050119 7.921126 1.124007 21.667678 1.836377 0.666239
Car -1 -1 -10 829.000000 147.000000 1039.000000 210.000000 1.537210 1.570969 3.792129 9.497880 0.944965 18.495399 -0.087543 0.345582
Car -1 -1 -10 489.000000 184.000000 530.000000 210.000000 1.559194 1.608975 3.980966 -5.904383 2.155679 42.414886 1.737086 0.081444
