Pedestrian -1 -1 -10 244.000000 145.000000 360.000000 375.000000 1.692561 0.693305 0.651457 -1.903609 1.470741 4.602030 2.068301 0.998711
Pedestrian -1 -1 -10 754.000000 155.000000 769.000000 205.000000 1.738261 0.602649 0.760324 5.691612 0.747964 25.751103 -1.255580 0.482075
Pedestrian -1 -1 -10 1067.000000 120.000000 1238.000000 373.000000 1.736034 0.561676 0.856949 2.697559 1.309781 3.855628 -2.430252 0.430927
Pedestrian -1 -1 -10 1038.000000 182.000000 1082.000000 309.000000 1.781870 0.653092 0.637159 5.942590 1.524756 9.170511 3.078089 0.402240
Pedestrian -1 -1 -10 111.000000 139.000000 402.000000 370.000000 1.823958 0.693174 1.015327 -2.415330 1.620163 5.597237 2.678734 0.082472
Pedestrian -1 -1 -10 557.000000 162.000000 566.000000 192.000000 1.861816 0.676559 0.846894 -2.652626 0.662217 47.542694 1.909327 0.042465
Pedestrian -1 -1 -10 1029.000000 170.000000 1180.000000 359.000000 1.685920 0.544940 0.741383 2.464850 1.478882 3.440974 2.810361 0.024631
Pedestrian -1 -1 -10 585.000000 166.000000 596.000000 192.000000 1.778615 0.668596 0.962944 -0.674264 0.897952 46.280641 -0.016030 0.024501
Car -1 -1 -10 84.000000 139.000000 484.000000 375.000000 1.963450 1.745199 4.259539 -2.696568 1.491090 7.488820 1.615893 0.862752
Car -1 -1 -10 397.000000 151.000000 546.000000 264.000000 1.754710 1.622835 3.975509 -2.254467 1.178429 14.026470 1.633063 0.539223
Car -1 -1 -10 212.000000 143.000000 395.000000 371.000000 1.600437 1.630415 4.022334 -2.413796 1.393049 5.922130 -2.364677 0.377889
Cyclist -1 -1 -10 1049.000000 107.000000 1242.000000 371.000000 1.693270 0.595465 1.696498 2.156238 1.177649 2.764317 1.774484 0.123106
Cyclist -1 -1 -10 231.000000 139.000000 361.000000 371.000000 1.693982 0.524492 1.713278 -1.985272 1.419918 4.524282 -2.417924 0.011348
