Car -1 -1 -10 634.000000 187.000000 674.000000 217.000000 1.479792 1.639454 3.896319 2.049869 2.198122 36.734333 -1.640103 0.998255
Car -1 -1 -10 756.000000 189.000000 930.000000 256.000000 1.541073 1.605450 4.117592 6.103847 2.053112 18.669565 3.049804 0.991494
Car -1 -1 -10 13.000000 194.000000 306.000000 317.000000 1.468582 1.606690 4.124974 -6.603846 1.777674 10.116999 -3.187201 0.991096
Car -1 -1 -10 921.000000 188.000000 1242.000000 328.000000 1.616388 1.662902 3.895685 5.842330 1.698306 8.936583 0.051350 0.985142
Car -1 -1 -10 819.000000 191.000000 1012.000000 278.000000 1.542740 1.593813 3.785840 6.001821 1.866327 13.455303 0.011584 0.984876
Car -1 -1 -10 230.000000 178.000000 426.000000 256.000000 1.644259 1.672700 4.020680 -6.965321 1.875797 17.254967 -3.186747 0.980442
Car -1 -1 -10 729.000000 184.000000 862.000000 243.000000 1.640657 1.607331 3.765859 5.424740 2.011180 21.490887 3.001650 0.967555
Car -1 -1 -10 876.000000 193.000000 1110.000000 298.000000 1.485345 1.562942 3.781444 6.109854 1.803552 10.373744 0.061996 0.906273
Car -1 -1 -10 -4.000000 190.000000 171.000000 359.000000 1.519552 1.586155 3.676349 -6.769349 1.738084 8.102755 -3.164009 0.824292
Car -1 -1 -10 97.000000 189.000000 359.000000 281.000000 1.506662 1.572673 3.788511 -6.581032 1.808504 12.663076 -3.097338 0.788087
Car -1 -1 -10 394.000000 186.000000 509.000000 221.000000 1.495577 1.564850 3.854607 -6.565269 2.156597 31.120404 -0.117210 0.730704
Cyclist -1 -1 -10 526.000000 183.000000 546.000000 223.000000 1.677326 0.556470 1.702130 -3.210703 2.149881 30.900253 1.481205 0.657201
