Car -1 -1 -10 520.000000 173.000000 577.000000 220.000000 1.737995 1.720478 4.117145 -2.416360 1.757807 28.343412 1.600366 0.999188
Car -1 -1 -10 703.000000 180.000000 786.000000 260.000000 1.556991 1.557205 3.228730 2.879192 1.786038 15.724731 -1.549458 0.998944
Car -1 -1 -10 217.000000 183.000000 487.000000 357.000000 1.464726 1.581015 3.731970 -2.767939 1.671589 8.411814 -1.539626 0.998723
Car -1 -1 -10 348.000000 171.000000 472.000000 223.000000 1.473027 1.633808 3.988002 -6.365000 1.483554 22.029172 -3.154610 0.987238
Car -1 -1 -10 684.000000 186.000000 738.000000 241.000000 1.496404 1.602074 3.832259 3.015831 1.828796 20.951803 -1.505314 0.984280
Car -1 -1 -10 558.000000 179.000000 593.000000 210.000000 1.471178 1.573772 3.747580 -1.868537 1.733267 35.965596 -1.488107 0.958244
Car -1 -1 -10 -2.000000 199.000000 117.000000 371.000000 1.528636 1.623203 3.951247 -3.755917 1.450378 2.419240 -1.610758 0.412966
Cyclist -1 -1 -10 612.000000 172.000000 626.000000 205.000000 1.758763 0.620656 1.843590 0.532390 1.734550 39.994142 1.513341 0.992762
Cyclist -1 -1 -10 0.000000 205.000000 118.000000 372.000000 1.733852 0.719586 1.748819 -2.679380 1.577405 2.537906 1.499254 0.013551
Cyclist -1 -1 -10 346.000000 169.000000 474.000000 220.000000 1.718357 0.687629 1.805863 -5.452531 1.530026 21.401745 0.115423 0.013191
