Car -1 -1 -10 297.000000 181.000000 453.000000 274.000000 1.494927 1.641467 4.071724 -4.383560 1.510657 14.048582 -1.581345 0.999642
Car -1 -1 -10 588.000000 175.000000 668.000000 252.000000 1.536035 1.662966 3.874797 0.431421 1.387255 17.345683 -1.518156 0.999491
Car -1 -1 -10 153.000000 181.000000 271.000000 232.000000 1.444810 1.605555 3.913413 -12.331712 1.412092 22.803796 -1.590763 0.992216
Car -1 -1 -10 0.000000 186.000000 206.000000 274.000000 1.490913 1.593316 3.774433 -8.273866 1.518636 11.410553 -1.566217 0.932676
Car -1 -1 -10 -5.000000 206.000000 258.000000 372.000000 1.477927 1.629063 3.843264 -4.547324 1.652006 5.629012 -1.560661 0.929277
Car -1 -1 -10 623.000000 178.000000 667.000000 215.000000 1.494328 1.624828 3.747989 2.201733 1.153000 39.127657 -1.419465 0.264606
Car -1 -1 -10 99.000000 174.000000 166.000000 211.000000 1.575838 1.607486 3.810675 -30.091757 1.043232 46.260198 1.546629 0.102030
Car -1 -1 -10 619.000000 169.000000 652.000000 198.000000 1.553909 1.596462 3.678409 0.145675 0.765736 8.253618 -0.980019 0.043577
Car -1 -1 -10 295.000000 184.000000 371.000000 220.000000 1.565135 1.637396 3.912177 -11.904714 0.739395 29.671031 1.560337 0.030137
Car -1 -1 -10 0.000000 191.000000 60.000000 266.000000 1.533494 1.555178 3.519881 -8.883971 1.003275 11.532162 0.875352 0.013342
Car -1 -1 -10 0.000000 194.000000 135.000000 347.000000 1.454329 1.576171 3.812209 -8.832189 1.216719 10.907535 -2.867585 0.011216
