Pedestrian -1 -1 -10 547.000000 139.000000 581.000000 226.000000 1.813569 0.694624 0.842291 -0.947984 0.949373 15.177797 1.494473 0.997239
Pedestrian -1 -1 -10 712.000000 137.000000 779.000000 332.000000 1.845666 0.798617 0.982360 1.398345 1.449027 7.059295 1.190152 0.996579
Pedestrian -1 -1 -10 587.000000 136.000000 616.000000 223.000000 1.804051 0.604846 0.764008 -0.149332 0.828403 15.372490 1.128194 0.995446
Pedestrian -1 -1 -10 507.000000 141.000000 538.000000 217.000000 1.803388 0.666897 0.928786 -1.986569 0.888707 16.631826 1.025732 0.994561
Pedestrian -1 -1 -10 778.000000 136.000000 850.000000 316.000000 1.791434 0.689214 0.976945 2.180192 1.340882 7.559221 -1.909947 0.994355
Pedestrian -1 -1 -10 479.000000 138.000000 503.000000 212.000000 1.794779 0.645075 0.876442 -2.868243 0.804699 17.327914 0.949723 0.915350
Pedestrian -1 -1 -10 571.000000 141.000000 590.000000 207.000000 1.711061 0.524321 0.601365 -0.564016 0.664065 19.075661 1.078064 0.736298
Pedestrian -1 -1 -10 457.000000 147.000000 480.000000 215.000000 1.830265 0.678510 0.815338 -3.423918 0.897021 17.517086 1.426431 0.732397
Pedestrian -1 -1 -10 246.000000 136.000000 280.000000 248.000000 1.813652 0.620123 0.673417 -5.882606 1.117611 12.025079 -0.050866 0.681821
Pedestrian -1 -1 -10 432.000000 142.000000 457.000000 213.000000 1.739501 0.594274 0.685200 -3.804563 0.730140 16.503111 0.899793 0.472546
Pedestrian -1 -1 -10 678.000000 144.000000 697.000000 202.000000 1.765444 0.620920 0.733994 2.532460 0.643471 21.932137 0.517252 0.396824
Pedestrian -1 -1 -10 260.000000 136.000000 305.000000 239.000000 1.759482 0.503934 0.931613 -5.290898 0.977363 11.320886 0.102236 0.386190
Pedestrian -1 -1 -10 562.000000 142.000000 584.000000 210.000000 1.727688 0.535369 0.617902 -1.007653 0.695446 16.900171 -1.241433 0.277345
Pedestrian -1 -1 -10 542.000000 142.000000 567.000000 209.000000 1.798550 0.657338 0.885220 -1.247331 0.890041 17.040934 -1.097198 0.262945
Pedestrian -1 -1 -10 521.000000 140.000000 538.000000 186.000000 1.798509 0.564098 0.647472 -1.913138 1.283999 16.963769 -1.118558 0.239494
Pedestrian -1 -1 -10 490.000000 140.000000 508.000000 203.000000 1.809998 0.541691 0.722696 -2.553585 1.265550 16.416187 2.823368 0.174344
Cyclist -1 -1 -10 427.000000 143.000000 460.000000 220.000000 1.740010 0.604217 1.782371 -3.814562 0.842789 16.417162 1.397606 0.753630
Cyclist -1 -1 -10 271.000000 135.000000 313.000000 232.000000 1.697031 0.481972 1.444753 -6.539276 0.901994 15.464588 -2.020172 0.476515
Cyclist -1 -1 -10 452.000000 144.000000 480.000000 218.000000 1.756368 0.498572 1.622886 -3.431175 0.856522 17.734357 1.918400 0.398565
Cyclist -1 -1 -10 284.000000 150.000000 351.000000 210.000000 1.732003 0.520835 1.590863 -7.899197 1.238785 19.267586 -1.861892 0.210380
Cyclist -1 -1 -10 333.000000 152.000000 386.000000 198.000000 1.675620 0.366317 1.443332 -6.473403 1.225329 18.947233 -1.877102 0.183172
Cyclist -1 -1 -10 237.000000 137.000000 323.000000 240.000000 1.609150 0.331093 1.320959 -6.853179 1.595128 15.158648 -2.025409 0.145681
Cyclist -1 -1 -10 306.000000 152.000000 370.000000 200.000000 1.706967 0.515820 1.541838 -7.074064 1.331493 18.047581 -1.978579 0.117498
Cyclist -1 -1 -10 520.000000 141.000000 538.000000 183.000000 1.686103 0.467630 1.502580 -1.328400 0.639194 11.533104 -1.727174 0.081065
Cyclist -1 -1 -10 248.000000 134.000000 282.000000 249.000000 1.698313 0.674299 1.686843 -5.825544 1.142808 12.126648 0.616013 0.063585
Cyclist -1 -1 -10 544.000000 143.000000 573.000000 208.000000 1.746253 0.506697 1.499490 -1.238962 0.681269 18.371215 2.044225 0.050129
Cyclist -1 -1 -10 509.000000 141.000000 538.000000 212.000000 1.754555 0.584842 1.728972 -1.934711 0.770041 16.547183 1.932847 0.042513
Cyclist -1 -1 -10 450.000000 140.000000 467.000000 207.000000 1.807022 0.550075 1.617972 -3.917817 0.711867 19.554571 2.030294 0.023749
Cyclist -1 -1 -10 477.000000 139.000000 502.000000 212.000000 1.802260 0.599971 1.744161 -2.833009 0.777925 17.436845 1.478348 0.012330
Cyclist -1 -1 -10 494.000000 142.000000 508.000000 194.000000 1.678832 0.472614 1.508276 -1.755782 0.763730 11.120889 -1.768725 0.010136
