Pedestrian -1 -1 -10 696.000000 171.000000 703.000000 206.000000 1.698953 0.627000 0.694145 4.883880 1.637419 39.478246 2.638868 0.028685
Car -1 -1 -10 487.000000 189.000000 549.000000 238.000000 1.519459 1.586841 3.663681 -2.841591 1.966924 22.652272 1.583299 0.999520
Car -1 -1 -10 148.000000 194.000000 464.000000 376.000000 1.497568 1.687376 4.180205 -2.757328 1.777891 7.595113 1.553777 0.999255
Car -1 -1 -10 659.000000 181.000000 727.000000 236.000000 1.536581 1.630195 3.725580 2.495590 1.870871 22.991532 -1.580281 0.999123
Car -1 -1 -10 545.000000 184.000000 576.000000 209.000000 1.556190 1.625304 3.948557 -3.084235 2.351633 47.242130 1.663133 0.998335
Car -1 -1 -10 752.000000 178.000000 957.000000 351.000000 1.562499 1.563765 3.672357 2.794247 1.745078 8.821162 1.532667 0.986490
Car -1 -1 -10 646.000000 181.000000 696.000000 225.000000 1.596374 1.604601 3.751524 2.492257 1.942034 31.905272 -1.581233 0.917603
Car -1 -1 -10 841.000000 213.000000 1235.000000 376.000000 1.494584 1.623841 3.972684 2.502037 1.683689 3.290662 1.555323 0.872151
Car -1 -1 -10 636.000000 177.000000 666.000000 212.000000 1.508351 1.586892 3.572468 0.531534 1.233912 11.477866 1.102376 0.390406
Car -1 -1 -10 806.000000 194.000000 1051.000000 370.000000 1.552793 1.635570 3.970600 2.660449 1.681725 3.365481 1.477481 0.109536
