Pedestrian -1 -1 -10 203.000000 169.000000 230.000000 228.000000 1.796044 0.723338 0.816074 -12.007832 1.660004 22.068638 1.543753 0.455322
Pedestrian -1 -1 -10 1199.000000 184.000000 1241.000000 247.000000 1.714248 0.686921 0.882359 17.641834 2.199628 20.766358 -0.297785 0.013993
Car -1 -1 -10 776.000000 202.000000 1138.000000 373.000000 1.453632 1.619288 4.016571 2.897798 1.762456 7.261814 -1.607536 0.998774
Car -1 -1 -10 657.000000 176.000000 718.000000 230.000000 1.698118 1.684852 4.091119 2.720714 1.926231 26.746501 -1.598747 0.997545
Car -1 -1 -10 377.000000 179.000000 498.000000 231.000000 1.581333 1.592833 3.971798 -6.314946 2.035317 25.224573 -3.139795 0.978830
Car -1 -1 -10 300.000000 184.000000 456.000000 241.000000 1.525535 1.591346 3.691620 -6.037443 1.936446 19.717246 0.722597 0.950903
Car -1 -1 -10 415.000000 177.000000 520.000000 219.000000 1.568770 1.604457 3.985606 -6.312685 1.972115 32.510079 0.189257 0.788077
Car -1 -1 -10 645.000000 181.000000 694.000000 218.000000 1.504258 1.570422 3.731136 2.737686 2.032715 37.392630 -1.531727 0.106087
Car -1 -1 -10 477.000000 178.000000 548.000000 206.000000 1.541670 1.632021 3.823533 -5.660222 2.326776 48.736240 -1.703259 0.095550
Car -1 -1 -10 0.000000 184.000000 191.000000 261.000000 1.517004 1.588331 3.819259 -7.598782 1.501920 9.332047 1.540154 0.024478
Car -1 -1 -10 213.000000 190.000000 357.000000 231.000000 1.498429 1.599093 3.864644 -9.220339 1.912803 21.355870 0.607396 0.023884
Car -1 -1 -10 757.000000 207.000000 899.000000 290.000000 1.498667 1.633870 3.896214 3.748644 1.719623 12.464476 1.034372 0.017702
Cyclist -1 -1 -10 1199.000000 184.000000 1241.000000 247.000000 1.702961 0.663582 1.708330 17.672803 2.154871 20.681228 3.292865 0.050267
Cyclist -1 -1 -10 313.000000 185.000000 443.000000 249.000000 1.701812 0.613658 1.760815 -4.610066 1.949344 15.573314 2.735895 0.014093
