Pedestrian -1 -1 -10 885.000000 130.000000 972.000000 370.000000 1.808362 0.638290 0.824739 2.577044 1.417497 5.691983 1.458861 0.998604
Pedestrian -1 -1 -10 681.000000 145.000000 735.000000 282.000000 1.747179 0.616452 0.641439 1.342535 1.253597 9.474322 1.615133 0.998059
Pedestrian -1 -1 -10 785.000000 136.000000 889.000000 373.000000 1.789907 0.644236 0.869661 1.746762 1.500121 5.524407 1.475237 0.997955
Pedestrian -1 -1 -10 645.000000 139.000000 701.000000 273.000000 1.782638 0.694475 0.828253 0.921395 1.252703 9.811002 2.221800 0.995840
Pedestrian -1 -1 -10 486.000000 139.000000 529.000000 273.000000 1.797396 0.697502 0.897190 -1.376402 1.280473 9.893172 0.816305 0.994308
Pedestrian -1 -1 -10 547.000000 139.000000 587.000000 263.000000 1.791227 0.670014 0.820688 -0.702920 1.164821 10.739615 0.968834 0.993286
Pedestrian -1 -1 -10 776.000000 142.000000 818.000000 271.000000 1.737655 0.650829 0.704869 2.563203 1.197228 9.736752 1.297738 0.986818
Pedestrian -1 -1 -10 590.000000 156.000000 630.000000 258.000000 1.719056 0.630767 0.790099 0.109439 1.240897 11.287199 0.470875 0.985163
Pedestrian -1 -1 -10 518.000000 147.000000 555.000000 266.000000 1.791941 0.590347 0.854492 -1.066395 1.257332 10.452677 0.479211 0.984792
Pedestrian -1 -1 -10 605.000000 139.000000 636.000000 239.000000 1.702862 0.562554 0.480963 0.244206 1.241116 11.797246 2.128054 0.931385
Pedestrian -1 -1 -10 463.000000 141.000000 492.000000 225.000000 1.780602 0.685822 0.895145 -2.818208 0.966456 15.442174 1.245413 0.916784
Pedestrian -1 -1 -10 1035.000000 178.000000 1071.000000 257.000000 1.836307 0.642593 1.056125 11.022537 1.779419 17.564427 3.247454 0.864541
Pedestrian -1 -1 -10 837.000000 142.000000 869.000000 236.000000 1.744066 0.585101 0.710751 3.429137 1.191192 9.985406 1.418367 0.829159
Pedestrian -1 -1 -10 625.000000 141.000000 653.000000 219.000000 1.792290 0.630515 0.838239 0.652325 0.812118 16.001722 1.596355 0.822996
Pedestrian -1 -1 -10 574.000000 139.000000 600.000000 218.000000 1.770740 0.550904 0.905456 -0.487156 0.827835 15.878805 1.500528 0.683604
Pedestrian -1 -1 -10 489.000000 138.000000 505.000000 187.000000 1.737582 0.598065 0.650014 -5.648034 0.222923 36.919702 -1.197509 0.585858
Pedestrian -1 -1 -10 258.000000 135.000000 299.000000 239.000000 1.781477 0.568635 0.855318 -5.350299 1.096987 11.677905 0.202995 0.585634
Pedestrian -1 -1 -10 800.000000 147.000000 877.000000 252.000000 1.537491 0.421735 0.443243 3.260283 0.963287 9.755066 2.838273 0.373104
Cyclist -1 -1 -10 255.000000 139.000000 317.000000 238.000000 1.701389 0.577820 1.633271 -5.652459 1.582430 12.807618 -1.982624 0.747342
Cyclist -1 -1 -10 284.000000 144.000000 340.000000 216.000000 1.640532 0.502649 1.602815 -7.424681 1.226842 18.010574 2.634996 0.570568
Cyclist -1 -1 -10 489.000000 140.000000 523.000000 190.000000 1.695566 0.475405 1.526000 -1.623752 0.593429 10.551627 -1.762264 0.167460
Cyclist -1 -1 -10 363.000000 144.000000 395.000000 195.000000 1.731571 0.427118 1.483299 -7.928445 0.230924 24.701638 -1.946891 0.144586
Cyclist -1 -1 -10 327.000000 151.000000 384.000000 196.000000 1.744228 0.512587 1.464242 -6.169691 1.331756 16.739972 -1.902662 0.082147
Cyclist -1 -1 -10 833.000000 144.000000 868.000000 232.000000 1.715465 0.778672 1.761322 3.450795 1.091746 10.152938 2.491997 0.065804
Cyclist -1 -1 -10 508.000000 140.000000 529.000000 198.000000 1.696649 0.524646 1.543753 -2.597417 1.289676 18.922663 -1.737395 0.037490
Cyclist -1 -1 -10 534.000000 143.000000 566.000000 214.000000 1.792953 0.630301 1.684255 -1.280229 0.851996 16.035266 -2.153787 0.035433
Cyclist -1 -1 -10 463.000000 142.000000 492.000000 224.000000 1.835288 0.656395 1.800445 -2.769261 0.937826 15.529707 1.411423 0.034148
Cyclist -1 -1 -10 800.000000 147.000000 877.000000 252.000000 1.811479 0.579066 1.680392 3.667072 1.256142 10.550937 -0.588516 0.033964
Cyclist -1 -1 -10 486.000000 136.000000 505.000000 195.000000 1.676013 0.467897 1.500455 -1.843356 0.671981 11.168117 -1.777026 0.027240
Cyclist -1 -1 -10 546.000000 139.000000 586.000000 259.000000 1.821036 0.644572 1.795719 -0.668722 1.151873 10.706898 1.675437 0.020588
Cyclist -1 -1 -10 776.000000 145.000000 825.000000 273.000000 1.783613 0.676216 1.773897 2.548226 1.162498 9.723964 1.385444 0.020020
Cyclist -1 -1 -10 486.000000 142.000000 531.000000 267.000000 1.820431 0.608485 1.717034 -1.384121 1.272964 10.138404 1.777188 0.017969
Cyclist -1 -1 -10 518.000000 150.000000 559.000000 232.000000 1.710707 0.615011 1.702339 -1.198320 0.650880 15.597422 2.575896 0.014432
