Pedestrian -1 -1 -10 414.000000 180.000000 433.000000 234.000000 1.824891 0.674162 0.661948 -6.126596 2.072143 23.546893 1.445245 0.896890
Pedestrian -1 -1 -10 397.000000 186.000000 409.000000 232.000000 1.782887 0.606898 0.599051 -6.756246 2.189894 23.426771 2.379156 0.038663
Pedestrian -1 -1 -10 412.000000 185.000000 423.000000 229.000000 1.729941 0.636371 0.553754 -6.262920 1.927032 23.509724 -1.284522 0.025339
Pedestrian -1 -1 -10 415.000000 180.000000 430.000000 207.000000 1.702714 0.612888 0.593631 -7.840992 1.469182 29.638710 -2.361180 0.014061
Car -1 -1 -10 719.000000 183.000000 887.000000 299.000000 1.522278 1.591282 3.628737 2.763308 1.675315 11.244222 -1.612462 0.999469
Car -1 -1 -10 375.000000 197.000000 475.000000 264.000000 1.428309 1.580420 3.757919 -4.405381 2.048196 17.479413 -1.617069 0.998874
Car -1 -1 -10 664.000000 182.000000 728.000000 237.000000 1.474976 1.566397 3.554716 2.452794 1.796097 21.558970 -1.573306 0.996738
Car -1 -1 -10 442.000000 182.000000 508.000000 235.000000 1.638674 1.658176 4.175672 -4.762169 2.089511 26.779235 -1.572257 0.990133
Car -1 -1 -10 639.000000 179.000000 673.000000 212.000000 1.577143 1.629050 3.939138 2.389666 1.932820 37.395000 -1.565631 0.954869
Car -1 -1 -10 495.000000 185.000000 533.000000 215.000000 1.544839 1.602028 3.885032 -5.233748 2.203513 40.530747 1.553725 0.695408
