Pedestrian -1 -1 -10 769.000000 159.000000 830.000000 300.000000 1.829741 0.639899 0.998551 2.533844 1.541481 9.324499 3.378343 0.998462
Pedestrian -1 -1 -10 1026.000000 136.000000 1142.000000 328.000000 1.805342 0.544420 1.068989 4.535911 1.431377 6.868293 -2.126140 0.998425
Pedestrian -1 -1 -10 139.000000 177.000000 238.000000 372.000000 1.764602 0.689452 1.039066 -3.528560 1.701071 6.050496 -3.089044 0.995118
Pedestrian -1 -1 -10 254.000000 182.000000 294.000000 299.000000 1.760029 0.638241 0.918463 -5.177287 1.767773 11.342360 1.194718 0.991182
Pedestrian -1 -1 -10 511.000000 178.000000 529.000000 232.000000 1.715308 0.610349 0.706001 -2.775195 1.640343 23.787867 1.834916 0.975488
Pedestrian -1 -1 -10 346.000000 187.000000 367.000000 251.000000 1.741439 0.635620 0.763183 -6.569103 1.999558 19.172622 -1.482088 0.806829
Pedestrian -1 -1 -10 245.000000 185.000000 277.000000 288.000000 1.769768 0.542604 0.674597 -5.197209 1.682688 11.301664 0.686449 0.751184
Pedestrian -1 -1 -10 165.000000 184.000000 229.000000 316.000000 1.699295 0.658519 0.794784 -4.604190 1.276191 8.297952 -1.502183 0.430141
Pedestrian -1 -1 -10 176.000000 177.000000 216.000000 278.000000 1.691007 0.566953 0.688689 -8.155918 1.422828 14.451319 -2.551395 0.411017
Pedestrian -1 -1 -10 726.000000 187.000000 752.000000 254.000000 1.722130 0.642960 0.644695 2.976457 1.664734 16.550472 -1.903983 0.124394
Pedestrian -1 -1 -10 594.000000 174.000000 613.000000 233.000000 1.707689 0.543484 0.689282 -0.008445 1.586103 23.022287 -1.775939 0.114613
Pedestrian -1 -1 -10 142.000000 184.000000 176.000000 304.000000 1.802876 0.587358 0.832658 -8.409487 2.089494 13.715734 -0.538554 0.109803
Pedestrian -1 -1 -10 619.000000 175.000000 639.000000 233.000000 1.791474 0.673406 0.854901 0.814657 1.595273 22.738701 -2.606097 0.108222
Pedestrian -1 -1 -10 147.000000 182.000000 205.000000 278.000000 1.836667 0.589018 1.030668 -9.045214 1.878222 15.024025 2.180331 0.082886
Pedestrian -1 -1 -10 154.000000 182.000000 178.000000 261.000000 1.802842 0.702246 0.806291 -9.936770 1.776776 16.178381 2.467004 0.030111
Pedestrian -1 -1 -10 768.000000 186.000000 788.000000 247.000000 1.734417 0.443213 0.487389 3.901497 1.494335 16.441370 -1.320905 0.018548
Car -1 -1 -10 359.000000 170.000000 477.000000 260.000000 1.965792 1.804005 4.211573 -4.505590 1.721145 18.258080 1.551208 0.960551
Car -1 -1 -10 432.000000 173.000000 506.000000 236.000000 1.816017 1.690974 4.202258 -4.462190 1.679300 25.139873 1.539771 0.566064
Car -1 -1 -10 0.000000 183.000000 128.000000 372.000000 1.519946 1.629469 3.885024 -3.478909 1.249591 2.494582 -2.289960 0.150699
Cyclist -1 -1 -10 173.000000 178.000000 218.000000 272.000000 1.673075 0.595134 1.664222 -8.074357 1.214422 14.378559 1.539073 0.060089
Cyclist -1 -1 -10 143.000000 182.000000 214.000000 307.000000 1.844480 0.372473 1.515355 -8.514373 1.690258 14.498957 -3.002290 0.025338
