Pedestrian -1 -1 -10 713.000000 162.000000 731.000000 220.000000 1.864116 0.613513 0.945421 3.879152 1.567842 25.369638 -1.499587 0.638424
Pedestrian -1 -1 -10 485.000000 181.000000 506.000000 234.000000 1.718781 0.651606 0.772856 -3.604319 1.989229 22.495324 1.502249 0.246622
Pedestrian -1 -1 -10 239.000000 181.000000 340.000000 353.000000 1.755439 0.671637 0.626584 -3.639923 1.961981 8.457577 2.247997 0.052466
Pedestrian -1 -1 -10 344.000000 186.000000 388.000000 232.000000 1.814065 0.608594 0.728506 -8.529484 1.936957 23.624681 0.294719 0.015807
Car -1 -1 -10 338.000000 196.000000 447.000000 266.000000 1.484839 1.598112 3.998936 -5.549431 2.121287 18.287215 1.608338 0.981258
Car -1 -1 -10 638.000000 182.000000 674.000000 209.000000 1.536045 1.664108 3.980100 2.550132 1.958054 39.200800 -1.476051 0.946987
Car -1 -1 -10 483.000000 185.000000 515.000000 224.000000 1.485365 1.602812 3.597012 -5.592025 2.435282 36.436312 -1.615838 0.048439
Car -1 -1 -10 393.000000 198.000000 443.000000 237.000000 1.528690 1.552478 3.475459 -6.121716 2.580264 23.455712 -1.838126 0.010689
Cyclist -1 -1 -10 483.000000 179.000000 509.000000 240.000000 1.781617 0.648446 1.813974 -3.608385 2.054410 22.519020 1.524666 0.999490
Cyclist -1 -1 -10 230.000000 186.000000 340.000000 359.000000 1.763405 0.592881 1.790571 -3.635095 2.016874 8.238265 1.293513 0.999482
Cyclist -1 -1 -10 314.000000 180.000000 410.000000 346.000000 1.805026 0.664945 1.819388 -2.969222 1.906298 8.750866 1.629678 0.999040
Cyclist -1 -1 -10 328.000000 191.000000 434.000000 286.000000 1.784593 0.510311 1.503744 -3.149649 1.692114 9.531527 -1.836614 0.932611
Cyclist -1 -1 -10 713.000000 163.000000 731.000000 219.000000 1.863604 0.524106 1.785990 3.828413 1.601261 25.552704 -1.814252 0.818567
Cyclist -1 -1 -10 335.000000 187.000000 393.000000 247.000000 1.710994 0.538709 1.546529 -6.114833 1.865121 17.878552 -1.867482 0.037313
Cyclist -1 -1 -10 339.000000 193.000000 364.000000 242.000000 1.693311 0.647454 1.713851 -8.309279 1.940004 22.104110 -1.789684 0.035619
