Car -1 -1 -10 634.000000 177.000000 706.000000 230.000000 1.412325 1.623200 3.883027 1.773767 1.607241 22.223460 -1.615200 0.999234
Car -1 -1 -10 616.000000 172.000000 654.000000 204.000000 1.511127 1.607849 3.770973 1.259929 1.706522 37.217679 1.504221 0.964314
Car -1 -1 -10 885.000000 159.000000 1238.000000 369.000000 1.618840 1.701221 4.240882 5.680032 1.609649 7.384495 0.033704 0.921692
Car -1 -1 -10 185.000000 182.000000 428.000000 249.000000 1.491093 1.633964 4.150801 -7.002722 1.753486 16.587097 -3.054090 0.878726
Car -1 -1 -10 426.000000 178.000000 496.000000 211.000000 1.515025 1.630271 3.581689 -6.893615 1.787800 33.902808 -3.172195 0.649467
Car -1 -1 -10 306.000000 181.000000 437.000000 238.000000 1.479831 1.539730 3.745623 -6.887769 1.906539 19.680675 -3.050112 0.532325
Car -1 -1 -10 405.000000 181.000000 472.000000 213.000000 1.550252 1.632110 3.845882 -7.729961 1.501325 30.771025 -1.679714 0.039999
Car -1 -1 -10 1203.000000 266.000000 1240.000000 373.000000 1.526929 1.556831 3.592984 4.813064 1.876014 3.659318 -1.561346 0.033027
Car -1 -1 -10 252.000000 183.000000 379.000000 241.000000 1.520548 1.592908 3.829299 -8.108703 1.744295 21.443111 0.610234 0.014707
Car -1 -1 -10 912.000000 162.000000 1180.000000 281.000000 1.571493 1.615180 3.705832 4.576999 1.454344 10.203200 -1.036495 0.012769
Cyclist -1 -1 -10 343.000000 176.000000 423.000000 304.000000 1.719479 0.598423 1.784222 -3.250768 1.785392 10.400952 1.517419 0.999326
Cyclist -1 -1 -10 295.000000 180.000000 432.000000 252.000000 1.694538 0.820700 1.911472 -5.551190 1.760506 17.248272 2.808146 0.147038
