Pedestrian -1 -1 -10 681.000000 156.000000 720.000000 246.000000 1.737718 0.606151 0.824363 1.795754 1.245773 13.754623 1.577719 0.996942
Pedestrian -1 -1 -10 40.000000 186.000000 98.000000 319.000000 1.737787 0.569161 0.541911 -6.306039 1.565385 8.519175 -2.282414 0.869228
Pedestrian -1 -1 -10 368.000000 172.000000 388.000000 225.000000 1.681695 0.605303 0.818057 -7.427101 1.323470 23.585398 -2.009752 0.847166
Pedestrian -1 -1 -10 2.000000 183.000000 34.000000 320.000000 1.798778 0.516567 0.892326 -8.924260 1.677050 10.914993 1.876472 0.086346
Pedestrian -1 -1 -10 428.000000 161.000000 438.000000 197.000000 1.898280 0.646959 1.008446 -12.699480 0.836481 53.493342 2.346587 0.073252
Pedestrian -1 -1 -10 17.000000 184.000000 121.000000 350.000000 1.817771 0.774417 0.657921 -5.218407 1.808323 6.852391 0.752374 0.064740
Pedestrian -1 -1 -10 8.000000 165.000000 293.000000 376.000000 1.747815 0.740092 0.821423 -2.679309 1.615564 4.283445 1.504278 0.045857
Pedestrian -1 -1 -10 495.000000 170.000000 512.000000 220.000000 1.730339 0.556145 0.783048 -3.590615 1.265776 25.845458 -1.810620 0.033240
Pedestrian -1 -1 -10 49.000000 194.000000 136.000000 282.000000 1.757451 0.663397 0.843177 -7.915705 1.629029 11.105244 1.391016 0.018656
Pedestrian -1 -1 -10 458.000000 171.000000 467.000000 203.000000 1.770720 0.598925 0.695041 -8.181618 1.212626 41.722292 0.886435 0.017013
Pedestrian -1 -1 -10 433.000000 170.000000 441.000000 196.000000 1.815405 0.554459 0.894885 -11.939995 1.594701 52.476825 -1.880925 0.011650
Car -1 -1 -10 5.000000 180.000000 321.000000 368.000000 1.637265 1.576251 3.815426 -4.808753 1.786890 7.268797 1.615868 0.315347
Car -1 -1 -10 6.000000 180.000000 126.000000 361.000000 1.474788 1.605123 3.826775 -2.501229 1.290716 5.581036 -1.634223 0.039301
Car -1 -1 -10 1.000000 181.000000 37.000000 343.000000 1.411879 1.508476 3.145873 -9.274782 1.884689 11.993229 0.025061 0.010215
Cyclist -1 -1 -10 23.000000 165.000000 281.000000 376.000000 1.695682 0.545838 1.660598 -2.494436 1.487721 4.181240 1.564381 0.997375
Cyclist -1 -1 -10 7.000000 175.000000 155.000000 369.000000 1.663407 0.689533 1.681347 -2.594847 1.432478 4.142785 0.404088 0.059000
Cyclist -1 -1 -10 43.000000 187.000000 108.000000 311.000000 1.685833 0.645750 1.680193 -8.276812 1.325107 11.084472 -2.747716 0.041252
Cyclist -1 -1 -10 367.000000 172.000000 388.000000 225.000000 1.785545 0.535057 1.714441 -7.642165 1.407587 23.916548 -2.065118 0.014991
Cyclist -1 -1 -10 2.000000 183.000000 34.000000 320.000000 1.729828 0.534231 1.673086 -9.168005 1.533546 11.234407 -2.323677 0.014648
Cyclist -1 -1 -10 68.000000 191.000000 119.000000 285.000000 1.670587 0.706781 1.795794 -8.023209 1.263418 11.236099 1.448993 0.012661
