Pedestrian -1 -1 -10 43.000000 161.000000 97.000000 315.000000 1.748194 0.590301 0.744761 -6.118440 1.079375 7.948236 -0.523225 0.254531
Pedestrian -1 -1 -10 10.000000 175.000000 114.000000 291.000000 1.779827 0.689575 0.884756 -12.305530 2.240613 15.813759 -2.817211 0.026284
Pedestrian -1 -1 -10 700.000000 173.000000 732.000000 208.000000 1.670096 0.622728 0.739411 4.361441 1.319561 28.018800 2.755819 0.025323
Car -1 -1 -10 675.000000 175.000000 817.000000 270.000000 1.509834 1.615017 4.024681 2.138903 1.505801 12.758712 -1.597996 0.999591
Car -1 -1 -10 633.000000 172.000000 704.000000 221.000000 1.524740 1.616812 3.948838 1.979295 1.515364 25.167653 -1.683049 0.997785
Car -1 -1 -10 485.000000 172.000000 539.000000 223.000000 1.573422 1.652516 3.684884 -3.469632 1.697794 26.021752 -1.619140 0.997761
Car -1 -1 -10 84.000000 186.000000 283.000000 260.000000 1.514883 1.593918 3.907117 -9.362213 1.817317 16.275046 -3.104980 0.995300
Car -1 -1 -10 -4.000000 203.000000 261.000000 372.000000 1.515417 1.626228 3.940422 -3.450729 1.635073 3.684097 -1.650025 0.983509
Car -1 -1 -10 528.000000 176.000000 553.000000 205.000000 1.546646 1.616325 3.811885 -3.768116 1.815330 40.128774 -1.567357 0.587161
Car -1 -1 -10 623.000000 173.000000 673.000000 209.000000 1.504388 1.609819 3.938300 1.621210 1.475987 31.383235 -1.614364 0.521455
Car -1 -1 -10 617.000000 169.000000 656.000000 202.000000 1.699314 1.700907 3.921076 1.507330 1.601034 41.609642 -1.587042 0.480196
Car -1 -1 -10 6.000000 180.000000 168.000000 329.000000 1.475367 1.565043 3.837413 -8.126002 1.716507 9.952324 1.492632 0.146554
Car -1 -1 -10 18.000000 174.000000 118.000000 283.000000 1.406788 1.596069 3.937912 -14.106498 1.745490 17.061463 -3.567261 0.070333
Car -1 -1 -10 610.000000 169.000000 640.000000 196.000000 1.461092 1.572790 3.516792 0.161566 1.478140 17.128091 2.477080 0.054535
Car -1 -1 -10 506.000000 174.000000 544.000000 208.000000 1.402427 1.533307 3.270653 -2.588330 1.614925 21.433978 2.267240 0.034700
Cyclist -1 -1 -10 25.000000 163.000000 107.000000 294.000000 1.705629 0.695032 1.796450 -12.744108 1.815343 16.114005 -1.592091 0.045007
Cyclist -1 -1 -10 701.000000 173.000000 731.000000 208.000000 1.597557 0.381001 1.695208 4.413343 1.177065 28.265236 -1.848398 0.043723
