Car -1 -1 -10 376.000000 193.000000 455.000000 243.000000 1.485985 1.573944 3.634822 -6.256562 2.192849 23.429033 1.629665 0.998925
Car -1 -1 -10 661.000000 176.000000 720.000000 221.000000 1.511322 1.629609 3.932181 2.849908 1.687756 27.111012 -1.613672 0.989906
Car -1 -1 -10 420.000000 191.000000 488.000000 229.000000 1.440284 1.585037 3.891011 -6.178621 2.199042 28.844156 1.596785 0.989850
Car -1 -1 -10 42.000000 205.000000 162.000000 244.000000 1.502051 1.630805 3.889187 -20.842642 2.854051 30.320449 -1.563738 0.961838
Car -1 -1 -10 1039.000000 135.000000 1150.000000 181.000000 2.033369 1.675227 4.256590 24.893151 0.348441 37.526993 -1.676139 0.783504
Car -1 -1 -10 6.000000 209.000000 96.000000 247.000000 1.508984 1.608175 3.725595 -23.531779 3.138271 30.757443 -1.550926 0.537267
Car -1 -1 -10 0.000000 210.000000 52.000000 245.000000 1.556075 1.716940 4.096070 -23.918648 3.094925 31.304749 -1.622320 0.164307
Car -1 -1 -10 468.000000 181.000000 512.000000 217.000000 1.652436 1.651541 3.832392 -6.538621 2.272080 37.447876 1.579896 0.162309
Car -1 -1 -10 487.000000 184.000000 527.000000 211.000000 1.501221 1.599164 3.753250 -5.556466 2.301343 43.835664 -1.708242 0.156981
Car -1 -1 -10 118.000000 206.000000 219.000000 241.000000 1.491220 1.613621 3.927177 -20.712321 2.796138 29.871418 -1.575512 0.033772
