Pedestrian -1 -1 -10 658.000000 162.000000 698.000000 274.000000 1.798619 0.561956 1.015803 1.169246 1.515851 11.387004 -2.399032 0.998250
Pedestrian -1 -1 -10 560.000000 161.000000 611.000000 309.000000 1.706581 0.672072 0.875530 -0.216251 1.508825 8.718708 -1.696128 0.997379
Pedestrian -1 -1 -10 926.000000 151.000000 1075.000000 374.000000 1.682693 0.634449 0.830346 2.290042 1.477298 4.401603 -1.604577 0.996768
Pedestrian -1 -1 -10 737.000000 168.000000 801.000000 338.000000 1.783016 0.594693 1.100383 1.575560 1.596309 7.096449 -2.384570 0.994163
Pedestrian -1 -1 -10 771.000000 163.000000 827.000000 329.000000 1.701985 0.611027 0.695452 2.060140 1.575802 7.944119 -2.276099 0.982993
Pedestrian -1 -1 -10 891.000000 160.000000 964.000000 373.000000 1.704127 0.537740 0.668974 2.631585 1.514200 5.880002 -1.782390 0.968792
Pedestrian -1 -1 -10 701.000000 166.000000 744.000000 267.000000 1.796791 0.600573 1.110904 2.025763 1.501591 12.326484 -2.445156 0.960975
Pedestrian -1 -1 -10 792.000000 161.000000 835.000000 297.000000 1.800675 0.695374 0.956791 2.776423 1.490444 9.437272 3.398679 0.932050
Pedestrian -1 -1 -10 613.000000 167.000000 638.000000 218.000000 1.756433 0.585428 0.955807 0.652708 1.183930 23.334948 -2.064121 0.696644
Pedestrian -1 -1 -10 575.000000 164.000000 600.000000 226.000000 1.705730 0.637387 0.631260 -0.479508 0.917373 13.866491 -2.105969 0.274257
Pedestrian -1 -1 -10 656.000000 164.000000 674.000000 219.000000 1.800621 0.590693 0.825465 2.091963 1.178761 25.673235 -0.572828 0.256212
Pedestrian -1 -1 -10 517.000000 167.000000 527.000000 199.000000 1.729147 0.594271 0.699896 -4.338984 0.418884 38.121706 -2.176381 0.162725
Pedestrian -1 -1 -10 406.000000 157.000000 458.000000 259.000000 1.813275 0.704304 1.004664 -3.230791 1.320090 13.496594 0.964426 0.144985
Pedestrian -1 -1 -10 734.000000 171.000000 774.000000 282.000000 1.730823 0.554915 0.613211 2.166764 1.479672 10.541394 -1.287649 0.137988
Car -1 -1 -10 490.000000 173.000000 569.000000 233.000000 1.526286 1.641294 3.887627 -1.905747 1.318267 20.096264 1.627186 0.998930
Car -1 -1 -10 516.000000 173.000000 569.000000 211.000000 1.523495 1.594602 3.777883 -1.267160 1.158459 21.443570 0.848061 0.010941
Cyclist -1 -1 -10 403.000000 158.000000 463.000000 261.000000 1.775729 0.578041 1.761530 -3.170498 1.380402 13.415960 0.880740 0.970704
Cyclist -1 -1 -10 732.000000 169.000000 770.000000 262.000000 1.710054 0.653161 1.712062 2.186568 1.846165 12.657406 2.886093 0.053954
Cyclist -1 -1 -10 572.000000 165.000000 602.000000 226.000000 1.670480 0.462333 1.671620 -0.794863 0.562561 45.473495 -1.585869 0.047998
Cyclist -1 -1 -10 570.000000 166.000000 586.000000 212.000000 1.697031 0.481972 1.444753 -0.926035 0.282591 45.707168 -1.636052 0.036635
Cyclist -1 -1 -10 564.000000 163.000000 609.000000 299.000000 1.763886 0.532234 1.729798 -0.288145 1.554659 8.749648 -1.702086 0.030003
Cyclist -1 -1 -10 705.000000 166.000000 748.000000 271.000000 1.859288 0.554189 1.792213 2.006690 1.559222 12.356060 -2.275566 0.023149
Cyclist -1 -1 -10 114.000000 211.000000 331.000000 371.000000 1.699153 0.700810 1.771380 -2.809126 1.644218 5.783764 2.305386 0.020129
Cyclist -1 -1 -10 937.000000 159.000000 1043.000000 332.000000 1.713241 0.530043 1.680864 2.206308 1.339892 4.366845 -0.532140 0.011961
Cyclist -1 -1 -10 656.000000 164.000000 674.000000 219.000000 1.835890 0.498733 1.736028 2.065438 1.221106 25.999057 -1.498534 0.011417
