Car -1 -1 -10 73.000000 187.000000 412.000000 286.000000 1.500690 1.656783 4.351320 -6.013155 1.773013 11.713208 0.099330 0.999537
Car -1 -1 -10 748.000000 189.000000 1093.000000 374.000000 1.496244 1.642598 4.046488 2.808428 1.674328 7.721831 -1.593860 0.999477
Car -1 -1 -10 691.000000 183.000000 785.000000 240.000000 1.392153 1.601296 4.005462 3.239886 1.665644 18.565646 -1.572275 0.998694
Car -1 -1 -10 657.000000 172.000000 698.000000 206.000000 1.547058 1.640120 4.012300 3.462400 1.673343 37.973811 -1.572333 0.993647
Car -1 -1 -10 449.000000 173.000000 535.000000 208.000000 1.514760 1.616082 3.915984 -6.067436 1.462045 32.699164 -3.140730 0.937374
Car -1 -1 -10 221.000000 174.000000 407.000000 249.000000 1.672610 1.623422 3.870409 -6.179593 1.687916 16.208207 -3.110022 0.907952
Car -1 -1 -10 0.000000 209.000000 109.000000 374.000000 1.466558 1.603102 3.873416 -6.551036 1.738118 6.109549 0.446690 0.696692
Car -1 -1 -10 418.000000 178.000000 524.000000 219.000000 1.505717 1.626269 3.960829 -4.796057 1.830651 28.647548 -3.248570 0.452047
Car -1 -1 -10 479.000000 172.000000 555.000000 202.000000 1.602223 1.596774 3.759294 -5.405123 1.836684 42.867508 -3.106728 0.441687
Car -1 -1 -10 374.000000 178.000000 479.000000 232.000000 1.569749 1.693288 3.892983 -4.278890 1.643485 22.118744 -0.117978 0.230551
