Car -1 -1 -10 854.000000 168.000000 979.000000 215.000000 1.514208 1.595975 3.887833 9.913014 1.405139 23.462959 3.110281 0.998434
Car -1 -1 -10 1011.000000 158.000000 1163.000000 206.000000 1.466649 1.629305 4.107880 15.323860 1.168519 23.378434 3.148809 0.988932
Car -1 -1 -10 94.000000 180.000000 280.000000 250.000000 1.901893 1.761987 4.220585 -13.005190 2.344043 22.607425 -3.115883 0.632737
Car -1 -1 -10 237.000000 187.000000 327.000000 220.000000 1.461698 1.631523 3.862174 -13.951629 2.099315 32.164979 1.163997 0.378111
Car -1 -1 -10 1141.000000 159.000000 1241.000000 229.000000 1.444412 1.599421 3.986075 13.452124 1.214400 14.986814 0.001931 0.084956
Car -1 -1 -10 1.000000 203.000000 29.000000 258.000000 1.458102 1.623387 3.904298 -20.626911 2.486121 22.629609 -3.214198 0.057274
Car -1 -1 -10 28.000000 198.000000 108.000000 232.000000 1.549202 1.547176 3.524417 -22.119186 3.044959 29.011530 1.494120 0.037889
Car -1 -1 -10 289.000000 183.000000 385.000000 213.000000 1.462777 1.551615 3.858517 -13.189995 2.143706 35.574278 1.802778 0.019561
Car -1 -1 -10 90.000000 192.000000 198.000000 228.000000 1.524875 1.572709 3.591979 -20.753941 2.376903 31.692523 0.658635 0.011215
Car -1 -1 -10 1197.000000 149.000000 1237.000000 244.000000 1.472133 1.551779 3.585123 12.754286 1.045717 14.575290 -0.931459 0.010254
Cyclist -1 -1 -10 773.000000 172.000000 822.000000 210.000000 1.718051 0.614065 1.817253 6.884132 1.691565 26.270347 3.351872 0.017566
