Pedestrian -1 -1 -10 1040.000000 118.000000 1240.000000 372.000000 1.740749 0.676888 0.832284 2.267262 1.874136 2.749961 -0.395536 0.026850
Pedestrian -1 -1 -10 407.000000 185.000000 429.000000 217.000000 1.808799 0.612413 0.689441 -7.401679 1.788869 26.385928 0.332691 0.017064
Car -1 -1 -10 736.000000 186.000000 928.000000 309.000000 1.494980 1.634205 3.831774 2.982387 1.679252 10.545737 -1.596650 0.999646
Car -1 -1 -10 287.000000 186.000000 449.000000 296.000000 1.653541 1.608203 3.934801 -4.214637 1.918885 13.376659 1.605666 0.998889
Car -1 -1 -10 5.000000 180.000000 336.000000 375.000000 1.668297 1.599515 3.785412 -4.414632 1.874699 8.032404 1.544876 0.996588
Car -1 -1 -10 696.000000 183.000000 817.000000 258.000000 1.539950 1.621497 3.813476 3.107307 1.787877 16.506735 -1.601949 0.993256
Car -1 -1 -10 1040.000000 168.000000 1239.000000 368.000000 1.516196 1.617852 3.810146 3.020100 1.579749 1.864906 -1.592636 0.929133
Car -1 -1 -10 630.000000 184.000000 660.000000 209.000000 1.541986 1.608115 3.801858 2.283158 2.301368 46.056806 -1.541219 0.088465
Car -1 -1 -10 651.000000 183.000000 683.000000 218.000000 1.656887 1.593045 3.598084 2.698671 1.817046 31.510502 1.486798 0.028245
Cyclist -1 -1 -10 1037.000000 137.000000 1240.000000 378.000000 1.727473 0.677917 1.782968 2.348651 1.699653 2.477910 -1.560765 0.045729
