Pedestrian -1 -1 -10 1152.000000 136.000000 1201.000000 236.000000 1.779259 0.633626 1.020874 9.949181 1.017053 12.338128 -0.285688 0.956306
Pedestrian -1 -1 -10 1190.000000 137.000000 1223.000000 235.000000 1.772503 0.602645 0.813440 10.002347 1.010358 11.698829 0.139543 0.869916
Pedestrian -1 -1 -10 1172.000000 140.000000 1213.000000 224.000000 1.773936 0.641816 0.734620 10.415560 0.880723 12.822919 1.255096 0.113305
Pedestrian -1 -1 -10 881.000000 153.000000 900.000000 196.000000 1.854486 0.602262 0.983098 13.495463 0.664435 33.487403 0.984326 0.017178
Pedestrian -1 -1 -10 1183.000000 146.000000 1214.000000 195.000000 1.752379 0.639044 0.705929 27.117731 0.202464 32.769687 0.726997 0.016745
Pedestrian -1 -1 -10 1171.000000 141.000000 1197.000000 202.000000 1.757112 0.623307 0.636992 9.885097 1.312425 12.335233 1.597954 0.013257
Car -1 -1 -10 633.000000 168.000000 769.000000 216.000000 1.457728 1.636153 4.137237 3.155578 1.048877 23.082601 0.459478 0.999271
Car -1 -1 -10 -1.000000 204.000000 294.000000 365.000000 1.537238 1.616251 3.910619 -3.200120 1.665994 3.491020 -1.593565 0.977375
Cyclist -1 -1 -10 1189.000000 137.000000 1223.000000 237.000000 1.798095 0.540985 1.773537 10.041883 0.995247 11.780877 -1.296446 0.115202
Cyclist -1 -1 -10 1152.000000 136.000000 1207.000000 240.000000 1.793213 0.450567 1.709272 10.061456 1.009995 12.345102 -1.242224 0.034750
Cyclist -1 -1 -10 18.000000 199.000000 278.000000 360.000000 1.730645 0.600270 1.931389 -2.748505 1.740970 3.768193 -1.567490 0.017752
Cyclist -1 -1 -10 1176.000000 141.000000 1219.000000 201.000000 1.732411 0.577960 1.577228 10.056130 1.162539 12.189552 -0.850568 0.016858
