Pedestrian -1 -1 -10 1208.000000 153.000000 1241.000000 271.000000 1.749475 0.588390 0.722784 8.420133 1.409444 9.897112 1.184214 0.453942
Pedestrian -1 -1 -10 1149.000000 151.000000 1219.000000 266.000000 1.761094 0.653635 0.951005 8.123973 1.404070 10.013454 -1.464618 0.203909
Pedestrian -1 -1 -10 1168.000000 157.000000 1240.000000 243.000000 1.705548 0.600761 0.604699 8.769171 2.056039 10.520754 -0.410647 0.036392
Pedestrian -1 -1 -10 1056.000000 147.000000 1232.000000 291.000000 1.726344 0.742530 0.840302 6.102816 1.366815 8.246491 -0.873603 0.022000
Pedestrian -1 -1 -10 1166.000000 155.000000 1188.000000 212.000000 1.801762 0.539608 0.647467 8.122707 1.343780 10.617789 1.228461 0.014324
Pedestrian -1 -1 -10 1183.000000 162.000000 1240.000000 206.000000 1.704457 0.570715 0.716858 6.782038 1.511426 8.503327 3.660539 0.013039
Cyclist -1 -1 -10 1064.000000 144.000000 1217.000000 306.000000 1.756215 0.521836 1.840032 6.006119 1.442493 8.253716 -1.547083 0.999840
Cyclist -1 -1 -10 810.000000 165.000000 831.000000 214.000000 1.750466 0.515064 1.665158 7.358699 1.524006 25.552716 -1.665989 0.935261
Cyclist -1 -1 -10 1124.000000 153.000000 1224.000000 272.000000 1.790047 0.690938 1.721464 7.829772 1.425305 9.910791 -0.378108 0.745262
Cyclist -1 -1 -10 1208.000000 145.000000 1242.000000 273.000000 1.785545 0.486370 1.758739 8.384222 1.421408 9.837341 -0.795223 0.326861
Cyclist -1 -1 -10 1169.000000 156.000000 1236.000000 252.000000 1.685439 0.567540 1.629530 9.037612 2.002357 10.983968 0.753017 0.179379
Cyclist -1 -1 -10 1188.000000 162.000000 1241.000000 218.000000 1.723478 0.524324 1.498437 11.775668 1.321605 14.447745 -0.895420 0.036092
Cyclist -1 -1 -10 1091.000000 165.000000 1204.000000 214.000000 1.701852 0.512643 1.551535 10.980972 1.261408 15.107541 -0.971826 0.032004
Cyclist -1 -1 -10 1068.000000 165.000000 1163.000000 204.000000 1.624656 0.441017 1.490097 7.743799 1.288960 11.297361 -0.995264 0.014726
