Car -1 -1 -10 766.000000 176.000000 1024.000000 338.000000 1.515455 1.624154 3.898118 3.100758 1.601243 8.718024 -1.544011 0.999635
Car -1 -1 -10 403.000000 184.000000 479.000000 233.000000 1.521857 1.587770 3.933336 -5.656135 1.948936 24.506481 1.589456 0.998961
Car -1 -1 -10 1009.000000 143.000000 1242.000000 256.000000 1.560783 1.603636 3.965314 8.411431 1.125561 10.752153 3.169708 0.983411
Car -1 -1 -10 449.000000 183.000000 502.000000 222.000000 1.468154 1.598736 3.819136 -5.676723 1.928653 29.946277 1.596179 0.969178
Car -1 -1 -10 177.000000 184.000000 378.000000 293.000000 1.635815 1.667114 4.007041 -5.895756 1.895258 13.391778 -1.549437 0.772997
Car -1 -1 -10 656.000000 174.000000 689.000000 199.000000 1.588261 1.548302 3.525430 3.875437 1.749784 43.661997 1.549093 0.489615
Car -1 -1 -10 747.000000 161.000000 846.000000 194.000000 1.520541 1.659922 3.980721 9.583901 1.221087 36.804530 3.359805 0.473899
Car -1 -1 -10 13.000000 229.000000 236.000000 341.000000 1.475501 1.589341 3.906791 -6.127687 2.175191 10.098986 -1.574501 0.401736
Car -1 -1 -10 472.000000 183.000000 514.000000 216.000000 1.451692 1.551969 3.699523 -5.620714 1.991610 34.601722 1.604933 0.354214
Car -1 -1 -10 1027.000000 147.000000 1134.000000 184.000000 1.517378 1.650476 3.953253 23.203791 0.470136 36.029389 -0.096560 0.347651
Car -1 -1 -10 492.000000 182.000000 531.000000 208.000000 1.530522 1.690783 4.227052 -5.749416 1.907553 40.912874 1.586753 0.254881
Car -1 -1 -10 722.000000 164.000000 807.000000 191.000000 1.492510 1.632676 3.987208 8.255726 1.540078 43.228104 0.056103 0.107194
