Pedestrian -1 -1 -10 571.000000 146.000000 623.000000 307.000000 1.791035 0.678933 0.832157 -0.140725 1.427901 8.091902 1.026097 0.996046
Pedestrian -1 -1 -10 738.000000 138.000000 795.000000 300.000000 1.821321 0.670041 0.845420 1.907882 1.330177 8.444064 1.255820 0.995769
Pedestrian -1 -1 -10 688.000000 150.000000 739.000000 305.000000 1.756698 0.570088 0.793864 1.178540 1.402349 8.375254 1.292579 0.994144
Pedestrian -1 -1 -10 495.000000 149.000000 586.000000 368.000000 1.645019 0.574615 0.756781 -0.492180 1.523399 4.610967 0.913950 0.992750
Pedestrian -1 -1 -10 1113.000000 153.000000 1220.000000 367.000000 1.685132 0.554620 0.610977 3.238774 1.454439 4.006716 1.190495 0.986874
Pedestrian -1 -1 -10 959.000000 135.000000 1079.000000 368.000000 1.573081 0.477794 0.541226 1.347580 1.416598 2.507921 3.032399 0.986296
Pedestrian -1 -1 -10 808.000000 131.000000 1093.000000 362.000000 1.698542 0.559476 0.582265 1.192265 1.440067 2.461997 0.874353 0.981820
Pedestrian -1 -1 -10 790.000000 158.000000 908.000000 370.000000 1.769851 0.602133 0.787009 2.753857 1.288620 8.354593 -0.857694 0.978022
Pedestrian -1 -1 -10 862.000000 126.000000 988.000000 366.000000 1.726694 0.592649 0.673990 1.127183 1.474285 2.531795 1.943063 0.972063
Pedestrian -1 -1 -10 602.000000 140.000000 627.000000 211.000000 1.783553 0.567529 1.000699 0.250275 0.690990 19.452144 -2.585297 0.832229
Pedestrian -1 -1 -10 816.000000 133.000000 876.000000 260.000000 1.820094 0.606269 0.825855 2.938837 1.211480 8.694925 1.519865 0.824821
Pedestrian -1 -1 -10 615.000000 147.000000 636.000000 207.000000 1.740303 0.532983 0.735603 0.600285 0.837313 19.873105 0.670572 0.619982
Pedestrian -1 -1 -10 245.000000 135.000000 282.000000 254.000000 1.853732 0.622241 0.892442 -5.696536 1.075079 11.727705 0.044849 0.613482
Pedestrian -1 -1 -10 592.000000 141.000000 625.000000 252.000000 1.736708 0.638365 0.627360 0.044127 1.380648 8.165370 -2.101904 0.374982
Pedestrian -1 -1 -10 638.000000 145.000000 656.000000 198.000000 1.765828 0.605734 0.521819 1.317392 0.539523 21.943398 1.190043 0.254691
Pedestrian -1 -1 -10 236.000000 126.000000 265.000000 274.000000 1.713057 0.630769 0.647808 -4.628015 1.663564 9.157825 -2.564542 0.223363
Pedestrian -1 -1 -10 551.000000 145.000000 569.000000 195.000000 1.832636 0.605617 0.759921 -1.941236 0.446395 28.777467 2.806980 0.170736
Cyclist -1 -1 -10 535.000000 144.000000 560.000000 191.000000 1.730911 0.647405 1.618362 -2.636275 0.063369 31.479030 2.598000 0.467408
Cyclist -1 -1 -10 288.000000 151.000000 384.000000 212.000000 1.691662 0.543766 1.650138 -7.292249 1.280389 18.900695 -2.514862 0.433744
Cyclist -1 -1 -10 305.000000 147.000000 356.000000 203.000000 1.688229 0.474918 1.534472 -3.879070 0.682338 9.566341 -1.995813 0.272222
Cyclist -1 -1 -10 552.000000 144.000000 569.000000 195.000000 1.775909 0.596550 1.737065 -1.971412 0.323112 28.801807 -2.011197 0.164661
Cyclist -1 -1 -10 269.000000 146.000000 323.000000 217.000000 1.724190 0.580920 1.772005 -7.762142 0.695026 17.440677 -1.553870 0.113153
Cyclist -1 -1 -10 328.000000 150.000000 380.000000 201.000000 1.672853 0.465683 1.497645 -4.047003 0.799966 11.114286 -1.960211 0.102413
Cyclist -1 -1 -10 586.000000 143.000000 623.000000 207.000000 1.702701 0.514984 1.792660 0.180039 0.562617 19.466406 -1.569606 0.081250
Cyclist -1 -1 -10 244.000000 132.000000 285.000000 257.000000 1.822726 0.574621 1.745445 -5.733696 1.129812 11.758017 -2.764584 0.052145
Cyclist -1 -1 -10 796.000000 155.000000 908.000000 369.000000 1.658247 0.657614 1.679676 1.353913 1.253505 3.422963 1.285986 0.042274
Cyclist -1 -1 -10 811.000000 140.000000 883.000000 285.000000 1.771798 0.621307 1.665321 3.178713 1.076504 9.110975 -0.296043 0.041984
Cyclist -1 -1 -10 427.000000 145.000000 451.000000 181.000000 1.722800 0.471908 1.575434 -8.750540 0.035070 36.857451 -1.822369 0.028484
Cyclist -1 -1 -10 495.000000 151.000000 592.000000 376.000000 1.685967 0.611906 1.662400 -0.402395 1.511260 4.539844 0.753783 0.011561
