Pedestrian -1 -1 -10 802.000000 143.000000 850.000000 272.000000 1.849081 0.623226 1.061914 3.195725 1.317767 10.445597 -1.845763 0.997485
Pedestrian -1 -1 -10 1053.000000 137.000000 1111.000000 284.000000 1.765688 0.527535 0.965921 5.777306 1.284391 8.623949 -2.099376 0.989322
Pedestrian -1 -1 -10 367.000000 164.000000 419.000000 310.000000 1.759550 0.690702 0.786093 -2.622389 1.557549 8.227152 -2.389677 0.941863
Pedestrian -1 -1 -10 494.000000 166.000000 512.000000 214.000000 1.780805 0.673108 0.788570 -3.793112 1.180652 27.570947 1.374510 0.928002
Pedestrian -1 -1 -10 1149.000000 140.000000 1235.000000 312.000000 1.690012 0.593434 0.664709 6.158305 1.258406 7.409677 1.084104 0.788721
Pedestrian -1 -1 -10 355.000000 162.000000 390.000000 304.000000 1.754172 0.638315 0.700891 -2.634503 1.529134 8.219462 2.732595 0.700617
Pedestrian -1 -1 -10 599.000000 165.000000 617.000000 219.000000 1.757050 0.636116 0.915900 0.217561 1.149633 23.959312 -1.514642 0.506339
Pedestrian -1 -1 -10 388.000000 163.000000 427.000000 277.000000 1.736727 0.616713 0.587172 -3.083278 1.491079 10.751870 -1.994952 0.304218
Pedestrian -1 -1 -10 578.000000 163.000000 598.000000 221.000000 1.744465 0.618950 0.899762 -0.512941 1.240254 23.851328 -1.999398 0.176706
Pedestrian -1 -1 -10 360.000000 161.000000 452.000000 254.000000 1.708904 0.716513 0.797638 -4.357181 1.491634 16.303063 0.097033 0.143841
Pedestrian -1 -1 -10 629.000000 162.000000 646.000000 209.000000 1.814472 0.709949 0.823430 1.548357 0.945868 30.503022 -1.589648 0.089250
Pedestrian -1 -1 -10 686.000000 177.000000 710.000000 233.000000 1.780089 0.752102 0.887363 3.260970 1.398071 23.386819 2.581477 0.076494
Pedestrian -1 -1 -10 301.000000 165.000000 432.000000 293.000000 1.700261 0.623889 0.892474 -2.615650 1.508740 8.512506 -2.478507 0.031561
Pedestrian -1 -1 -10 1209.000000 131.000000 1236.000000 196.000000 1.780409 0.586014 0.718775 9.966087 0.670613 11.616279 1.368827 0.030118
Pedestrian -1 -1 -10 717.000000 176.000000 739.000000 222.000000 1.605589 0.480312 0.867625 3.177853 1.362809 18.853115 -0.858603 0.020890
Pedestrian -1 -1 -10 396.000000 164.000000 420.000000 242.000000 1.735260 0.647646 0.659295 -4.330472 1.435586 16.195783 2.370442 0.013555
Car -1 -1 -10 6.000000 150.000000 394.000000 372.000000 1.551726 1.601465 3.821185 -2.645326 1.466823 4.147467 1.526457 0.989835
Car -1 -1 -10 423.000000 162.000000 492.000000 219.000000 1.754259 1.622257 3.907470 -5.202347 1.106588 27.400295 1.517175 0.368970
Car -1 -1 -10 379.000000 160.000000 468.000000 234.000000 1.949801 1.781348 4.266028 -5.119661 1.266257 20.949978 1.481376 0.342294
Car -1 -1 -10 305.000000 164.000000 430.000000 308.000000 1.599353 1.547569 3.344722 -3.788286 1.353361 8.925525 2.737714 0.012655
Cyclist -1 -1 -10 362.000000 166.000000 424.000000 297.000000 1.744372 0.650269 1.778763 -3.308963 1.545470 10.584689 -2.733553 0.028135
Cyclist -1 -1 -10 494.000000 167.000000 512.000000 214.000000 1.786612 0.610478 1.780271 -3.833871 1.199249 27.575974 1.410128 0.020230
Cyclist -1 -1 -10 1209.000000 131.000000 1236.000000 196.000000 1.696326 0.613148 1.559155 10.081648 0.412666 11.768741 3.299841 0.012302
Cyclist -1 -1 -10 367.000000 161.000000 467.000000 234.000000 1.800712 0.585094 1.751413 -4.493952 1.295579 19.438175 2.351328 0.011064
