Car -1 -1 -10 566.000000 202.000000 957.000000 377.000000 1.485657 1.554685 3.570573 1.041788 1.811017 6.336938 -2.040323 0.999545
Car -1 -1 -10 450.000000 216.000000 669.000000 341.000000 1.462873 1.658073 3.854353 -1.100774 2.052988 10.544303 -2.067111 0.998518
Car -1 -1 -10 336.000000 204.000000 433.000000 275.000000 1.585620 1.625561 3.725020 -6.319856 2.432796 19.138322 -2.049260 0.996061
Car -1 -1 -10 0.000000 234.000000 110.000000 329.000000 1.463534 1.622763 3.755612 -7.896557 2.266926 8.378735 -2.147073 0.990535
Car -1 -1 -10 289.000000 212.000000 342.000000 253.000000 1.431009 1.566962 3.801426 -11.916337 2.967238 30.062608 1.683204 0.990494
Car -1 -1 -10 393.000000 212.000000 529.000000 294.000000 1.416668 1.619222 3.718000 -3.284717 2.178035 14.576744 -2.076708 0.990098
Car -1 -1 -10 73.000000 213.000000 159.000000 274.000000 1.557147 1.588830 3.752218 -16.038712 2.858096 23.381979 -2.152942 0.936622
Car -1 -1 -10 142.000000 218.000000 181.000000 245.000000 1.479112 1.591417 3.546067 -10.429526 2.796749 17.180432 1.826935 0.817418
Car -1 -1 -10 309.000000 209.000000 384.000000 263.000000 1.543423 1.551114 3.343580 -7.943398 2.426194 19.392740 1.705564 0.664396
Car -1 -1 -10 278.000000 214.000000 321.000000 247.000000 1.441043 1.584932 3.807776 -12.054111 2.948064 29.951184 1.673737 0.244556
Car -1 -1 -10 -1.000000 242.000000 48.000000 373.000000 1.472483 1.601990 3.724876 -7.720694 2.320035 8.043266 -2.131524 0.118662
