Pedestrian -1 -1 -10 572.000000 170.000000 583.000000 199.000000 1.829912 0.632271 0.836785 -1.878762 1.080445 46.050833 2.018404 0.211934
Pedestrian -1 -1 -10 509.000000 170.000000 522.000000 203.000000 1.742358 0.594654 0.640995 -5.835991 1.312874 44.621012 -1.187319 0.207511
Pedestrian -1 -1 -10 587.000000 167.000000 602.000000 196.000000 1.785284 0.632480 1.056545 -0.717601 1.011622 47.691711 -2.023286 0.103395
Pedestrian -1 -1 -10 456.000000 172.000000 469.000000 205.000000 1.833154 0.525385 0.897579 -9.151005 1.490287 44.548338 -3.304636 0.084860
Pedestrian -1 -1 -10 575.000000 168.000000 599.000000 198.000000 1.746263 0.563472 0.990617 -1.726864 0.931584 46.416461 3.063422 0.020543
Car -1 -1 -10 518.000000 176.000000 555.000000 203.000000 1.499486 1.639914 3.660887 -3.852131 1.266756 40.080145 -1.631634 0.996244
Car -1 -1 -10 918.000000 148.000000 1042.000000 191.000000 1.524471 1.576878 3.959595 14.134790 0.273416 26.471910 3.075707 0.967429
Cyclist -1 -1 -10 388.000000 177.000000 411.000000 216.000000 1.733711 0.458568 1.746327 -10.460977 1.663333 36.228537 -1.556182 0.965521
Cyclist -1 -1 -10 635.000000 168.000000 668.000000 196.000000 1.738045 0.638575 1.747875 2.898981 0.966663 45.120146 0.034015 0.906671
Cyclist -1 -1 -10 578.000000 169.000000 609.000000 197.000000 1.730688 0.755909 1.795378 -0.796808 0.925104 47.944535 0.001021 0.253429
Cyclist -1 -1 -10 586.000000 168.000000 601.000000 195.000000 1.728175 0.673820 1.751939 -0.739942 0.904415 47.846078 2.704171 0.119488
Cyclist -1 -1 -10 508.000000 171.000000 522.000000 203.000000 1.688622 0.515688 1.659237 -5.710221 1.817168 42.589727 -1.561377 0.030936
Cyclist -1 -1 -10 571.000000 170.000000 591.000000 199.000000 1.762343 0.490241 1.633773 -1.731474 0.897287 46.630663 -1.046196 0.023696
