Pedestrian -1 -1 -10 773.000000 176.000000 805.000000 271.000000 1.719211 0.650980 0.706445 3.080350 1.714284 12.481006 -1.288402 0.705311
Pedestrian -1 -1 -10 802.000000 167.000000 853.000000 303.000000 1.690878 0.687166 0.826016 2.779498 1.624059 9.116977 -1.293173 0.058756
Pedestrian -1 -1 -10 807.000000 176.000000 839.000000 213.000000 1.715642 0.581921 0.727677 2.602409 1.541271 9.541830 3.248695 0.022933
Pedestrian -1 -1 -10 805.000000 176.000000 845.000000 247.000000 1.827812 0.525992 0.700683 3.107770 1.453199 10.860959 0.462243 0.013620
Car -1 -1 -10 578.000000 180.000000 633.000000 217.000000 1.483923 1.615889 3.915804 -0.136115 1.860855 31.813593 1.785211 0.998947
Car -1 -1 -10 141.000000 193.000000 437.000000 367.000000 1.469529 1.559541 3.691065 -3.315311 1.769041 8.165804 1.640850 0.998084
Car -1 -1 -10 379.000000 174.000000 473.000000 217.000000 1.495839 1.568518 3.908382 -7.396977 1.620336 27.321616 -3.044612 0.969142
Car -1 -1 -10 605.000000 176.000000 652.000000 213.000000 1.576826 1.674276 4.143230 0.783371 1.926221 35.093645 1.800976 0.929509
Car -1 -1 -10 635.000000 178.000000 676.000000 205.000000 1.538555 1.569521 3.819308 3.079503 1.977912 44.991857 1.785042 0.629918
Car -1 -1 -10 756.000000 173.000000 786.000000 202.000000 1.464722 1.627143 3.928708 10.040175 1.810406 42.761726 -1.385655 0.606426
Car -1 -1 -10 950.000000 176.000000 1079.000000 219.000000 1.483143 1.549856 3.775060 12.569670 1.382788 23.077765 0.403377 0.074023
Car -1 -1 -10 832.000000 146.000000 950.000000 196.000000 2.006661 1.774285 4.324436 14.164471 1.059487 37.970764 0.042973 0.029952
Cyclist -1 -1 -10 797.000000 165.000000 864.000000 316.000000 1.769503 0.579634 1.878716 2.738065 1.728903 9.129622 -1.416707 0.999097
Cyclist -1 -1 -10 772.000000 176.000000 805.000000 272.000000 1.715260 0.554920 1.909609 3.028438 1.764003 12.464044 -1.444028 0.773336
Cyclist -1 -1 -10 805.000000 173.000000 840.000000 227.000000 1.637700 0.466787 1.517042 3.259547 1.213019 11.658427 -1.332579 0.016031
