Car -1 -1 -10 561.000000 179.000000 620.000000 235.000000 1.513858 1.653674 3.648424 -0.547622 1.415495 22.999848 -1.589138 0.999374
Car -1 -1 -10 483.000000 180.000000 544.000000 227.000000 1.529820 1.651870 3.963561 -3.270282 1.387736 25.566795 -1.605236 0.999001
Car -1 -1 -10 339.000000 176.000000 493.000000 286.000000 1.604154 1.653690 4.025549 -3.253984 1.514216 12.691709 -1.583965 0.998941
Car -1 -1 -10 15.000000 194.000000 369.000000 373.000000 1.538945 1.648846 3.972530 -3.122353 1.637425 4.715297 -1.578261 0.996225
Car -1 -1 -10 332.000000 179.000000 412.000000 234.000000 1.578012 1.613127 3.727016 -8.128560 1.516327 24.425139 -1.905568 0.965017
Car -1 -1 -10 289.000000 185.000000 347.000000 219.000000 1.438051 1.595901 3.683467 -12.660229 1.408408 31.345527 -1.563163 0.955090
Car -1 -1 -10 36.000000 183.000000 284.000000 273.000000 1.481430 1.591521 3.878645 -7.652878 1.415991 12.710566 -1.568896 0.553490
Car -1 -1 -10 118.000000 187.000000 257.000000 250.000000 1.533851 1.428494 3.029200 -11.917302 1.553434 21.098982 0.554368 0.020820
Car -1 -1 -10 465.000000 179.000000 506.000000 207.000000 1.546982 1.655039 3.856409 -8.828595 1.187050 51.270111 -1.683718 0.014359
Car -1 -1 -10 436.000000 182.000000 477.000000 209.000000 1.454659 1.584746 3.679244 -8.208598 0.998512 37.687096 -1.554121 0.013815
Car -1 -1 -10 3.000000 192.000000 167.000000 365.000000 1.483013 1.582436 3.908162 -7.527530 1.423767 12.449302 -1.595180 0.010691
Car -1 -1 -10 571.000000 180.000000 613.000000 213.000000 1.516395 1.538996 3.738306 -0.599499 1.294973 22.575508 -1.693430 0.010169
