Pedestrian -1 -1 -10 770.000000 154.000000 810.000000 261.000000 1.838101 0.634321 0.843855 3.164094 1.329390 12.019830 1.727442 0.855462
Pedestrian -1 -1 -10 504.000000 162.000000 522.000000 213.000000 1.824093 0.658692 0.801740 -3.502480 1.155501 28.048890 1.545751 0.469180
Pedestrian -1 -1 -10 1150.000000 128.000000 1236.000000 328.000000 1.556600 0.531904 0.684718 5.690680 0.887873 6.448593 -1.358796 0.422921
Pedestrian -1 -1 -10 597.000000 163.000000 609.000000 193.000000 1.758831 0.716560 0.790679 -0.038514 0.454663 42.694546 -1.648752 0.230026
Pedestrian -1 -1 -10 614.000000 164.000000 623.000000 194.000000 1.816642 0.544718 0.602022 1.042232 0.615290 43.111851 1.619559 0.183959
Pedestrian -1 -1 -10 559.000000 163.000000 576.000000 196.000000 1.730831 0.497354 0.580520 -2.094322 0.679208 43.349768 2.517254 0.056033
Pedestrian -1 -1 -10 604.000000 164.000000 614.000000 193.000000 1.689949 0.598920 0.502379 0.260400 0.489024 44.620626 1.665755 0.033807
Pedestrian -1 -1 -10 568.000000 163.000000 577.000000 189.000000 1.734664 0.569571 0.746672 -0.462257 0.997692 6.851757 2.951556 0.031993
Pedestrian -1 -1 -10 1079.000000 150.000000 1232.000000 301.000000 1.672199 0.528331 0.613797 5.282399 1.058840 7.580509 1.199833 0.028102
Pedestrian -1 -1 -10 537.000000 169.000000 561.000000 202.000000 1.855905 0.670319 0.922695 -3.280756 1.054829 38.954249 -2.064847 0.024613
Pedestrian -1 -1 -10 576.000000 163.000000 584.000000 190.000000 1.748246 0.642021 0.884310 -1.526687 0.518245 53.596406 3.053568 0.017742
Pedestrian -1 -1 -10 426.000000 154.000000 442.000000 200.000000 1.776776 0.678025 0.763107 -6.310091 1.570925 27.347837 -1.258158 0.017665
Pedestrian -1 -1 -10 495.000000 165.000000 527.000000 221.000000 1.820934 0.660524 0.799539 -3.503253 1.146320 28.060083 1.551929 0.017617
Car -1 -1 -10 471.000000 174.000000 582.000000 263.000000 1.542794 1.667519 4.033934 -1.283424 1.403289 13.916620 1.606980 0.999346
Car -1 -1 -10 1042.000000 154.000000 1228.000000 248.000000 1.540043 1.593954 3.951856 6.733563 0.825197 10.218009 3.154794 0.089340
Car -1 -1 -10 1136.000000 140.000000 1238.000000 314.000000 1.546325 1.660461 3.830471 6.211424 0.892487 7.720751 -0.889151 0.014705
Cyclist -1 -1 -10 1141.000000 138.000000 1236.000000 330.000000 1.679343 0.476748 1.509981 5.964391 0.932084 6.838260 -0.887868 0.256410
Cyclist -1 -1 -10 769.000000 156.000000 812.000000 262.000000 1.665239 0.593592 1.645507 3.210746 0.936681 12.182589 1.115664 0.087649
Cyclist -1 -1 -10 557.000000 163.000000 574.000000 201.000000 1.679398 0.481767 1.647155 -2.197679 0.594542 43.528953 -1.903661 0.064803
Cyclist -1 -1 -10 497.000000 165.000000 523.000000 215.000000 1.745701 0.493547 1.405434 -2.348016 1.276574 17.005488 -1.719912 0.061242
Cyclist -1 -1 -10 535.000000 167.000000 568.000000 206.000000 1.681636 0.562258 1.633119 -3.137144 0.645605 40.235485 0.034652 0.052982
Cyclist -1 -1 -10 1052.000000 153.000000 1232.000000 294.000000 1.691705 0.533112 1.629032 5.346305 1.064637 7.859872 1.461865 0.020130
