Pedestrian -1 -1 -10 91.000000 167.000000 142.000000 274.000000 1.758759 0.617362 0.759816 -7.204783 1.497964 10.667435 -2.199236 0.070042
Car -1 -1 -10 272.000000 176.000000 414.000000 239.000000 1.517241 1.614772 3.727765 -6.977400 1.659004 19.251082 -3.055858 0.998246
Car -1 -1 -10 743.000000 189.000000 948.000000 331.000000 1.452936 1.569365 3.654867 2.985350 1.697141 9.642814 1.527514 0.992906
Car -1 -1 -10 344.000000 179.000000 475.000000 230.000000 1.534626 1.574143 3.771588 -6.037184 1.603046 22.914320 1.999241 0.979033
Car -1 -1 -10 642.000000 180.000000 679.000000 211.000000 1.461526 1.605123 3.880933 2.792036 1.857891 37.456922 -1.494141 0.965798
Car -1 -1 -10 0.000000 187.000000 163.000000 368.000000 1.475799 1.601331 3.797369 -6.264527 1.639257 6.412486 -3.198018 0.875751
Car -1 -1 -10 396.000000 179.000000 495.000000 222.000000 1.533689 1.647329 3.887225 -6.072786 1.840673 28.902700 -3.226012 0.550728
Car -1 -1 -10 434.000000 178.000000 520.000000 214.000000 1.535421 1.622801 3.853487 -6.438781 1.390296 33.464338 0.841813 0.107292
Car -1 -1 -10 -1.000000 195.000000 78.000000 373.000000 1.492687 1.600083 3.683874 -4.955910 1.436727 4.880810 1.268647 0.043317
Car -1 -1 -10 858.000000 7.000000 1242.000000 369.000000 1.916920 1.713842 4.225203 2.889141 1.418924 3.357632 -1.583362 0.030267
Car -1 -1 -10 832.000000 183.000000 1044.000000 367.000000 1.526081 1.537068 3.434942 3.108811 2.361610 8.884884 1.991641 0.029789
Car -1 -1 -10 668.000000 181.000000 727.000000 216.000000 1.527866 1.590294 3.449424 1.808236 1.251812 18.524698 1.696192 0.029491
Car -1 -1 -10 476.000000 177.000000 545.000000 205.000000 1.548230 1.592295 3.886387 -5.984457 1.548843 41.393527 0.010912 0.025736
Car -1 -1 -10 652.000000 181.000000 704.000000 211.000000 1.492037 1.600040 3.717441 2.612464 1.944291 37.275480 -1.542635 0.011921
Car -1 -1 -10 672.000000 171.000000 762.000000 227.000000 1.643127 1.631343 3.809333 2.544636 1.527807 21.200804 -1.594943 0.010600
Cyclist -1 -1 -10 73.000000 174.000000 150.000000 277.000000 1.738851 0.588784 1.558829 -8.030173 1.435096 11.502368 2.384549 0.169893
