Pedestrian -1 -1 -10 948.000000 139.000000 1066.000000 372.000000 1.688996 0.606046 0.794583 2.715766 1.404591 4.857166 2.121838 0.997712
Pedestrian -1 -1 -10 586.000000 162.000000 610.000000 234.000000 1.744730 0.625813 1.033756 -0.176903 1.234129 17.783954 -1.136673 0.996377
Pedestrian -1 -1 -10 1039.000000 117.000000 1126.000000 331.000000 1.803091 0.685174 1.006020 4.428428 1.299099 6.710530 -2.008663 0.993046
Pedestrian -1 -1 -10 501.000000 160.000000 534.000000 259.000000 1.760406 0.654665 0.997339 -1.669729 1.370333 13.638464 1.424787 0.992372
Pedestrian -1 -1 -10 470.000000 166.000000 506.000000 259.000000 1.820865 0.710724 0.893818 -2.149481 1.435376 13.545404 1.531732 0.986623
Pedestrian -1 -1 -10 634.000000 164.000000 658.000000 230.000000 1.806970 0.656656 0.802353 1.088843 1.176424 18.839455 -1.002728 0.964493
Pedestrian -1 -1 -10 143.000000 216.000000 264.000000 369.000000 1.712808 0.476791 0.592023 -2.544318 1.956466 4.448724 0.012354 0.768270
Pedestrian -1 -1 -10 74.000000 235.000000 232.000000 373.000000 1.719189 0.656336 0.479515 -2.240211 2.015386 3.449463 -2.588830 0.540667
Pedestrian -1 -1 -10 672.000000 166.000000 694.000000 224.000000 1.723947 0.614563 0.790081 2.160116 1.211708 19.904830 3.174144 0.317572
Pedestrian -1 -1 -10 614.000000 163.000000 631.000000 212.000000 1.727503 0.637242 0.903853 0.746050 0.985166 25.868629 -1.650991 0.287873
Pedestrian -1 -1 -10 1035.000000 125.000000 1087.000000 295.000000 1.756357 0.638471 0.662672 4.313905 1.083135 6.663684 0.563206 0.261209
Pedestrian -1 -1 -10 279.000000 215.000000 339.000000 315.000000 1.750785 0.579977 0.630392 -3.125419 1.939378 7.473363 1.698831 0.249988
Pedestrian -1 -1 -10 116.000000 211.000000 197.000000 345.000000 1.716084 0.403418 0.645072 -2.986560 1.693336 4.021823 -2.092079 0.247037
Pedestrian -1 -1 -10 173.000000 219.000000 249.000000 314.000000 1.784968 0.662629 0.674756 -3.673502 1.496556 6.906143 -1.636715 0.239655
Pedestrian -1 -1 -10 963.000000 150.000000 993.000000 230.000000 1.721409 0.560777 0.769409 6.053901 0.876987 11.828874 3.035086 0.226010
Pedestrian -1 -1 -10 1034.000000 143.000000 1065.000000 232.000000 1.803298 0.750594 0.549658 6.681846 1.123470 11.185033 2.068377 0.147433
Cyclist -1 -1 -10 696.000000 158.000000 736.000000 229.000000 1.841226 0.457212 1.648810 3.514766 1.160765 21.660772 -0.842353 0.293287
Cyclist -1 -1 -10 115.000000 223.000000 268.000000 368.000000 1.698500 0.534949 1.706772 -2.488913 1.834765 3.572409 -1.563873 0.166114
Cyclist -1 -1 -10 68.000000 240.000000 215.000000 372.000000 1.701501 0.650867 1.733606 -2.346049 1.866187 3.521566 1.542982 0.084142
Cyclist -1 -1 -10 675.000000 165.000000 708.000000 225.000000 1.754798 0.591938 1.587279 2.406698 1.204858 21.171879 2.156985 0.062784
Cyclist -1 -1 -10 111.000000 213.000000 206.000000 339.000000 1.702671 0.577031 1.700741 -2.399447 1.703557 3.528392 -1.676654 0.017201
