Pedestrian -1 -1 -10 811.000000 167.000000 831.000000 218.000000 1.769325 0.559932 0.916242 11.200331 1.452805 37.748718 -0.847405 0.034745
Car -1 -1 -10 506.000000 178.000000 548.000000 209.000000 1.522989 1.546303 3.533037 -4.105601 1.771209 35.901229 1.661756 0.999544
Car -1 -1 -10 794.000000 183.000000 1025.000000 315.000000 1.518650 1.623228 3.788349 3.744075 1.628465 9.717930 -1.564644 0.999503
Car -1 -1 -10 305.000000 186.000000 447.000000 272.000000 1.521934 1.579568 3.777991 -4.604907 1.820582 14.689396 1.599450 0.999235
Car -1 -1 -10 54.000000 190.000000 354.000000 356.000000 1.509351 1.616285 3.798362 -4.700211 1.808511 9.007835 1.557842 0.998855
Car -1 -1 -10 396.000000 184.000000 488.000000 242.000000 1.456143 1.636980 4.029473 -4.629093 1.795420 19.898319 1.576935 0.998781
Car -1 -1 -10 731.000000 179.000000 861.000000 262.000000 1.484554 1.659178 4.030859 3.636072 1.650574 14.884248 -1.680778 0.997020
Car -1 -1 -10 709.000000 177.000000 786.000000 238.000000 1.470729 1.594053 3.815090 3.816603 1.646884 20.081045 -1.534660 0.996988
Car -1 -1 -10 960.000000 188.000000 1237.000000 373.000000 1.516603 1.634455 3.818180 3.802097 1.696540 4.180317 -1.563623 0.972869
Car -1 -1 -10 698.000000 176.000000 754.000000 222.000000 1.544788 1.629293 3.836687 4.096777 1.712656 25.630322 -1.539559 0.965417
Car -1 -1 -10 527.000000 176.000000 561.000000 205.000000 1.584881 1.652766 4.121229 -3.832318 1.761934 40.888139 1.650072 0.926040
Car -1 -1 -10 688.000000 176.000000 730.000000 214.000000 1.550465 1.615219 3.824186 4.211837 1.729362 31.129172 -1.547435 0.709397
Car -1 -1 -10 1067.000000 171.000000 1191.000000 219.000000 1.510989 1.617325 3.811199 18.886974 1.357358 25.325784 -0.022796 0.521930
Car -1 -1 -10 924.000000 171.000000 989.000000 206.000000 1.510391 1.641273 4.061547 12.791529 0.868446 30.901005 -1.750716 0.244881
