Pedestrian -1 -1 -10 83.000000 166.000000 110.000000 210.000000 1.773020 0.534456 1.021689 -21.278705 1.635216 29.726538 -0.007433 0.274335
Pedestrian -1 -1 -10 68.000000 168.000000 91.000000 211.000000 1.772992 0.644716 0.850065 -21.298028 1.642678 29.238196 -0.578867 0.265793
Pedestrian -1 -1 -10 94.000000 168.000000 120.000000 208.000000 1.818188 0.630731 0.823697 -21.621621 1.666087 30.618558 0.536049 0.142516
Pedestrian -1 -1 -10 596.000000 166.000000 605.000000 198.000000 1.823005 0.721353 0.752680 -0.601587 1.407456 41.090341 3.009549 0.115681
Pedestrian -1 -1 -10 594.000000 167.000000 614.000000 196.000000 1.805290 0.638702 0.767281 -0.572111 1.320518 40.878085 3.033932 0.023177
Pedestrian -1 -1 -10 592.000000 166.000000 601.000000 196.000000 1.769907 0.651657 0.636240 -0.759560 2.409003 44.441113 -2.128609 0.023063
Car -1 -1 -10 622.000000 168.000000 678.000000 193.000000 1.513105 1.719007 4.084729 2.686527 1.212947 46.693190 -2.071736 0.968191
Car -1 -1 -10 541.000000 160.000000 596.000000 196.000000 1.536487 1.616755 3.800835 -2.727814 1.379872 44.273092 1.035083 0.331753
Car -1 -1 -10 590.000000 167.000000 626.000000 195.000000 1.517873 1.652419 3.766776 -0.215955 1.311394 46.372839 -2.051838 0.294113
Car -1 -1 -10 -2.000000 173.000000 59.000000 222.000000 1.523733 1.596210 3.690867 -19.075257 1.441962 24.019160 -2.195208 0.044332
Car -1 -1 -10 596.000000 167.000000 612.000000 197.000000 1.525851 1.592469 3.806244 -0.594453 1.472073 46.475514 1.197711 0.012197
Cyclist -1 -1 -10 79.000000 167.000000 109.000000 210.000000 1.743943 0.587903 1.747416 -21.334417 1.596664 29.411459 -1.743330 0.134548
Cyclist -1 -1 -10 69.000000 166.000000 97.000000 211.000000 1.719665 0.565664 1.720294 -21.406565 1.650835 29.374644 -2.213570 0.029379
