Car -1 -1 -10 10.000000 180.000000 366.000000 295.000000 1.557666 1.646090 4.165363 -6.217234 1.669272 10.663060 0.031334 0.999587
Car -1 -1 -10 684.000000 184.000000 778.000000 252.000000 1.398416 1.619665 3.945757 2.679555 1.718181 16.837120 -1.554557 0.999556
Car -1 -1 -10 552.000000 176.000000 585.000000 202.000000 1.500891 1.614687 3.781493 -2.310213 1.609696 40.957299 1.616036 0.996071
Car -1 -1 -10 353.000000 175.000000 508.000000 225.000000 1.510741 1.597917 4.045559 -5.783097 1.890527 23.185029 -3.243870 0.987997
Car -1 -1 -10 666.000000 179.000000 717.000000 220.000000 1.439260 1.597562 3.890860 2.866805 1.631262 26.023277 -1.582366 0.909288
Car -1 -1 -10 421.000000 175.000000 515.000000 215.000000 1.520005 1.592850 3.783508 -6.162448 1.366434 32.445759 -3.208204 0.852284
Car -1 -1 -10 291.000000 175.000000 464.000000 234.000000 1.562631 1.638431 3.940691 -5.943289 1.555837 18.503798 0.151113 0.820737
Car -1 -1 -10 481.000000 175.000000 545.000000 200.000000 1.526500 1.661328 3.958197 -6.107422 1.615702 47.944229 -0.122540 0.388285
Car -1 -1 -10 642.000000 172.000000 675.000000 198.000000 1.522332 1.588346 3.406524 2.772772 1.488422 44.211271 -1.614834 0.167537
Car -1 -1 -10 214.000000 174.000000 406.000000 242.000000 1.531611 1.661398 4.040801 -6.895053 1.497081 18.119785 0.037889 0.091388
