Pedestrian -1 -1 -10 444.000000 168.000000 461.000000 200.000000 1.798380 0.778326 0.838926 -7.756192 1.389027 35.477767 -1.404657 0.047588
Pedestrian -1 -1 -10 515.000000 174.000000 552.000000 220.000000 1.726305 0.634365 0.616650 -2.555469 2.199699 21.335233 -1.117540 0.012152
Car -1 -1 -10 642.000000 176.000000 675.000000 205.000000 1.530568 1.635008 3.890336 2.809526 1.789136 40.212565 1.664427 0.999376
Car -1 -1 -10 403.000000 170.000000 521.000000 261.000000 1.608124 1.672666 3.949552 -2.860121 1.616733 15.318314 1.587191 0.998008
Car -1 -1 -10 740.000000 195.000000 1008.000000 367.000000 1.489077 1.559265 3.568741 2.518304 1.719608 7.841049 -1.518043 0.997925
Car -1 -1 -10 2.000000 171.000000 257.000000 305.000000 1.478681 1.645618 4.127162 -7.264953 1.518774 9.005417 -3.162129 0.993432
Car -1 -1 -10 900.000000 194.000000 1246.000000 372.000000 1.505691 1.603999 3.788172 2.558657 1.616057 2.251371 -1.597212 0.951171
Car -1 -1 -10 500.000000 175.000000 559.000000 223.000000 1.446355 1.586312 3.862891 -2.880497 1.661828 22.715110 -1.464904 0.074868
Car -1 -1 -10 496.000000 172.000000 563.000000 281.000000 1.607586 1.541080 3.460835 -1.013414 1.606599 11.441090 -0.585465 0.014473
Cyclist -1 -1 -10 497.000000 168.000000 562.000000 301.000000 1.796295 0.671085 1.819399 -1.136309 1.682610 10.370257 1.677922 0.999180
Cyclist -1 -1 -10 498.000000 174.000000 561.000000 233.000000 1.725531 0.652204 1.740983 -2.512809 1.772146 21.881206 -1.179481 0.348865
Cyclist -1 -1 -10 520.000000 172.000000 554.000000 220.000000 1.726399 0.527234 1.685485 -2.480454 1.883986 21.890081 -1.101788 0.036163
Cyclist -1 -1 -10 898.000000 196.000000 1241.000000 374.000000 1.780393 0.786022 1.878876 1.936251 1.737930 2.577914 1.389685 0.015134
Cyclist -1 -1 -10 406.000000 169.000000 524.000000 265.000000 1.732698 0.687024 1.749075 -2.816168 1.730466 14.086109 2.421888 0.013323
