Pedestrian -1 -1 -10 814.000000 148.000000 845.000000 252.000000 1.721160 0.650547 0.838276 5.377510 1.171373 17.892524 -1.716677 0.832120
Pedestrian -1 -1 -10 788.000000 154.000000 815.000000 246.000000 1.727309 0.750824 0.800991 4.827321 1.332749 18.320043 -0.829861 0.639556
Pedestrian -1 -1 -10 800.000000 165.000000 863.000000 247.000000 1.705431 0.763165 0.791600 5.358084 1.274709 17.891701 -1.702059 0.042250
Pedestrian -1 -1 -10 722.000000 185.000000 840.000000 269.000000 1.720378 0.660660 0.726116 2.658208 1.856479 12.752381 -0.858524 0.023335
Pedestrian -1 -1 -10 782.000000 162.000000 837.000000 260.000000 1.809511 0.445924 0.581855 3.981726 1.513414 15.601006 -1.244474 0.013684
Pedestrian -1 -1 -10 826.000000 166.000000 849.000000 248.000000 1.758996 0.606988 0.846514 5.651751 1.313449 18.188308 0.906673 0.012270
Car -1 -1 -10 762.000000 185.000000 1037.000000 349.000000 1.490391 1.573841 3.617822 3.006266 1.626192 8.396519 -1.651400 0.999168
Car -1 -1 -10 0.000000 195.000000 270.000000 359.000000 1.532354 1.593345 3.731815 -5.875774 1.903030 9.138519 1.566810 0.998995
Car -1 -1 -10 232.000000 195.000000 376.000000 280.000000 1.498339 1.536587 3.677217 -5.904575 1.946995 14.219033 1.528384 0.997153
Car -1 -1 -10 723.000000 185.000000 838.000000 268.000000 1.423492 1.575479 3.686648 3.198852 1.659670 14.014357 -1.578210 0.986608
Car -1 -1 -10 912.000000 190.000000 1256.000000 374.000000 1.459400 1.607673 3.920004 2.937444 1.659656 2.988509 -1.587412 0.951300
Car -1 -1 -10 327.000000 177.000000 432.000000 225.000000 1.775856 1.737889 4.194087 -12.099642 2.189708 38.637547 -3.088665 0.310123
Car -1 -1 -10 905.000000 169.000000 975.000000 207.000000 1.539783 1.475149 3.749381 13.673796 1.495699 29.080515 1.443406 0.041351
Car -1 -1 -10 291.000000 188.000000 338.000000 213.000000 1.480716 1.631791 3.774956 -19.477517 2.526141 47.980018 0.819076 0.021312
Car -1 -1 -10 1084.000000 203.000000 1239.000000 373.000000 1.500762 1.550361 3.505384 3.413309 1.298873 2.499442 1.601382 0.012895
Cyclist -1 -1 -10 890.000000 176.000000 988.000000 223.000000 1.687803 0.459608 1.581738 11.604237 1.308462 25.224542 0.528984 0.212263
Cyclist -1 -1 -10 808.000000 162.000000 862.000000 244.000000 1.703121 0.622085 1.684120 5.646451 1.104744 17.939016 0.705199 0.177946
Cyclist -1 -1 -10 737.000000 179.000000 765.000000 210.000000 1.746629 0.688826 1.809915 8.128423 1.777817 41.702366 3.243494 0.109084
Cyclist -1 -1 -10 840.000000 185.000000 957.000000 224.000000 1.608371 0.320040 1.432561 8.388878 1.549343 20.685879 -1.137804 0.058905
Cyclist -1 -1 -10 814.000000 185.000000 897.000000 237.000000 1.716093 0.599002 1.653493 5.798085 1.576760 17.912819 2.936738 0.054531
Cyclist -1 -1 -10 723.000000 181.000000 842.000000 272.000000 1.748854 0.577902 1.752139 2.840251 1.804925 12.872260 -1.796618 0.041637
Cyclist -1 -1 -10 811.000000 182.000000 831.000000 252.000000 1.662442 0.532249 1.570598 5.216489 1.416090 17.947709 -1.793938 0.016185
Cyclist -1 -1 -10 817.000000 145.000000 845.000000 259.000000 1.713266 0.527992 1.722212 5.419164 1.093474 17.958650 -0.743896 0.014778
