Car -1 -1 -10 659.000000 182.000000 718.000000 227.000000 1.459485 1.604087 3.919583 2.651903 1.791436 25.037693 -1.589402 0.998703
Car -1 -1 -10 179.000000 200.000000 419.000000 341.000000 1.468252 1.567527 3.650166 -3.849147 1.896883 9.511332 1.591196 0.997728
Car -1 -1 -10 838.000000 166.000000 1048.000000 231.000000 1.531013 1.671143 4.240594 8.014512 1.467736 17.912483 3.128465 0.997402
Car -1 -1 -10 403.000000 185.000000 481.000000 233.000000 1.532733 1.622682 3.990711 -6.507698 2.190238 27.649056 1.754515 0.991654
Car -1 -1 -10 476.000000 185.000000 515.000000 213.000000 1.548975 1.627697 3.961535 -6.584251 2.262500 40.334645 1.554731 0.978956
Car -1 -1 -10 0.000000 220.000000 174.000000 373.000000 1.518094 1.643727 4.019899 -3.567015 1.706699 2.664856 1.516184 0.599391
Car -1 -1 -10 764.000000 166.000000 882.000000 211.000000 1.602622 1.654993 4.111038 8.030509 1.431746 27.442824 3.021753 0.257668
Car -1 -1 -10 812.000000 164.000000 952.000000 221.000000 1.629173 1.619120 3.931951 7.774265 1.333029 21.132463 3.127837 0.237871
Car -1 -1 -10 300.000000 197.000000 412.000000 259.000000 1.478535 1.608463 3.850566 -6.224329 2.240133 18.261616 1.524503 0.119768
Car -1 -1 -10 950.000000 157.000000 1069.000000 192.000000 1.531524 1.617273 3.970248 21.031139 0.910739 37.847692 -0.069627 0.097324
Car -1 -1 -10 394.000000 198.000000 452.000000 235.000000 1.458241 1.604026 4.129980 -6.523115 2.235655 26.382512 1.408715 0.073005
Car -1 -1 -10 1012.000000 151.000000 1136.000000 188.000000 1.687787 1.636308 3.780593 21.827326 0.865695 33.695000 -0.014010 0.041534
