Pedestrian -1 -1 -10 769.000000 173.000000 794.000000 239.000000 1.701522 0.592214 0.667871 2.552623 1.415486 11.405375 -1.878294 0.023461
Pedestrian -1 -1 -10 772.000000 168.000000 800.000000 206.000000 1.738308 0.583462 0.733462 2.383637 1.171031 10.483817 0.362510 0.012707
Car -1 -1 -10 339.000000 188.000000 504.000000 293.000000 1.452552 1.545069 3.676175 -3.034372 1.777183 12.295897 1.667599 0.999310
Car -1 -1 -10 599.000000 178.000000 649.000000 210.000000 1.462017 1.616032 3.953433 0.722161 1.771295 35.938748 1.788095 0.998822
Car -1 -1 -10 623.000000 173.000000 665.000000 207.000000 1.494582 1.542082 3.508729 1.180348 1.708923 37.320234 -1.303700 0.848754
Car -1 -1 -10 442.000000 173.000000 508.000000 209.000000 1.466956 1.621632 4.065246 -5.844167 1.529823 32.263170 -1.616056 0.774020
Car -1 -1 -10 654.000000 174.000000 692.000000 201.000000 1.564977 1.606765 3.877509 4.359173 1.838518 49.049073 1.841557 0.123802
Car -1 -1 -10 758.000000 171.000000 805.000000 196.000000 1.492829 1.640345 3.637243 10.751559 1.532305 46.472010 1.787423 0.055576
Car -1 -1 -10 772.000000 168.000000 800.000000 206.000000 1.528690 1.552478 3.475459 10.844240 1.575746 46.293408 -1.338831 0.016563
Car -1 -1 -10 752.000000 170.000000 810.000000 234.000000 1.514618 1.597391 3.834516 5.955025 2.230901 17.513141 1.785624 0.016029
Cyclist -1 -1 -10 766.000000 164.000000 819.000000 288.000000 1.763308 0.634533 1.930650 2.737472 1.666329 11.181560 -1.430491 0.999078
Cyclist -1 -1 -10 751.000000 170.000000 792.000000 256.000000 1.707674 0.573045 1.812021 3.104545 1.711864 14.550497 -1.572990 0.947566
Cyclist -1 -1 -10 758.000000 170.000000 806.000000 224.000000 1.703404 0.511629 1.549968 4.237056 1.328511 18.897793 -1.382582 0.186362
Cyclist -1 -1 -10 769.000000 173.000000 794.000000 239.000000 1.697031 0.481972 1.444754 2.870407 0.880295 11.785569 -1.370808 0.071078
Cyclist -1 -1 -10 772.000000 168.000000 800.000000 206.000000 1.701046 0.512457 1.509884 4.138351 1.256216 17.953097 -1.371599 0.022437
