Car -1 -1 -10 801.000000 183.000000 1226.000000 373.000000 1.476654 1.607570 3.704333 2.793959 1.706703 5.813440 -1.575730 0.996986
Car -1 -1 -10 635.000000 177.000000 671.000000 205.000000 1.469782 1.633907 3.964103 2.305158 1.720767 39.474020 -1.613262 0.995459
Car -1 -1 -10 738.000000 180.000000 891.000000 236.000000 1.540477 1.593645 3.916752 6.048055 1.815426 21.364363 3.053821 0.986392
Car -1 -1 -10 140.000000 180.000000 398.000000 264.000000 1.526345 1.634257 4.170387 -6.843478 1.617443 13.615712 -3.251128 0.982132
Car -1 -1 -10 -8.000000 174.000000 295.000000 309.000000 1.552199 1.644501 4.078180 -6.228884 1.484972 10.021831 -0.179615 0.977286
Car -1 -1 -10 790.000000 182.000000 959.000000 255.000000 1.496463 1.544344 3.669010 5.960080 1.720386 16.273622 -0.016107 0.959557
Car -1 -1 -10 260.000000 166.000000 457.000000 239.000000 1.623907 1.665694 4.015247 -6.513306 1.690485 20.190457 -3.315161 0.945620
Car -1 -1 -10 3.000000 175.000000 148.000000 365.000000 1.542863 1.620737 4.028230 -6.523615 1.635450 5.801213 0.009494 0.599971
Car -1 -1 -10 413.000000 176.000000 517.000000 210.000000 1.559045 1.591646 3.838413 -6.309450 1.825833 34.008390 0.008029 0.517402
Car -1 -1 -10 724.000000 174.000000 832.000000 225.000000 1.646650 1.652515 3.915291 5.466222 1.760921 24.532515 2.967954 0.308716
Car -1 -1 -10 863.000000 174.000000 1152.000000 311.000000 1.507738 1.588286 3.750107 6.161076 1.512842 10.836037 0.049179 0.295967
Car -1 -1 -10 832.000000 179.000000 1036.000000 280.000000 1.618892 1.633608 4.065571 5.928841 1.694765 12.584660 0.315293 0.185500
Cyclist -1 -1 -10 539.000000 174.000000 556.000000 209.000000 1.753921 0.607263 1.770709 -3.127478 1.802795 35.101883 1.544633 0.715721
