Pedestrian -1 -1 -10 878.000000 156.000000 888.000000 181.000000 1.755699 0.636960 0.536995 15.798597 0.733998 41.831806 3.045007 0.019749
Car -1 -1 -10 648.000000 178.000000 793.000000 278.000000 1.498945 1.561753 3.530637 1.800407 1.599855 12.638161 -1.735869 0.998684
Car -1 -1 -10 566.000000 172.000000 666.000000 214.000000 1.478530 1.602010 3.965188 0.281382 1.518547 28.278098 2.515902 0.997792
Car -1 -1 -10 811.000000 163.000000 920.000000 207.000000 1.514012 1.631393 4.041113 9.739439 1.286184 27.097027 -0.682491 0.997644
Car -1 -1 -10 888.000000 166.000000 970.000000 202.000000 1.465074 1.593907 3.672182 13.545773 1.227886 29.925244 -0.648953 0.990039
Car -1 -1 -10 942.000000 157.000000 1030.000000 198.000000 1.730200 1.687742 3.940979 16.950018 1.136945 32.417334 -0.641601 0.969210
Car -1 -1 -10 712.000000 169.000000 856.000000 213.000000 1.501134 1.598619 3.759057 6.021832 1.382665 24.187806 -0.615811 0.906860
Car -1 -1 -10 713.000000 171.000000 790.000000 207.000000 1.496395 1.559694 3.731190 5.744937 1.268651 32.435213 2.384265 0.050092
Cyclist -1 -1 -10 678.000000 178.000000 696.000000 208.000000 1.719875 0.388588 1.635821 3.491296 1.412918 34.460997 -0.570301 0.084637
Cyclist -1 -1 -10 684.000000 175.000000 705.000000 214.000000 1.702028 0.563894 1.614124 3.737185 1.522208 34.692647 -1.470917 0.020145
Cyclist -1 -1 -10 700.000000 170.000000 745.000000 209.000000 1.698056 0.590705 1.656170 4.750133 1.595274 31.331833 -2.043670 0.016107
