Car -1 -1 -10 102.000000 190.000000 315.000000 306.000000 1.593234 1.653239 3.946538 -6.595654 1.709806 12.661453 -1.671207 0.999321
Car -1 -1 -10 667.000000 181.000000 729.000000 239.000000 1.504285 1.680904 3.730931 2.904234 1.443655 22.335448 -1.381125 0.999309
Car -1 -1 -10 305.000000 192.000000 403.000000 249.000000 1.513915 1.619789 3.823316 -7.293648 1.639432 20.924410 -1.634185 0.997194
Car -1 -1 -10 9.000000 206.000000 148.000000 263.000000 1.491289 1.641800 3.909225 -15.524337 2.203488 20.802250 1.490625 0.465629
Car -1 -1 -10 82.000000 198.000000 247.000000 279.000000 1.474428 1.623496 3.818717 -10.392606 1.845096 17.264974 -1.536066 0.228396
Car -1 -1 -10 0.000000 213.000000 75.000000 299.000000 1.471100 1.528328 3.463463 -5.491794 1.495293 7.092834 -2.231967 0.088802
Car -1 -1 -10 268.000000 189.000000 320.000000 223.000000 1.562170 1.642043 3.929901 -16.518947 1.514825 39.014801 -3.396726 0.047890
Car -1 -1 -10 351.000000 191.000000 402.000000 221.000000 1.530844 1.602774 3.736413 -13.837997 1.670727 42.980389 -1.789846 0.047454
Car -1 -1 -10 214.000000 192.000000 275.000000 241.000000 1.483519 1.601311 3.772585 -11.381263 1.364098 23.601578 -1.418589 0.018981
Car -1 -1 -10 241.000000 197.000000 300.000000 225.000000 1.497100 1.548720 3.346874 -9.865616 1.379007 20.275001 1.146712 0.012737
Car -1 -1 -10 291.000000 196.000000 344.000000 230.000000 1.451705 1.630044 3.790568 -12.713194 1.931357 30.945549 -1.864240 0.010522
