Pedestrian -1 -1 -10 167.000000 164.000000 234.000000 338.000000 1.800738 0.632539 0.877203 -4.432326 1.591818 7.900893 1.559112 0.997313
Pedestrian -1 -1 -10 795.000000 153.000000 857.000000 319.000000 1.803740 0.668135 0.902949 2.539611 1.447116 8.208555 2.355169 0.997250
Pedestrian -1 -1 -10 1012.000000 137.000000 1143.000000 362.000000 1.828027 0.513992 1.109799 3.719899 1.471754 5.874031 -2.178824 0.995968
Pedestrian -1 -1 -10 518.000000 167.000000 541.000000 231.000000 1.727669 0.596514 0.736711 -2.080661 1.363331 20.192853 1.874115 0.989753
Pedestrian -1 -1 -10 59.000000 174.000000 136.000000 304.000000 1.748472 0.524670 1.009583 -7.166542 1.760541 10.266234 -3.655168 0.940130
Pedestrian -1 -1 -10 613.000000 166.000000 637.000000 231.000000 1.818674 0.685208 0.875496 0.673120 1.402451 20.691638 2.616722 0.909341
Pedestrian -1 -1 -10 600.000000 164.000000 622.000000 230.000000 1.813985 0.638571 0.836844 0.172520 1.318569 22.052982 3.057159 0.731325
Pedestrian -1 -1 -10 768.000000 183.000000 795.000000 260.000000 1.700453 0.538703 0.846615 3.341691 1.666579 13.183996 -1.872576 0.525513
Pedestrian -1 -1 -10 0.000000 191.000000 44.000000 360.000000 1.739356 0.658617 0.723447 -6.068666 1.760204 7.203495 1.471742 0.520385
Pedestrian -1 -1 -10 120.000000 159.000000 155.000000 264.000000 1.830185 0.677416 0.994262 -8.756279 1.446815 13.821915 1.460947 0.499737
Pedestrian -1 -1 -10 107.000000 156.000000 186.000000 268.000000 1.870855 0.636767 0.941778 -7.905674 1.432730 12.902168 2.544552 0.211614
Pedestrian -1 -1 -10 133.000000 155.000000 170.000000 256.000000 1.861622 0.637682 0.985286 -8.566848 1.311735 13.780049 1.467256 0.181317
Pedestrian -1 -1 -10 103.000000 163.000000 145.000000 278.000000 1.793187 0.529800 0.642357 -7.610787 1.378149 11.132883 -2.809317 0.148728
Pedestrian -1 -1 -10 737.000000 180.000000 761.000000 230.000000 1.668795 0.537198 0.583625 4.484502 1.335861 20.627946 2.712801 0.066231
Pedestrian -1 -1 -10 173.000000 168.000000 211.000000 267.000000 1.532072 0.435391 0.490891 -7.142563 2.189671 12.406488 1.664018 0.062087
Pedestrian -1 -1 -10 177.000000 168.000000 201.000000 233.000000 1.686945 0.526150 0.734966 -7.526085 1.204857 13.014165 0.561988 0.051105
Pedestrian -1 -1 -10 777.000000 180.000000 816.000000 265.000000 1.784320 0.630340 0.767532 3.333513 1.630743 12.747513 3.242514 0.041497
Car -1 -1 -10 361.000000 158.000000 493.000000 254.000000 1.978455 1.794407 4.279106 -3.824524 1.480624 16.663195 1.628675 0.977914
Car -1 -1 -10 437.000000 163.000000 523.000000 228.000000 1.819257 1.657397 4.091305 -3.653061 1.250242 23.264116 1.589826 0.242608
Cyclist -1 -1 -10 0.000000 193.000000 43.000000 361.000000 1.673487 0.765187 1.750806 -6.482920 1.537484 7.228242 2.433451 0.047069
