Pedestrian -1 -1 -10 1216.000000 136.000000 1241.000000 199.000000 1.776666 0.649529 0.620764 18.441592 1.494727 21.610892 -0.997603 0.010496
Car -1 -1 -10 683.000000 179.000000 864.000000 304.000000 1.465634 1.558803 3.568441 2.149767 1.566249 10.416782 -1.694499 0.999299
Car -1 -1 -10 583.000000 170.000000 696.000000 215.000000 1.500964 1.592729 3.895039 1.062971 1.463094 25.992412 2.537726 0.998041
Car -1 -1 -10 852.000000 162.000000 973.000000 211.000000 1.493795 1.636240 3.936710 10.467883 1.231520 24.502230 -0.633424 0.997095
Car -1 -1 -10 931.000000 164.000000 1031.000000 206.000000 1.509963 1.573767 3.565668 14.247375 1.277432 27.103263 -0.586744 0.987967
Car -1 -1 -10 756.000000 166.000000 897.000000 220.000000 1.489183 1.578006 3.666119 6.735145 1.350284 21.692705 -0.620693 0.964889
Car -1 -1 -10 992.000000 156.000000 1094.000000 201.000000 1.650459 1.605666 3.913634 17.916504 0.975034 29.672777 -0.643693 0.958777
Car -1 -1 -10 727.000000 168.000000 834.000000 218.000000 1.540174 1.587210 3.872970 6.238843 1.069351 29.818274 2.396271 0.311569
Car -1 -1 -10 1098.000000 158.000000 1170.000000 191.000000 1.518427 1.554734 3.618228 26.429174 1.569816 34.019472 -1.609356 0.020304
Cyclist -1 -1 -10 716.000000 179.000000 739.000000 222.000000 1.685507 0.511484 1.650120 5.033004 1.520661 32.443748 -1.225825 0.129383
Cyclist -1 -1 -10 717.000000 175.000000 765.000000 223.000000 1.720866 0.558575 1.732470 5.277773 1.558060 28.854504 0.241402 0.083897
Cyclist -1 -1 -10 734.000000 171.000000 756.000000 221.000000 1.720663 0.646310 1.801360 5.305749 1.588596 28.841876 3.288660 0.076616
Cyclist -1 -1 -10 721.000000 169.000000 830.000000 216.000000 1.764115 0.518973 1.738880 6.374644 1.379040 29.024947 -0.468015 0.065267
Cyclist -1 -1 -10 728.000000 172.000000 746.000000 226.000000 1.756685 0.462513 1.319323 5.731785 1.281351 32.534808 3.173599 0.029268
Cyclist -1 -1 -10 1216.000000 136.000000 1241.000000 199.000000 1.610654 0.654034 1.653857 18.592297 1.132557 21.985590 -2.430892 0.024648
Cyclist -1 -1 -10 1151.000000 156.000000 1203.000000 203.000000 1.697031 0.481972 1.444754 25.874183 0.660370 31.677082 -0.937310 0.023672
