Pedestrian -1 -1 -10 789.000000 170.000000 858.000000 370.000000 1.784405 0.694911 0.784076 1.808589 1.685563 6.357037 0.688847 0.989708
Pedestrian -1 -1 -10 410.000000 188.000000 440.000000 264.000000 1.752379 0.672593 0.646261 -3.531599 1.981062 13.715588 -1.346851 0.187904
Pedestrian -1 -1 -10 385.000000 187.000000 455.000000 265.000000 1.738162 0.780696 0.680201 -3.600787 2.053380 13.783449 2.823695 0.037225
Pedestrian -1 -1 -10 815.000000 189.000000 921.000000 363.000000 1.732518 0.689466 0.687391 1.859893 1.902236 5.020805 -0.833895 0.030382
Pedestrian -1 -1 -10 790.000000 187.000000 1159.000000 376.000000 1.747035 0.637891 0.837763 1.906065 1.869469 4.606057 0.456305 0.024782
Pedestrian -1 -1 -10 770.000000 176.000000 839.000000 266.000000 1.765699 0.660855 0.612694 1.687552 1.356568 6.246755 -1.893204 0.013037
Car -1 -1 -10 828.000000 183.000000 1128.000000 376.000000 1.501271 1.603798 3.854361 2.723544 1.490976 6.348367 -1.477742 0.998539
Car -1 -1 -10 763.000000 178.000000 824.000000 229.000000 1.504699 1.627330 3.858235 6.010301 1.676374 23.781034 -1.410826 0.984176
Car -1 -1 -10 351.000000 189.000000 481.000000 259.000000 1.526207 1.586559 3.891908 -4.712595 1.967851 15.580122 -2.895785 0.961164
Car -1 -1 -10 790.000000 191.000000 918.000000 358.000000 1.494291 1.654222 3.910701 2.409672 1.616639 5.585272 1.431193 0.089066
Car -1 -1 -10 751.000000 168.000000 789.000000 208.000000 1.752251 1.704122 4.128492 8.990038 1.596356 40.247322 -1.396251 0.047702
Car -1 -1 -10 772.000000 183.000000 860.000000 237.000000 1.526290 1.654900 3.862149 6.421060 1.682218 23.384180 2.347159 0.013662
Cyclist -1 -1 -10 788.000000 181.000000 865.000000 362.000000 1.687634 0.599804 1.774425 1.753953 1.630670 6.226184 1.482562 0.367872
Cyclist -1 -1 -10 770.000000 176.000000 839.000000 266.000000 1.697031 0.481972 1.444753 5.940937 1.598935 22.481520 -1.340825 0.018494
