Pedestrian -1 -1 -10 270.000000 158.000000 316.000000 283.000000 1.811964 0.692922 0.746926 -4.700878 1.504870 10.884420 -1.365303 0.996989
Pedestrian -1 -1 -10 1084.000000 44.000000 1123.000000 180.000000 1.706848 0.630833 0.651734 7.056894 0.248053 10.451630 -1.480389 0.808034
Pedestrian -1 -1 -10 436.000000 184.000000 478.000000 276.000000 1.638041 0.733313 0.989693 -2.190994 1.681599 10.663133 -2.259628 0.385093
Pedestrian -1 -1 -10 394.000000 188.000000 439.000000 274.000000 1.667391 0.752971 0.837513 -2.855413 1.686632 10.566263 -1.313423 0.158667
Pedestrian -1 -1 -10 452.000000 184.000000 477.000000 241.000000 1.746584 0.667701 0.716721 -5.397844 1.626207 25.932118 -2.358193 0.061487
Pedestrian -1 -1 -10 397.000000 190.000000 428.000000 245.000000 1.751500 0.557331 0.703312 -5.680726 1.699147 19.988040 0.380737 0.058780
Pedestrian -1 -1 -10 1099.000000 67.000000 1155.000000 182.000000 1.860909 0.574467 0.981523 6.747506 0.881131 9.355192 1.193397 0.058751
Pedestrian -1 -1 -10 411.000000 188.000000 468.000000 269.000000 1.721890 0.711103 0.754028 -2.434817 1.669843 10.865036 -0.240856 0.036606
Pedestrian -1 -1 -10 1121.000000 85.000000 1167.000000 174.000000 1.898246 0.606777 0.962387 6.644171 0.830473 8.958425 3.786335 0.034226
Pedestrian -1 -1 -10 427.000000 189.000000 458.000000 246.000000 1.716594 0.596703 0.577698 -5.427436 1.572196 23.276751 -2.342311 0.030374
Car -1 -1 -10 771.000000 138.000000 1102.000000 360.000000 1.838004 1.656909 3.854924 3.197772 1.516236 7.629595 -1.610127 0.992869
Car -1 -1 -10 3.000000 221.000000 160.000000 368.000000 1.454886 1.585153 3.837643 -6.268649 1.811621 7.280038 1.552965 0.010616
Cyclist -1 -1 -10 374.000000 191.000000 425.000000 239.000000 1.642894 0.548929 1.760239 -5.729427 1.545205 19.331009 1.323806 0.013209
Cyclist -1 -1 -10 392.000000 190.000000 440.000000 271.000000 1.728763 0.697710 1.730955 -2.811074 1.660028 10.703472 -1.280419 0.012098
