Pedestrian -1 -1 -10 816.000000 146.000000 854.000000 249.000000 1.817364 0.704792 0.955240 4.718005 1.231394 15.140891 -1.309536 0.939486
Pedestrian -1 -1 -10 852.000000 144.000000 886.000000 243.000000 1.686939 0.653008 0.841928 5.253092 1.121424 14.807458 -0.714961 0.507491
Pedestrian -1 -1 -10 770.000000 165.000000 918.000000 262.000000 1.723648 0.645124 0.647594 3.210592 1.157967 9.817531 -1.779866 0.016671
Pedestrian -1 -1 -10 837.000000 148.000000 868.000000 249.000000 1.733804 0.737004 0.591095 4.995949 1.019205 15.007922 2.025896 0.010290
Pedestrian -1 -1 -10 1037.000000 147.000000 1058.000000 192.000000 1.737193 0.518836 0.599697 14.507958 0.910560 23.879071 2.600798 0.010259
Car -1 -1 -10 58.000000 194.000000 298.000000 324.000000 1.491072 1.556524 3.580267 -5.943587 1.862037 10.477225 1.543288 0.997518
Car -1 -1 -10 748.000000 180.000000 938.000000 302.000000 1.462223 1.601088 3.759308 3.129810 1.559725 10.417307 -1.586581 0.997175
Car -1 -1 -10 841.000000 185.000000 1232.000000 372.000000 1.503813 1.602873 3.711719 2.977017 1.650038 4.750657 -1.659448 0.990410
Car -1 -1 -10 289.000000 173.000000 409.000000 222.000000 1.846331 1.749739 4.112813 -12.329325 2.066200 34.892196 -3.076096 0.900268
Car -1 -1 -10 1.000000 209.000000 95.000000 374.000000 1.514006 1.595052 3.768363 -6.101230 1.846827 5.628229 1.564996 0.832336
Car -1 -1 -10 156.000000 193.000000 244.000000 226.000000 1.489869 1.603325 3.859631 -19.996212 2.143129 34.802876 -3.150467 0.089505
Car -1 -1 -10 1024.000000 155.000000 1129.000000 187.000000 1.542171 1.523465 3.530697 19.399620 0.727265 30.455431 2.603601 0.073773
Car -1 -1 -10 780.000000 164.000000 904.000000 268.000000 1.538774 1.581021 3.723485 5.374601 1.084343 16.095484 -0.793538 0.019490
Cyclist -1 -1 -10 802.000000 159.000000 865.000000 236.000000 1.711363 0.611138 1.601523 9.864495 1.250449 34.722990 -1.262978 0.577083
Cyclist -1 -1 -10 770.000000 165.000000 918.000000 262.000000 1.641559 0.625978 1.678554 4.557968 1.117380 15.582416 -1.342290 0.276690
Cyclist -1 -1 -10 811.000000 164.000000 835.000000 232.000000 1.658668 0.560898 1.632647 4.748572 0.965255 15.561647 1.357477 0.038915
Cyclist -1 -1 -10 847.000000 147.000000 891.000000 243.000000 1.743003 0.632475 1.729928 5.273923 1.074207 14.859025 -0.535579 0.029385
