Pedestrian -1 -1 -10 679.000000 160.000000 688.000000 191.000000 1.800375 0.729381 0.668033 5.038657 1.087268 48.751525 -1.056530 0.017367
Car -1 -1 -10 654.000000 169.000000 713.000000 214.000000 1.507700 1.644907 3.696498 2.515263 1.330524 25.251059 -1.575926 0.998816
Car -1 -1 -10 419.000000 172.000000 532.000000 253.000000 1.509679 1.667483 4.183620 -2.831422 1.487704 15.706435 1.580440 0.997935
Car -1 -1 -10 8.000000 190.000000 400.000000 372.000000 1.472730 1.620673 3.902737 -2.755845 1.658733 4.456898 -1.589660 0.996359
Car -1 -1 -10 543.000000 166.000000 577.000000 193.000000 1.517556 1.659106 4.002914 -2.842909 1.127923 42.198097 1.612238 0.996300
Car -1 -1 -10 920.000000 190.000000 1253.000000 377.000000 1.492785 1.591980 3.792418 2.730570 1.635569 2.337154 -1.606281 0.909930
Car -1 -1 -10 770.000000 138.000000 1174.000000 371.000000 1.815683 1.653915 3.854462 2.787370 1.631868 6.773280 -1.602525 0.905150
Car -1 -1 -10 637.000000 166.000000 675.000000 198.000000 1.525556 1.652318 3.986544 2.386940 1.308813 38.094267 1.539507 0.745038
Car -1 -1 -10 -3.000000 198.000000 212.000000 324.000000 1.517325 1.576331 3.677939 -6.290123 1.580416 7.648504 -1.495571 0.051908
Car -1 -1 -10 1.000000 200.000000 179.000000 268.000000 1.519643 1.509330 3.232991 -5.867186 1.192024 7.795470 0.934578 0.032053
