Pedestrian -1 -1 -10 728.000000 153.000000 739.000000 209.000000 1.793182 0.687872 0.642555 5.214151 1.167192 30.424682 -1.697144 0.196498
Pedestrian -1 -1 -10 742.000000 156.000000 755.000000 207.000000 1.787434 0.680462 0.868336 5.708102 1.059313 29.925182 -1.538818 0.185547
Car -1 -1 -10 391.000000 177.000000 468.000000 229.000000 1.570635 1.558775 3.659867 -5.776530 1.712433 23.191937 1.563132 0.998761
Car -1 -1 -10 777.000000 173.000000 1074.000000 346.000000 1.501086 1.624553 3.983095 3.262377 1.539601 8.460980 -1.613828 0.998726
Car -1 -1 -10 695.000000 172.000000 798.000000 239.000000 1.458543 1.571703 3.703411 3.118003 1.457674 17.059149 -1.600703 0.997244
Car -1 -1 -10 -2.000000 195.000000 289.000000 370.000000 1.484631 1.618628 3.877035 -5.546147 1.821989 8.357546 1.674264 0.988777
Car -1 -1 -10 1004.000000 187.000000 1242.000000 373.000000 1.547943 1.607719 3.689385 3.176276 1.705797 2.761573 1.596813 0.972496
Car -1 -1 -10 433.000000 175.000000 493.000000 216.000000 1.471440 1.556252 3.759304 -5.673940 1.669017 28.177719 1.524986 0.953490
Car -1 -1 -10 677.000000 170.000000 746.000000 217.000000 1.516325 1.560567 3.540402 3.176714 1.467716 22.380685 -1.654697 0.872619
Car -1 -1 -10 95.000000 177.000000 240.000000 227.000000 1.506823 1.593597 3.873205 -14.862858 1.451509 24.514265 -0.121762 0.186373
Car -1 -1 -10 678.000000 172.000000 717.000000 207.000000 1.514092 1.584534 3.772013 2.770008 1.413053 31.526874 1.737742 0.031465
Car -1 -1 -10 798.000000 160.000000 877.000000 193.000000 1.485665 1.644636 4.020132 12.303430 0.756976 37.711922 1.816397 0.019046
Car -1 -1 -10 162.000000 181.000000 266.000000 222.000000 1.530178 1.579098 3.972324 -15.076814 1.496843 24.725248 -0.065417 0.018498
