Pedestrian -1 -1 -10 2.000000 181.000000 96.000000 373.000000 1.766865 0.613622 0.886569 -4.262090 1.855373 5.337674 -0.073428 0.015762
Car -1 -1 -10 673.000000 184.000000 764.000000 245.000000 1.434874 1.626718 3.888566 2.706863 1.715366 18.549538 -1.568126 0.999393
Car -1 -1 -10 12.000000 177.000000 371.000000 299.000000 1.475538 1.640759 4.086932 -6.074538 1.581839 10.669678 0.017304 0.998509
Car -1 -1 -10 745.000000 178.000000 861.000000 227.000000 1.528395 1.637445 3.821331 6.507839 1.780201 23.667019 0.068990 0.975828
Car -1 -1 -10 436.000000 173.000000 532.000000 209.000000 1.542289 1.554009 3.910750 -5.865858 1.663270 33.003223 -3.139397 0.949206
Car -1 -1 -10 308.000000 175.000000 494.000000 233.000000 1.517382 1.614375 4.072317 -5.770939 1.580930 21.096394 -3.355841 0.879368
Car -1 -1 -10 693.000000 175.000000 756.000000 207.000000 1.481446 1.601039 3.858787 6.058073 1.418821 36.875003 0.034783 0.629424
Car -1 -1 -10 384.000000 175.000000 508.000000 218.000000 1.528690 1.552477 3.475459 -4.926566 1.712987 30.833706 -1.801593 0.584338
Car -1 -1 -10 218.000000 174.000000 400.000000 250.000000 1.660852 1.589030 3.903425 -6.675000 1.730165 15.856244 -0.060160 0.533949
Car -1 -1 -10 0.000000 180.000000 97.000000 370.000000 1.494822 1.625419 3.973493 -5.936683 1.547618 5.080327 -3.200058 0.518834
Car -1 -1 -10 903.000000 -6.000000 1233.000000 371.000000 1.688187 1.660732 3.898730 2.800944 1.228967 2.500862 -1.582300 0.271676
