Car -1 -1 -10 670.000000 180.000000 746.000000 232.000000 1.483376 1.614627 3.875504 2.812070 1.700389 21.558367 -1.551323 0.998801
Car -1 -1 -10 228.000000 196.000000 373.000000 278.000000 1.464027 1.584750 3.749398 -6.284673 1.982105 14.963975 1.550236 0.998623
Car -1 -1 -10 894.000000 161.000000 1163.000000 241.000000 1.500101 1.665137 4.220541 8.067688 1.352941 14.385366 3.161506 0.998218
Car -1 -1 -10 466.000000 183.000000 510.000000 214.000000 1.586562 1.648764 3.898908 -6.312750 2.047296 37.239565 1.592034 0.991552
Car -1 -1 -10 375.000000 183.000000 470.000000 238.000000 1.637728 1.674139 4.133786 -6.444835 2.123687 25.230086 1.690647 0.980938
Car -1 -1 -10 3.000000 211.000000 312.000000 371.000000 1.468060 1.598478 3.795710 -3.789191 1.836128 5.442252 1.589999 0.943659
Car -1 -1 -10 792.000000 159.000000 940.000000 213.000000 1.668827 1.678465 4.118838 8.121901 1.404942 23.821936 3.086186 0.500525
Car -1 -1 -10 852.000000 161.000000 1048.000000 231.000000 1.679586 1.649594 4.004863 8.106422 1.341699 17.701393 3.133826 0.316215
Car -1 -1 -10 1030.000000 149.000000 1139.000000 191.000000 1.561706 1.588105 3.620543 21.809740 0.661722 33.245000 0.028396 0.198930
Car -1 -1 -10 368.000000 199.000000 440.000000 242.000000 1.409642 1.583997 4.101048 -6.533783 2.104398 22.865298 1.452661 0.087354
Car -1 -1 -10 485.000000 183.000000 520.000000 209.000000 1.582158 1.553670 3.554645 -6.627217 2.216420 41.069916 -1.650924 0.067367
Car -1 -1 -10 698.000000 167.000000 772.000000 192.000000 1.566112 1.590758 3.946544 8.492031 1.349361 49.743642 3.220273 0.052629
Car -1 -1 -10 1149.000000 139.000000 1238.000000 187.000000 1.523139 1.673091 4.000904 22.700138 0.676783 26.998535 0.006226 0.022672
Car -1 -1 -10 931.000000 160.000000 1056.000000 206.000000 1.624449 1.580014 3.722591 15.051908 0.673620 27.336689 -2.645912 0.012055
Car -1 -1 -10 1193.000000 132.000000 1241.000000 188.000000 1.784331 1.677298 4.144789 21.109916 0.430613 22.739509 1.559968 0.011080
