Pedestrian -1 -1 -10 655.000000 170.000000 680.000000 217.000000 1.743519 0.691409 0.753501 1.951251 1.739278 26.474004 3.107607 0.026363
Pedestrian -1 -1 -10 440.000000 182.000000 451.000000 222.000000 1.753741 0.594196 0.622577 -6.013483 1.957497 25.842817 0.387299 0.025406
Car -1 -1 -10 446.000000 178.000000 535.000000 248.000000 1.572677 1.632039 3.928186 -2.987362 1.736306 18.816295 -1.586273 0.998781
Car -1 -1 -10 585.000000 176.000000 612.000000 202.000000 1.529589 1.604801 3.814387 -0.720258 1.832879 46.666504 -1.546436 0.994600
Car -1 -1 -10 293.000000 187.000000 362.000000 223.000000 1.507931 1.653057 4.014777 -12.711799 2.244147 33.101647 1.525226 0.993480
Car -1 -1 -10 -1.000000 195.000000 205.000000 300.000000 1.484246 1.666467 4.085091 -9.824228 2.036989 13.841310 1.524325 0.990266
Cyclist -1 -1 -10 653.000000 166.000000 705.000000 219.000000 1.744903 0.556164 1.717270 2.452765 1.544605 24.965286 -2.560855 0.999090
Cyclist -1 -1 -10 650.000000 170.000000 681.000000 215.000000 1.696448 0.483622 1.783673 1.937520 1.487215 26.250420 1.151913 0.485538
Cyclist -1 -1 -10 171.000000 194.000000 206.000000 230.000000 1.676740 0.501395 1.652286 -16.160621 2.139967 27.894307 0.534003 0.114228
Cyclist -1 -1 -10 650.000000 172.000000 666.000000 211.000000 1.710135 0.502462 1.677220 1.890963 1.456008 27.055444 2.007540 0.075038
Cyclist -1 -1 -10 668.000000 169.000000 694.000000 209.000000 1.707697 0.506439 1.741350 2.384779 1.450812 24.821650 -2.011143 0.016004
