Pedestrian -1 -1 -10 673.000000 168.000000 702.000000 255.000000 1.683186 0.540918 0.729401 1.643241 1.441212 14.133685 1.540358 0.994806
Pedestrian -1 -1 -10 707.000000 167.000000 741.000000 256.000000 1.773126 0.711571 0.995549 2.413051 1.411466 14.403968 1.700851 0.956591
Pedestrian -1 -1 -10 429.000000 171.000000 462.000000 261.000000 1.699973 0.640669 0.948512 -3.048147 1.446070 13.914393 -1.723540 0.901959
Pedestrian -1 -1 -10 749.000000 165.000000 769.000000 208.000000 1.735711 0.660081 0.874507 5.945818 1.046662 27.154585 1.811796 0.061617
Cyclist -1 -1 -10 579.000000 168.000000 613.000000 223.000000 1.767540 0.618709 1.828378 -0.171990 1.388658 23.991861 1.795464 0.998971
Cyclist -1 -1 -10 606.000000 173.000000 636.000000 212.000000 1.701139 0.580668 1.698094 0.756343 1.318714 31.123808 1.072460 0.968584
Cyclist -1 -1 -10 565.000000 169.000000 588.000000 214.000000 1.746111 0.601491 1.794234 -1.165653 1.331187 31.372453 1.213966 0.963992
Cyclist -1 -1 -10 706.000000 167.000000 741.000000 254.000000 1.845448 0.565613 1.749598 2.403855 1.481774 14.395148 -1.806616 0.817769
Cyclist -1 -1 -10 522.000000 172.000000 548.000000 213.000000 1.787971 0.537220 1.764951 -2.867728 1.327454 30.056356 -1.664919 0.695278
Cyclist -1 -1 -10 426.000000 171.000000 463.000000 261.000000 1.825225 0.615338 1.756656 -3.158207 1.525800 13.888811 1.378143 0.270124
Cyclist -1 -1 -10 716.000000 167.000000 762.000000 234.000000 1.694391 0.626070 1.660530 3.721816 1.771183 19.004095 1.167823 0.114488
Cyclist -1 -1 -10 820.000000 186.000000 902.000000 341.000000 1.675334 0.535642 1.772205 2.321900 1.719866 6.058882 2.379943 0.114310
Cyclist -1 -1 -10 732.000000 164.000000 773.000000 221.000000 1.696359 0.486857 1.789728 5.595665 1.042737 26.812115 2.635841 0.038290
Cyclist -1 -1 -10 727.000000 167.000000 747.000000 222.000000 1.677051 0.669651 1.743756 4.931936 0.952135 26.629895 3.307548 0.014408
