Car -1 -1 -10 478.000000 185.000000 526.000000 221.000000 1.506209 1.648342 3.753379 -5.145125 2.183220 34.785566 1.600687 0.999616
Car -1 -1 -10 689.000000 187.000000 773.000000 249.000000 1.438707 1.633828 3.937458 3.071617 1.861390 19.314682 -1.552076 0.999185
Car -1 -1 -10 860.000000 177.000000 1003.000000 223.000000 1.482531 1.619902 4.008435 10.773675 1.541745 24.576711 -2.607232 0.994455
Car -1 -1 -10 948.000000 203.000000 1240.000000 371.000000 1.458446 1.620246 3.966024 3.574943 1.833746 3.890733 -1.589824 0.987399
Car -1 -1 -10 671.000000 184.000000 732.000000 230.000000 1.512745 1.622891 3.985449 3.114340 1.856919 25.185288 -1.563728 0.980739
Car -1 -1 -10 504.000000 182.000000 539.000000 215.000000 1.565110 1.650203 4.045561 -4.928661 2.257887 40.067120 1.554699 0.918017
Car -1 -1 -10 973.000000 165.000000 1161.000000 238.000000 1.559224 1.659172 3.994825 11.373780 1.450776 18.298830 -2.433597 0.884763
Car -1 -1 -10 655.000000 178.000000 682.000000 203.000000 1.557090 1.611884 3.875858 4.234146 2.042229 53.340457 -1.527517 0.846448
Car -1 -1 -10 3.000000 220.000000 166.000000 371.000000 1.529981 1.621458 3.787916 -4.991651 1.962829 4.929423 1.539593 0.606795
Car -1 -1 -10 274.000000 187.000000 358.000000 213.000000 1.545403 1.629699 3.859016 -15.862316 2.368662 39.269401 0.025040 0.548111
Car -1 -1 -10 948.000000 174.000000 1082.000000 232.000000 1.479341 1.640369 3.618233 11.204938 1.505004 18.532810 0.526936 0.112469
Cyclist -1 -1 -10 945.000000 200.000000 1232.000000 368.000000 1.740679 0.793665 1.861476 2.862954 1.939895 4.049373 1.459788 0.014715
