Car -1 -1 -10 556.000000 174.000000 626.000000 241.000000 1.531485 1.692116 3.764167 -0.476071 1.313924 19.277142 -1.593193 0.999085
Car -1 -1 -10 317.000000 192.000000 485.000000 290.000000 1.410771 1.620060 4.000636 -3.265639 1.485577 12.008779 -1.604416 0.995232
Car -1 -1 -10 425.000000 181.000000 517.000000 244.000000 1.508623 1.631632 4.057076 -3.385270 1.407390 18.933421 -1.582791 0.994540
Car -1 -1 -10 480.000000 176.000000 537.000000 224.000000 1.657271 1.652517 4.000169 -3.580691 1.309276 25.979708 -1.587340 0.912236
Car -1 -1 -10 517.000000 176.000000 557.000000 208.000000 1.495173 1.602994 3.818413 -3.569847 1.165951 34.677997 -1.594451 0.662072
Car -1 -1 -10 399.000000 175.000000 449.000000 211.000000 1.493661 1.633063 3.867646 -8.326047 0.931711 33.287498 -1.748037 0.133533
Car -1 -1 -10 284.000000 178.000000 401.000000 253.000000 1.538261 1.629778 3.780617 -8.032213 1.238025 20.752237 1.638068 0.020388
Car -1 -1 -10 458.000000 180.000000 512.000000 221.000000 1.448320 1.551441 3.684865 -4.345399 1.078887 25.229836 -2.394854 0.016102
Car -1 -1 -10 398.000000 181.000000 461.000000 230.000000 1.532109 1.638310 3.953371 -8.400090 0.892161 33.338960 1.391413 0.015767
Car -1 -1 -10 563.000000 174.000000 609.000000 214.000000 1.531293 1.509322 3.346041 -0.883678 1.388391 18.951980 2.086268 0.015319
Car -1 -1 -10 311.000000 181.000000 388.000000 227.000000 1.531129 1.641643 3.812476 -7.959514 1.247649 20.879876 1.649601 0.015029
