Pedestrian -1 -1 -10 752.000000 175.000000 775.000000 255.000000 1.706175 0.617543 0.616421 3.148799 1.522949 15.240671 -1.929548 0.419890
Pedestrian -1 -1 -10 761.000000 167.000000 800.000000 272.000000 1.700077 0.727817 0.817516 2.799010 1.600615 12.139639 -1.350454 0.202733
Pedestrian -1 -1 -10 765.000000 171.000000 790.000000 201.000000 1.705730 0.637387 0.631260 10.961638 1.414222 47.560354 -1.859200 0.030154
Pedestrian -1 -1 -10 762.000000 174.000000 793.000000 223.000000 1.799520 0.523401 0.659818 2.801921 1.439542 12.951610 0.793021 0.022673
Pedestrian -1 -1 -10 775.000000 169.000000 798.000000 235.000000 1.654426 0.530953 0.666782 2.712216 1.917591 11.197856 0.372184 0.011747
Car -1 -1 -10 389.000000 189.000000 524.000000 279.000000 1.487382 1.537122 3.615313 -2.859149 1.862445 14.212342 1.690197 0.999366
Car -1 -1 -10 609.000000 180.000000 656.000000 211.000000 1.457928 1.602930 3.913921 1.229533 1.883187 37.866083 1.822269 0.996917
Car -1 -1 -10 628.000000 177.000000 674.000000 208.000000 1.436885 1.574345 3.831077 1.782627 2.195980 39.038584 1.997266 0.787791
Car -1 -1 -10 466.000000 176.000000 521.000000 213.000000 1.545863 1.588283 3.837319 -5.860067 1.774052 33.802378 -2.971843 0.123308
Cyclist -1 -1 -10 758.000000 165.000000 801.000000 277.000000 1.760794 0.581448 1.883925 2.758633 1.723865 12.065018 -1.426579 0.995324
Cyclist -1 -1 -10 747.000000 173.000000 779.000000 253.000000 1.679838 0.456957 1.728176 3.287035 1.682013 15.667996 -1.610384 0.615670
Cyclist -1 -1 -10 762.000000 172.000000 788.000000 248.000000 1.709751 0.555451 1.629940 3.290251 1.959857 15.505483 -1.369278 0.014724
Cyclist -1 -1 -10 775.000000 169.000000 798.000000 235.000000 1.714799 0.524750 1.495626 4.218372 1.306953 18.333981 -1.371510 0.010206
