Pedestrian -1 -1 -10 843.000000 153.000000 886.000000 270.000000 1.774738 0.616021 0.802965 3.693947 1.244277 10.363076 -1.606441 0.996539
Pedestrian -1 -1 -10 572.000000 160.000000 600.000000 249.000000 1.749252 0.596724 0.815154 -0.386458 1.331610 14.345238 -0.637171 0.993269
Pedestrian -1 -1 -10 509.000000 158.000000 539.000000 241.000000 1.811639 0.697290 0.932243 -1.759155 1.361046 16.260887 1.441713 0.959461
Pedestrian -1 -1 -10 410.000000 157.000000 440.000000 251.000000 1.776036 0.679030 0.790827 -3.472992 1.343041 13.908018 2.481246 0.919560
Pedestrian -1 -1 -10 719.000000 146.000000 779.000000 269.000000 1.827130 0.664524 0.730140 2.276972 1.447125 11.086021 2.884289 0.822042
Pedestrian -1 -1 -10 607.000000 164.000000 625.000000 212.000000 1.795860 0.652023 0.970978 0.378689 1.130299 26.073385 1.236956 0.311949
Pedestrian -1 -1 -10 591.000000 163.000000 608.000000 213.000000 1.735650 0.612273 0.686666 -0.150895 1.067801 26.591417 -1.102164 0.221714
Pedestrian -1 -1 -10 555.000000 162.000000 572.000000 211.000000 1.737376 0.594025 0.737063 -1.487256 0.965863 27.303126 -1.689526 0.212659
Pedestrian -1 -1 -10 174.000000 160.000000 340.000000 378.000000 1.658481 0.743969 0.706743 -2.505038 1.471690 5.156457 1.144476 0.139550
Pedestrian -1 -1 -10 667.000000 155.000000 695.000000 221.000000 1.763150 0.614634 0.813374 2.110939 1.690198 20.566622 -2.002454 0.123948
Pedestrian -1 -1 -10 529.000000 163.000000 556.000000 228.000000 1.782604 0.686477 0.825421 -1.614847 1.281426 20.522267 1.470653 0.120917
Pedestrian -1 -1 -10 652.000000 157.000000 677.000000 204.000000 1.751810 0.553029 0.605859 2.347063 0.869404 27.797031 -0.967527 0.016180
Car -1 -1 -10 1062.000000 227.000000 1237.000000 367.000000 1.544002 1.399455 2.857609 3.744730 1.453724 4.696578 -0.888958 0.059283
Car -1 -1 -10 0.000000 244.000000 143.000000 369.000000 1.483704 1.631800 3.812824 -4.689029 1.650716 4.753577 -2.863551 0.038158
Cyclist -1 -1 -10 165.000000 162.000000 341.000000 377.000000 1.717016 0.561513 1.706026 -2.500984 1.561507 5.049827 1.127075 0.996079
Cyclist -1 -1 -10 712.000000 148.000000 787.000000 269.000000 1.720348 0.498409 1.754283 2.152660 1.296901 11.121103 -1.799168 0.955424
Cyclist -1 -1 -10 664.000000 157.000000 696.000000 219.000000 1.668427 0.538034 1.627385 2.100391 1.525929 21.105235 0.688941 0.287486
Cyclist -1 -1 -10 2.000000 215.000000 47.000000 292.000000 1.598431 0.298927 1.345078 -7.000662 1.594925 9.011467 -2.251471 0.012594
Cyclist -1 -1 -10 655.000000 157.000000 679.000000 208.000000 1.632502 0.353490 1.422945 1.861181 1.286326 20.235413 -1.434710 0.010687
