Car -1 -1 -10 331.000000 188.000000 443.000000 254.000000 1.505818 1.595434 3.832110 -5.643118 1.966802 18.587357 1.609367 0.999699
Car -1 -1 -10 396.000000 186.000000 476.000000 234.000000 1.456458 1.573153 3.809586 -5.690032 1.924691 23.986429 1.564197 0.996318
Car -1 -1 -10 961.000000 164.000000 1231.000000 371.000000 1.497849 1.635920 3.914588 3.116812 1.593325 2.935334 -1.530534 0.981200
Car -1 -1 -10 437.000000 184.000000 499.000000 224.000000 1.501658 1.580350 3.738651 -5.607609 1.928960 28.963968 1.564734 0.977728
Car -1 -1 -10 785.000000 156.000000 884.000000 194.000000 1.587843 1.571790 3.593839 9.278695 1.066579 31.648128 2.503032 0.961279
Car -1 -1 -10 1.000000 198.000000 233.000000 376.000000 1.676382 1.664657 3.874188 -5.931704 2.007630 7.561300 -1.553604 0.942135
Car -1 -1 -10 663.000000 174.000000 705.000000 202.000000 1.621315 1.683221 4.095901 3.573321 1.442705 36.681432 -1.590177 0.774002
Car -1 -1 -10 1102.000000 135.000000 1241.000000 176.000000 1.540685 1.644413 3.969961 23.201124 0.317530 29.963829 -0.163388 0.707685
Car -1 -1 -10 470.000000 182.000000 519.000000 214.000000 1.502660 1.632145 3.989618 -5.499607 1.939475 34.892331 1.580546 0.679585
Car -1 -1 -10 736.000000 159.000000 846.000000 191.000000 1.490114 1.579280 3.819679 9.069040 0.951594 36.031566 0.087334 0.275844
Car -1 -1 -10 1022.000000 144.000000 1117.000000 174.000000 1.527805 1.602270 3.823097 23.762043 0.123430 37.876742 -0.011957 0.247546
Car -1 -1 -10 501.000000 180.000000 540.000000 207.000000 1.575226 1.630171 4.014138 -5.146556 1.971763 42.417173 1.640065 0.202657
Car -1 -1 -10 1058.000000 139.000000 1163.000000 174.000000 1.485318 1.589339 3.729623 22.660556 0.032024 33.789873 1.956189 0.117285
Cyclist -1 -1 -10 958.000000 147.000000 1230.000000 381.000000 1.724427 0.741859 1.875016 2.507385 1.753996 3.212460 1.478247 0.018563
