Pedestrian -1 -1 -10 355.000000 168.000000 373.000000 228.000000 1.729679 0.561497 0.723015 -4.161120 1.264964 11.642057 -0.201078 0.012051
Car -1 -1 -10 377.000000 186.000000 511.000000 276.000000 1.485984 1.608633 3.755644 -3.033478 1.771131 13.679434 -1.571222 0.999419
Car -1 -1 -10 635.000000 180.000000 680.000000 217.000000 1.477686 1.639479 3.865041 2.005282 1.829921 30.674806 1.583106 0.999398
Car -1 -1 -10 543.000000 172.000000 575.000000 200.000000 1.812428 1.689405 4.183456 -3.407346 1.880265 49.413311 1.659651 0.999263
Car -1 -1 -10 -4.000000 171.000000 412.000000 374.000000 1.647371 1.667955 4.127774 -3.067931 1.615276 6.030316 1.564428 0.995455
Car -1 -1 -10 631.000000 173.000000 654.000000 200.000000 1.727954 1.689904 4.031669 2.359229 1.701516 48.894127 -1.527104 0.552888
Car -1 -1 -10 476.000000 176.000000 533.000000 202.000000 1.597690 1.656721 3.995922 -6.575633 1.932880 45.994147 -2.711176 0.237180
Car -1 -1 -10 280.000000 183.000000 386.000000 263.000000 1.537148 1.574638 3.747647 -6.850305 1.595673 16.738112 -3.242128 0.015363
Cyclist -1 -1 -10 106.000000 171.000000 304.000000 236.000000 1.788358 0.587361 1.765783 -8.065663 1.675824 15.312066 -0.134618 0.014801
Cyclist -1 -1 -10 340.000000 181.000000 360.000000 239.000000 1.680435 0.497742 1.560463 -9.441351 1.304088 25.854877 -1.899377 0.013333
