Car -1 -1 -10 571.000000 179.000000 604.000000 209.000000 1.531843 1.600953 3.748236 -1.091772 1.146398 40.372169 -1.582832 0.999604
Car -1 -1 -10 345.000000 188.000000 460.000000 252.000000 1.457163 1.638491 4.057995 -5.005568 1.508580 17.926480 -1.606915 0.999203
Car -1 -1 -10 226.000000 187.000000 334.000000 245.000000 1.473188 1.588213 3.592388 -8.797771 1.553265 19.839653 -1.594498 0.998053
Car -1 -1 -10 25.000000 188.000000 254.000000 289.000000 1.519297 1.611004 3.734691 -7.854977 1.579345 12.587396 -1.597990 0.997649
Car -1 -1 -10 0.000000 233.000000 197.000000 375.000000 1.489087 1.603574 3.828645 -3.425633 1.712534 2.717443 -1.589454 0.946789
Car -1 -1 -10 -3.000000 178.000000 143.000000 263.000000 1.573042 1.592862 3.762077 -12.819345 1.603720 16.673159 -1.682437 0.874007
Car -1 -1 -10 371.000000 183.000000 424.000000 212.000000 1.540786 1.594377 3.670429 -8.682403 1.291949 29.479931 -1.653654 0.628601
Car -1 -1 -10 284.000000 183.000000 340.000000 222.000000 1.626554 1.641401 3.834406 -11.649804 1.505352 27.735620 -1.603180 0.309735
Car -1 -1 -10 352.000000 179.000000 400.000000 210.000000 1.577306 1.644266 4.021962 -13.551069 1.246213 41.015522 -1.886535 0.082827
Car -1 -1 -10 505.000000 183.000000 539.000000 209.000000 1.526069 1.597521 3.771158 -5.015972 1.262917 42.761217 -1.555425 0.049177
Car -1 -1 -10 408.000000 183.000000 453.000000 212.000000 1.731909 1.755348 4.098850 -13.573090 1.796100 57.044661 -0.282517 0.048677
