Pedestrian -1 -1 -10 916.000000 151.000000 933.000000 196.000000 1.776856 0.643327 0.626489 12.578842 2.036032 29.070404 -1.695353 0.015588
Pedestrian -1 -1 -10 928.000000 147.000000 951.000000 203.000000 1.799641 0.658726 0.670418 5.963325 1.270337 13.388267 1.448313 0.010249
Car -1 -1 -10 780.000000 169.000000 872.000000 209.000000 1.564915 1.656072 3.885373 8.734507 1.451561 28.926202 0.069667 0.994478
Car -1 -1 -10 600.000000 334.000000 696.000000 373.000000 1.510528 1.609310 3.796199 -0.345100 2.470818 6.272140 -0.935063 0.014011
Cyclist -1 -1 -10 911.000000 151.000000 935.000000 205.000000 1.681177 0.550785 1.624748 12.671085 1.814919 29.342527 -1.152170 0.096414
Cyclist -1 -1 -10 922.000000 149.000000 947.000000 206.000000 1.670430 0.562050 1.641394 11.742744 1.926051 26.077709 0.503110 0.038747
Cyclist -1 -1 -10 915.000000 170.000000 937.000000 213.000000 1.684838 0.602163 1.667923 12.564101 1.922314 29.352369 -1.088128 0.034928
Cyclist -1 -1 -10 903.000000 160.000000 927.000000 205.000000 1.683422 0.612068 1.661716 12.606468 1.935205 29.376224 -1.096140 0.029000
Cyclist -1 -1 -10 891.000000 152.000000 969.000000 205.000000 1.703566 0.537514 1.569707 12.092229 2.044262 26.607323 0.423417 0.026774
Cyclist -1 -1 -10 931.000000 145.000000 957.000000 202.000000 1.617086 0.342127 1.363254 8.731083 1.426778 18.847043 -1.146417 0.014096
Cyclist -1 -1 -10 886.000000 162.000000 937.000000 199.000000 1.768327 0.596299 1.674218 12.044689 1.910771 29.467185 3.449489 0.010700
