Pedestrian -1 -1 -10 746.000000 165.000000 795.000000 299.000000 1.668829 0.653957 0.674185 2.041520 1.452719 8.810336 -1.351878 0.998298
Pedestrian -1 -1 -10 676.000000 152.000000 739.000000 322.000000 1.766985 0.720895 0.911189 1.034457 1.466163 7.397670 3.244963 0.995346
Pedestrian -1 -1 -10 542.000000 165.000000 573.000000 250.000000 1.718232 0.485307 0.875902 -0.982078 1.394095 15.033450 -2.746555 0.981472
Pedestrian -1 -1 -10 342.000000 165.000000 365.000000 235.000000 1.721146 0.696234 0.715544 -6.384959 1.241313 18.257466 -1.899724 0.905563
Pedestrian -1 -1 -10 605.000000 163.000000 635.000000 239.000000 1.742914 0.651158 0.966692 0.415187 1.313579 16.816525 -2.073377 0.882987
Pedestrian -1 -1 -10 633.000000 162.000000 664.000000 247.000000 1.717015 0.570901 0.859490 0.930335 1.325782 14.996627 -2.046064 0.872784
Pedestrian -1 -1 -10 556.000000 164.000000 589.000000 242.000000 1.714994 0.619234 0.839986 -0.652811 1.299790 16.730889 -1.720002 0.850633
Pedestrian -1 -1 -10 1143.000000 138.000000 1228.000000 297.000000 1.688982 0.641017 0.693593 6.091932 1.266671 7.507943 1.149983 0.705491
Pedestrian -1 -1 -10 628.000000 171.000000 649.000000 245.000000 1.762911 0.570948 0.795895 0.811016 1.547759 15.630847 0.641605 0.208949
Pedestrian -1 -1 -10 711.000000 173.000000 740.000000 236.000000 1.770260 0.692821 0.599565 2.828685 1.534052 16.739649 3.132471 0.133138
Pedestrian -1 -1 -10 678.000000 162.000000 714.000000 237.000000 1.758297 0.585056 0.720511 2.317120 1.428098 17.840011 2.671296 0.126924
Car -1 -1 -10 300.000000 157.000000 511.000000 301.000000 1.701493 1.666758 4.031144 -2.749181 1.430200 11.025020 1.671891 0.891440
Cyclist -1 -1 -10 630.000000 162.000000 662.000000 244.000000 1.748519 0.505165 1.687310 0.843334 1.336040 15.077923 1.026065 0.152945
Cyclist -1 -1 -10 340.000000 166.000000 365.000000 235.000000 1.722291 0.520033 1.668509 -6.544553 1.075375 18.542659 -2.530784 0.057888
Cyclist -1 -1 -10 673.000000 165.000000 710.000000 232.000000 1.725168 0.635410 1.723200 2.381735 1.615702 17.744941 0.196368 0.052662
Cyclist -1 -1 -10 607.000000 162.000000 639.000000 240.000000 1.799687 0.527780 1.635709 0.406199 1.343633 17.190954 -2.161524 0.050900
Cyclist -1 -1 -10 697.000000 174.000000 736.000000 238.000000 1.582949 0.364076 1.585650 2.711317 1.290905 17.275736 3.160782 0.029592
Cyclist -1 -1 -10 678.000000 161.000000 727.000000 283.000000 1.714338 0.485431 1.500527 1.869714 0.937606 13.362072 -1.471688 0.014722
Cyclist -1 -1 -10 1140.000000 132.000000 1227.000000 306.000000 1.701446 0.526057 1.791461 6.052935 1.255590 7.462383 2.646204 0.014300
