Pedestrian -1 -1 -10 925.000000 152.000000 1010.000000 372.000000 1.730070 0.582305 0.840454 2.730500 1.528772 5.513515 1.453195 0.998225
Pedestrian -1 -1 -10 322.000000 165.000000 416.000000 365.000000 1.697902 0.661547 0.728676 -1.955419 1.540465 5.651273 0.633903 0.997870
Pedestrian -1 -1 -10 1048.000000 126.000000 1224.000000 369.000000 1.668444 0.568722 0.669298 2.737576 1.227210 3.539552 1.642363 0.997827
Pedestrian -1 -1 -10 545.000000 142.000000 591.000000 276.000000 1.805438 0.686361 0.847034 -0.553304 1.304424 9.730897 0.985713 0.996686
Pedestrian -1 -1 -10 655.000000 138.000000 759.000000 368.000000 1.650537 0.474958 0.665614 0.489651 1.378287 4.021233 1.133481 0.996222
Pedestrian -1 -1 -10 827.000000 144.000000 910.000000 369.000000 1.794580 0.660223 0.831201 2.141447 1.511079 5.824494 1.049332 0.994503
Pedestrian -1 -1 -10 729.000000 138.000000 812.000000 373.000000 1.773473 0.668079 0.814582 1.237260 1.530712 5.295307 1.183407 0.983911
Pedestrian -1 -1 -10 786.000000 169.000000 870.000000 370.000000 1.751160 0.608850 0.827931 1.712528 1.584043 5.661568 0.819614 0.973442
Pedestrian -1 -1 -10 647.000000 147.000000 691.000000 265.000000 1.812642 0.765649 0.829657 0.904774 1.353954 9.916441 1.511404 0.763284
Pedestrian -1 -1 -10 570.000000 142.000000 584.000000 186.000000 1.726773 0.631158 0.705729 -1.310524 0.434592 31.908710 -1.162397 0.711510
Pedestrian -1 -1 -10 639.000000 143.000000 658.000000 197.000000 1.776156 0.613891 0.743525 1.287685 0.534520 22.175292 3.019219 0.653744
Pedestrian -1 -1 -10 547.000000 146.000000 567.000000 189.000000 1.742469 0.587087 0.745840 -0.755965 0.939088 8.835218 2.921124 0.412060
Pedestrian -1 -1 -10 235.000000 120.000000 268.000000 279.000000 1.666369 0.515715 0.523704 -4.557714 1.730343 9.635914 2.569137 0.290438
Pedestrian -1 -1 -10 552.000000 144.000000 581.000000 189.000000 1.812594 0.542746 0.716224 -0.723546 1.145842 10.938172 0.090468 0.232534
Pedestrian -1 -1 -10 244.000000 130.000000 281.000000 255.000000 1.750824 0.524528 0.610054 -5.720047 0.958681 11.611234 0.005641 0.210086
Pedestrian -1 -1 -10 673.000000 147.000000 713.000000 225.000000 1.773171 0.573559 0.747550 1.174345 1.081430 10.392323 0.231488 0.102852
Cyclist -1 -1 -10 542.000000 147.000000 570.000000 190.000000 1.696044 0.517682 1.540569 -1.534901 1.239956 18.466354 -1.684993 0.688777
Cyclist -1 -1 -10 544.000000 146.000000 591.000000 224.000000 1.750345 0.485948 1.473975 -0.688084 1.304241 11.942546 -1.641124 0.430000
Cyclist -1 -1 -10 288.000000 146.000000 350.000000 216.000000 1.697031 0.481972 1.444754 -7.762546 1.451119 18.841302 -1.987841 0.364778
Cyclist -1 -1 -10 561.000000 143.000000 588.000000 189.000000 1.668709 0.373312 1.532383 -1.148122 0.911570 30.164901 -2.112815 0.291455
Cyclist -1 -1 -10 653.000000 144.000000 702.000000 271.000000 1.656487 0.589499 1.596497 0.523477 1.060921 4.329936 2.738982 0.186032
Cyclist -1 -1 -10 345.000000 149.000000 391.000000 206.000000 1.676284 0.709863 1.785691 -6.485216 1.141547 19.181737 1.859359 0.140922
Cyclist -1 -1 -10 313.000000 148.000000 375.000000 208.000000 1.633882 0.522613 1.700185 -7.686164 0.595481 21.095998 1.793772 0.120953
Cyclist -1 -1 -10 355.000000 148.000000 377.000000 202.000000 1.697031 0.481972 1.444753 -7.456569 0.853061 21.767892 -1.929503 0.088841
Cyclist -1 -1 -10 547.000000 145.000000 559.000000 187.000000 1.660688 0.458465 1.481837 -1.061178 1.033207 13.765463 -1.679195 0.060009
Cyclist -1 -1 -10 571.000000 142.000000 583.000000 186.000000 1.652609 0.471747 1.716342 -1.270702 0.375961 32.341702 -2.098444 0.052122
Cyclist -1 -1 -10 339.000000 144.000000 365.000000 202.000000 1.686661 0.627618 1.696389 -7.810062 0.471923 21.332409 2.737251 0.045207
Cyclist -1 -1 -10 248.000000 134.000000 289.000000 247.000000 1.601169 0.492581 1.659207 -5.700879 1.264799 11.714193 -2.022512 0.034649
Cyclist -1 -1 -10 324.000000 162.000000 420.000000 367.000000 1.739529 0.616903 1.725779 -1.969638 1.578043 5.741991 1.259939 0.031322
Cyclist -1 -1 -10 568.000000 141.000000 578.000000 182.000000 1.747375 0.514821 1.762583 -1.386519 0.134365 32.790807 -1.690162 0.029252
Cyclist -1 -1 -10 673.000000 144.000000 714.000000 230.000000 1.683342 0.647419 1.662211 1.355652 0.903359 9.998107 -0.477130 0.014304
