Pedestrian -1 -1 -10 836.000000 164.000000 871.000000 261.000000 1.742106 0.711805 0.948376 4.458738 1.583137 13.278798 1.357629 0.993735
Pedestrian -1 -1 -10 396.000000 187.000000 410.000000 213.000000 1.793034 0.654361 0.637160 -14.140076 2.903733 49.609393 -2.430496 0.224482
Pedestrian -1 -1 -10 391.000000 185.000000 404.000000 212.000000 1.771476 0.577113 0.622944 -11.982380 2.392127 39.772413 -2.328170 0.133711
Pedestrian -1 -1 -10 384.000000 187.000000 413.000000 214.000000 1.772136 0.578897 0.601212 -11.992268 2.390182 39.797479 -2.334175 0.014923
Car -1 -1 -10 323.000000 189.000000 419.000000 266.000000 1.401200 1.607451 3.988483 -5.037871 1.753589 15.435740 1.260865 0.999460
Car -1 -1 -10 191.000000 180.000000 324.000000 227.000000 1.602541 1.689898 4.149031 -12.952304 1.916711 26.879893 -0.014180 0.993168
Car -1 -1 -10 482.000000 176.000000 579.000000 211.000000 1.518819 1.651654 4.171861 -3.669840 1.903485 34.252468 2.539562 0.978077
Car -1 -1 -10 624.000000 175.000000 717.000000 205.000000 1.568944 1.630524 4.258247 3.081753 1.729577 37.304043 2.708228 0.968258
Car -1 -1 -10 2.000000 216.000000 183.000000 374.000000 1.494953 1.574826 3.735200 -3.649897 1.818654 3.153786 1.542560 0.796795
Car -1 -1 -10 177.000000 181.000000 239.000000 214.000000 1.691903 1.637895 3.984394 -25.224954 2.089251 45.798284 -2.995643 0.117830
Cyclist -1 -1 -10 8.000000 195.000000 55.000000 251.000000 1.696148 0.602131 1.704056 -11.812123 2.070715 14.878876 -1.730749 0.174301
Cyclist -1 -1 -10 387.000000 187.000000 411.000000 213.000000 1.691215 0.643426 1.697569 -12.093643 2.032805 40.054216 -1.724203 0.073405
