Pedestrian -1 -1 -10 755.000000 157.000000 803.000000 263.000000 1.745725 0.664859 0.960334 2.772719 1.375489 11.270715 1.776627 0.939743
Pedestrian -1 -1 -10 1159.000000 231.000000 1236.000000 373.000000 1.613668 0.511624 0.530588 3.343194 1.992083 3.988866 3.264638 0.305970
Pedestrian -1 -1 -10 514.000000 165.000000 536.000000 222.000000 1.724168 0.581908 0.719052 -3.455293 1.059061 32.275905 -3.178282 0.208373
Pedestrian -1 -1 -10 422.000000 171.000000 440.000000 224.000000 1.736274 0.694210 0.715318 -5.530080 1.385086 23.127428 -1.313169 0.055414
Pedestrian -1 -1 -10 504.000000 168.000000 545.000000 232.000000 1.709138 0.595312 0.701218 -3.466034 1.124842 32.245512 -3.152230 0.023970
Pedestrian -1 -1 -10 580.000000 167.000000 592.000000 197.000000 1.746731 0.623124 0.638338 -0.994803 0.927908 42.059551 -1.547230 0.018227
Pedestrian -1 -1 -10 478.000000 166.000000 491.000000 223.000000 1.834672 0.645123 0.676592 -4.216633 1.349088 25.801258 1.412805 0.013837
Pedestrian -1 -1 -10 596.000000 167.000000 606.000000 197.000000 1.833332 0.651217 0.737900 -0.018370 0.942205 42.293603 -1.523944 0.011841
Car -1 -1 -10 375.000000 179.000000 555.000000 313.000000 1.555498 1.630016 3.969739 -1.658904 1.530482 9.893310 1.600213 0.998668
Cyclist -1 -1 -10 505.000000 170.000000 544.000000 232.000000 1.700622 0.620190 1.685090 -3.522524 1.015351 32.396203 2.548586 0.643508
Cyclist -1 -1 -10 480.000000 175.000000 537.000000 227.000000 1.708531 0.543659 1.694940 -4.850111 0.950066 36.550647 2.417119 0.126540
Cyclist -1 -1 -10 514.000000 165.000000 536.000000 222.000000 1.700652 0.623255 1.684597 -3.527984 1.010637 32.395881 2.551623 0.096286
Cyclist -1 -1 -10 1162.000000 237.000000 1237.000000 372.000000 1.695153 0.660000 1.697351 3.453604 1.777265 3.882016 3.401428 0.077554
Cyclist -1 -1 -10 418.000000 172.000000 442.000000 228.000000 1.681758 0.567411 1.626196 -5.508855 1.124852 23.384744 0.728949 0.073683
Cyclist -1 -1 -10 478.000000 166.000000 491.000000 223.000000 1.694312 0.598936 1.673250 -4.356896 1.009767 26.016173 2.491652 0.037236
Cyclist -1 -1 -10 473.000000 172.000000 502.000000 221.000000 1.699688 0.657701 1.711725 -4.399593 1.043912 25.935761 0.845418 0.032777
Cyclist -1 -1 -10 428.000000 173.000000 447.000000 224.000000 1.697031 0.481972 1.444754 -5.528845 0.729513 23.405281 -1.827732 0.027036
Cyclist -1 -1 -10 380.000000 177.000000 551.000000 310.000000 1.699443 0.710561 1.738718 -1.526174 1.656632 8.615648 2.393326 0.019612
Cyclist -1 -1 -10 438.000000 178.000000 469.000000 218.000000 1.698227 0.487684 1.530915 -6.900058 1.039416 33.932586 -1.667404 0.015192
Cyclist -1 -1 -10 417.000000 178.000000 481.000000 226.000000 1.730351 0.573523 1.589469 -6.636079 1.208561 29.942849 2.899269 0.014347
