Car -1 -1 -10 741.000000 178.000000 933.000000 295.000000 1.527408 1.646715 3.961972 3.283857 1.606076 11.334949 -1.578385 0.999373
Car -1 -1 -10 104.000000 196.000000 356.000000 314.000000 1.471167 1.660624 4.118582 -5.751347 1.929717 11.679318 1.616445 0.999195
Car -1 -1 -10 691.000000 180.000000 763.000000 233.000000 1.472996 1.535637 3.746068 3.335080 1.700793 21.127615 1.541096 0.998446
Car -1 -1 -10 309.000000 190.000000 427.000000 260.000000 1.516028 1.526338 3.617811 -5.713132 1.974282 17.503935 1.583753 0.998160
Car -1 -1 -10 426.000000 185.000000 495.000000 229.000000 1.555256 1.585659 3.972752 -5.687915 2.003523 26.556188 1.667904 0.997913
Car -1 -1 -10 831.000000 185.000000 1247.000000 375.000000 1.474525 1.602236 3.864406 3.287945 1.658504 5.790661 -1.589200 0.996278
Car -1 -1 -10 670.000000 180.000000 731.000000 220.000000 1.516554 1.636972 4.007772 3.351363 1.668230 26.873877 1.526336 0.918374
Car -1 -1 -10 655.000000 178.000000 699.000000 209.000000 1.474066 1.594044 3.793339 3.216655 1.723584 35.550088 -1.590029 0.265588
Car -1 -1 -10 493.000000 178.000000 532.000000 206.000000 1.545686 1.651306 3.886553 -5.707294 2.005963 41.625901 1.514397 0.161963
Car -1 -1 -10 209.000000 186.000000 319.000000 225.000000 1.557883 1.478789 3.228476 -13.437130 1.907086 30.487045 1.120429 0.068062
Car -1 -1 -10 -1.000000 186.000000 77.000000 253.000000 1.528921 1.561046 3.851144 -15.106635 1.798409 18.154716 -3.582618 0.030855
