Car -1 -1 -10 571.000000 180.000000 607.000000 212.000000 1.553122 1.647686 3.982988 -1.057793 1.377281 38.689203 -1.595382 0.999700
Car -1 -1 -10 224.000000 192.000000 448.000000 330.000000 1.453119 1.623742 4.036512 -3.411106 1.577986 9.832590 -1.574692 0.999576
Car -1 -1 -10 48.000000 193.000000 263.000000 291.000000 1.429344 1.586467 3.819950 -7.647558 1.604460 12.640471 -1.584312 0.998521
Car -1 -1 -10 426.000000 186.000000 497.000000 230.000000 1.439884 1.643873 3.988820 -5.091240 1.505519 25.338400 -1.604153 0.998477
Car -1 -1 -10 49.000000 195.000000 191.000000 254.000000 1.466088 1.613614 3.754968 -12.744423 1.719154 19.016010 -1.615591 0.937505
Car -1 -1 -10 193.000000 179.000000 304.000000 231.000000 1.617347 1.662419 4.070558 -12.998442 1.564247 26.314116 -1.593672 0.522081
Car -1 -1 -10 351.000000 191.000000 411.000000 228.000000 1.500789 1.588720 3.725223 -9.249509 1.465949 29.054321 -1.518683 0.432565
Car -1 -1 -10 277.000000 194.000000 365.000000 243.000000 1.519080 1.629291 3.747704 -8.034514 1.286251 21.218114 1.449531 0.043054
Car -1 -1 -10 144.000000 194.000000 238.000000 243.000000 1.496957 1.534547 3.576912 -17.273348 1.409070 28.459695 1.452738 0.019454
Car -1 -1 -10 425.000000 181.000000 466.000000 213.000000 1.540023 1.642720 3.894901 -8.854334 1.383949 38.843513 -1.814147 0.018819
Cyclist -1 -1 -10 283.000000 192.000000 348.000000 232.000000 1.697031 0.481972 1.444753 -8.082165 1.555094 20.041168 -1.989980 0.011486
