Pedestrian -1 -1 -10 872.000000 162.000000 928.000000 283.000000 1.682797 0.675205 0.765724 4.053182 1.428359 10.007667 -1.677309 0.991146
Pedestrian -1 -1 -10 -2.000000 155.000000 244.000000 379.000000 1.689413 0.740758 0.746494 -2.721340 1.510616 3.980094 1.829696 0.381992
Pedestrian -1 -1 -10 575.000000 162.000000 585.000000 196.000000 1.832830 0.591021 0.740636 -1.254948 0.622096 41.304527 1.967425 0.353555
Pedestrian -1 -1 -10 556.000000 161.000000 569.000000 196.000000 1.761692 0.583455 0.780996 -2.247988 0.612176 39.803281 -3.100418 0.170784
Pedestrian -1 -1 -10 636.000000 162.000000 645.000000 190.000000 1.833661 0.642716 0.878211 2.606240 0.540723 48.399250 -1.554238 0.090798
Pedestrian -1 -1 -10 746.000000 159.000000 767.000000 224.000000 1.756260 0.611703 0.644680 3.882238 1.102745 18.237944 -1.360653 0.066556
Pedestrian -1 -1 -10 1147.000000 252.000000 1190.000000 318.000000 1.632092 0.513043 0.506684 6.403300 1.611393 7.669448 3.677179 0.053808
Pedestrian -1 -1 -10 5.000000 176.000000 122.000000 371.000000 1.737949 0.634940 0.814483 -2.829134 1.604363 3.838323 -0.098133 0.030249
Pedestrian -1 -1 -10 865.000000 159.000000 899.000000 249.000000 1.576663 0.500222 0.580139 5.152971 0.743947 13.515886 2.889973 0.017088
Pedestrian -1 -1 -10 859.000000 153.000000 877.000000 214.000000 1.703894 0.626783 0.642324 6.708666 1.669276 18.049545 -0.658190 0.016080
Pedestrian -1 -1 -10 645.000000 163.000000 651.000000 190.000000 1.823515 0.663592 0.899236 3.252228 0.598062 49.013402 -2.037180 0.015957
Pedestrian -1 -1 -10 864.000000 155.000000 885.000000 224.000000 1.918632 0.666229 0.811089 6.865045 1.105159 18.146922 -1.295211 0.013922
Pedestrian -1 -1 -10 285.000000 167.000000 433.000000 362.000000 1.700263 0.775988 0.667676 -2.161367 1.551897 6.594085 1.487248 0.010225
Car -1 -1 -10 594.000000 170.000000 627.000000 197.000000 1.579226 1.685078 4.040303 0.488364 0.812771 39.299036 1.602945 0.998218
Cyclist -1 -1 -10 293.000000 163.000000 433.000000 373.000000 1.755778 0.580823 1.773119 -2.168258 1.584690 6.523103 1.581563 0.999094
Cyclist -1 -1 -10 -5.000000 155.000000 253.000000 373.000000 1.659494 0.443081 1.717612 -2.661492 1.452023 3.748885 1.660789 0.991771
Cyclist -1 -1 -10 3.000000 184.000000 119.000000 366.000000 1.639058 0.616155 1.738269 -2.569214 1.397411 3.808052 1.969331 0.049924
