Pedestrian -1 -1 -10 760.000000 176.000000 784.000000 215.000000 1.773624 0.525981 0.642934 2.646338 1.471420 12.480329 -2.021699 0.036924
Car -1 -1 -10 734.000000 177.000000 909.000000 284.000000 1.516293 1.640946 4.008385 3.286825 1.608175 12.433607 -1.562572 0.999189
Car -1 -1 -10 156.000000 195.000000 378.000000 300.000000 1.447802 1.655883 4.112782 -5.746579 1.924894 12.791428 1.609613 0.998946
Car -1 -1 -10 813.000000 184.000000 1219.000000 375.000000 1.488306 1.620592 3.786694 3.271537 1.652463 6.777175 -1.584692 0.998869
Car -1 -1 -10 689.000000 181.000000 753.000000 231.000000 1.483613 1.539106 3.740925 3.366989 1.728356 22.213239 1.525042 0.997806
Car -1 -1 -10 336.000000 190.000000 437.000000 256.000000 1.517744 1.544906 3.688764 -5.731472 1.974838 18.576522 1.589691 0.997777
Car -1 -1 -10 436.000000 185.000000 498.000000 227.000000 1.506987 1.599078 3.985318 -5.602628 2.038972 27.656951 1.680076 0.996476
Car -1 -1 -10 670.000000 181.000000 724.000000 219.000000 1.550335 1.658267 4.092761 3.401997 1.759400 27.990716 1.523276 0.937792
Car -1 -1 -10 3.000000 214.000000 117.000000 372.000000 1.465864 1.623641 3.971534 -6.074499 1.863168 5.641687 1.558424 0.791910
Car -1 -1 -10 655.000000 178.000000 697.000000 209.000000 1.485359 1.579933 3.750633 3.206896 1.759703 36.664505 -1.603011 0.729030
Car -1 -1 -10 1066.000000 157.000000 1244.000000 310.000000 1.453591 1.552161 3.653996 7.936040 1.215607 8.608541 2.729172 0.633411
Car -1 -1 -10 0.000000 187.000000 111.000000 247.000000 1.452725 1.552347 3.932407 -15.019913 1.791423 18.866676 -0.138113 0.309709
Car -1 -1 -10 496.000000 179.000000 533.000000 206.000000 1.533980 1.652731 4.013836 -5.328663 1.969361 42.841593 1.623850 0.098442
Cyclist -1 -1 -10 760.000000 176.000000 784.000000 215.000000 1.687246 0.551774 1.645569 8.334219 1.772450 37.139841 0.659632 0.109806
