Pedestrian -1 -1 -10 1000.000000 146.000000 1126.000000 368.000000 1.674083 0.568212 0.663065 3.007676 1.386678 4.684512 1.678266 0.999236
Pedestrian -1 -1 -10 580.000000 139.000000 666.000000 372.000000 1.762925 0.661887 0.835112 0.009474 1.452292 5.247230 1.078615 0.997860
Pedestrian -1 -1 -10 880.000000 144.000000 992.000000 371.000000 1.631219 0.544460 0.685988 2.200196 1.390373 4.763109 1.409778 0.996831
Pedestrian -1 -1 -10 526.000000 140.000000 569.000000 260.000000 1.802505 0.694212 0.895479 -0.901738 1.234149 11.024425 1.067278 0.995703
Pedestrian -1 -1 -10 268.000000 157.000000 350.000000 344.000000 1.716956 0.628172 0.677293 -2.805338 1.524562 6.585812 0.198958 0.995380
Pedestrian -1 -1 -10 835.000000 153.000000 903.000000 339.000000 1.738663 0.631208 0.859959 2.427791 1.487750 6.805663 1.383348 0.989586
Pedestrian -1 -1 -10 747.000000 145.000000 817.000000 335.000000 1.802714 0.662401 0.867475 1.722574 1.470919 7.026234 1.230236 0.987663
Pedestrian -1 -1 -10 673.000000 144.000000 737.000000 364.000000 1.802373 0.690849 0.876682 0.865604 1.538785 6.424571 1.108427 0.970745
Pedestrian -1 -1 -10 713.000000 160.000000 778.000000 351.000000 1.769785 0.600765 0.739346 1.195565 1.571224 6.567135 1.243333 0.906469
Pedestrian -1 -1 -10 715.000000 137.000000 758.000000 236.000000 1.754859 0.608707 0.774357 2.095220 0.960779 11.542081 1.663006 0.783647
Pedestrian -1 -1 -10 626.000000 144.000000 686.000000 359.000000 1.828035 0.564511 0.883506 0.409386 1.641025 6.144995 0.463702 0.767440
Pedestrian -1 -1 -10 647.000000 137.000000 690.000000 259.000000 1.806275 0.693982 0.913607 0.934275 1.127440 11.230480 1.136677 0.663752
Pedestrian -1 -1 -10 249.000000 131.000000 290.000000 259.000000 1.798708 0.719625 0.843634 -5.691457 1.072107 11.860649 0.623607 0.662478
Pedestrian -1 -1 -10 755.000000 147.000000 779.000000 208.000000 1.760187 0.591853 0.875282 4.101691 0.904838 18.383893 1.388101 0.418958
Pedestrian -1 -1 -10 859.000000 153.000000 939.000000 358.000000 1.724517 0.497553 0.899853 2.137131 1.444987 4.841228 0.924032 0.291827
Cyclist -1 -1 -10 309.000000 138.000000 345.000000 208.000000 1.683089 0.582813 1.648071 -8.147870 0.195895 20.782227 -2.003597 0.470709
Cyclist -1 -1 -10 313.000000 145.000000 384.000000 209.000000 1.684655 0.507922 1.594726 -6.557308 1.144242 17.760872 -2.005598 0.149444
Cyclist -1 -1 -10 534.000000 146.000000 565.000000 183.000000 1.697031 0.481972 1.444753 -3.366925 -0.216509 39.655441 -1.682059 0.141764
Cyclist -1 -1 -10 704.000000 148.000000 784.000000 285.000000 1.664445 0.601854 1.674696 2.333333 0.777365 11.485539 -0.811655 0.091862
Cyclist -1 -1 -10 550.000000 145.000000 566.000000 191.000000 1.669333 0.609942 1.677798 -1.995792 0.385998 29.044566 2.105237 0.083751
Cyclist -1 -1 -10 628.000000 140.000000 690.000000 303.000000 1.717178 0.671573 1.700900 0.189827 1.233134 5.396752 0.094512 0.078901
Cyclist -1 -1 -10 527.000000 143.000000 565.000000 214.000000 1.695729 0.698735 1.729109 -0.994593 1.414758 11.129201 -2.256572 0.057601
Cyclist -1 -1 -10 266.000000 148.000000 346.000000 340.000000 1.690848 0.596886 1.714239 -2.933202 1.407441 6.503565 0.408985 0.046694
Cyclist -1 -1 -10 248.000000 131.000000 290.000000 262.000000 1.767283 0.666431 1.678508 -5.482378 0.977492 11.679367 0.669279 0.031303
Cyclist -1 -1 -10 736.000000 144.000000 777.000000 224.000000 1.698617 0.714925 1.821669 4.134612 0.646157 18.651376 1.168252 0.029704
Cyclist -1 -1 -10 635.000000 144.000000 679.000000 232.000000 1.680670 0.558080 1.646672 0.733770 1.093681 11.491650 3.060612 0.027525
Cyclist -1 -1 -10 594.000000 142.000000 682.000000 360.000000 1.739654 0.515681 1.766542 0.214186 1.478436 5.761179 1.971223 0.017834
Cyclist -1 -1 -10 712.000000 138.000000 765.000000 240.000000 1.722586 0.583869 1.650376 2.155057 0.781906 11.811347 1.757152 0.017098
Cyclist -1 -1 -10 742.000000 153.000000 809.000000 279.000000 1.707246 0.752856 1.783065 2.181611 0.853041 11.822190 3.331482 0.012218
