Pedestrian -1 -1 -10 505.000000 174.000000 524.000000 218.000000 1.686397 0.647125 0.702183 -3.568429 1.799906 27.197908 1.461828 0.169070
Pedestrian -1 -1 -10 707.000000 161.000000 725.000000 212.000000 1.828844 0.720096 1.035812 4.059830 1.427272 27.682103 1.320426 0.070238
Pedestrian -1 -1 -10 389.000000 177.000000 421.000000 252.000000 1.653674 0.522877 0.711249 -3.653528 1.693910 12.996332 1.789279 0.064139
Pedestrian -1 -1 -10 426.000000 171.000000 472.000000 274.000000 1.714752 0.742233 0.659659 -2.902657 1.776234 13.446476 1.481332 0.018217
Car -1 -1 -10 638.000000 175.000000 671.000000 201.000000 1.555117 1.650692 3.772193 2.612310 1.679430 41.852854 -1.530043 0.902176
Car -1 -1 -10 1002.000000 200.000000 1235.000000 371.000000 1.513991 1.583728 3.687662 2.599991 1.476653 1.475517 -1.585504 0.898670
Car -1 -1 -10 0.000000 209.000000 181.000000 371.000000 1.606121 1.630634 3.886028 -5.027958 1.861498 5.172004 1.547163 0.824472
Car -1 -1 -10 376.000000 185.000000 450.000000 248.000000 1.470252 1.623258 3.831479 -5.388741 1.937776 20.648482 1.386578 0.245212
Car -1 -1 -10 498.000000 176.000000 530.000000 211.000000 1.576979 1.610138 3.927532 -5.066673 2.052593 39.664487 1.808737 0.066802
Cyclist -1 -1 -10 422.000000 172.000000 477.000000 279.000000 1.732440 0.647906 1.805305 -2.907894 1.799250 13.218863 1.565818 0.999605
Cyclist -1 -1 -10 506.000000 172.000000 524.000000 220.000000 1.734797 0.592111 1.753443 -3.573793 1.844542 27.047397 1.458661 0.999013
Cyclist -1 -1 -10 377.000000 177.000000 435.000000 284.000000 1.756484 0.584067 1.805846 -3.638991 1.874912 12.828779 1.563994 0.998718
Cyclist -1 -1 -10 707.000000 161.000000 726.000000 213.000000 1.895610 0.592533 1.750276 4.095507 1.455260 27.707186 1.714496 0.759042
Cyclist -1 -1 -10 373.000000 187.000000 453.000000 245.000000 1.705075 0.643663 1.716384 -5.432088 2.089278 19.475304 2.397317 0.249252
Cyclist -1 -1 -10 997.000000 191.000000 1245.000000 377.000000 1.742705 0.610977 1.823101 1.729442 1.619673 2.255094 -1.564284 0.046411
Cyclist -1 -1 -10 389.000000 178.000000 420.000000 255.000000 1.658870 0.560531 1.696835 -3.633577 1.711373 12.917128 1.667695 0.040790
