Car -1 -1 -10 711.000000 164.000000 913.000000 309.000000 1.704555 1.691413 4.134730 2.728234 1.675749 10.935836 -1.612579 0.999418
Car -1 -1 -10 -2.000000 187.000000 347.000000 295.000000 1.465951 1.556673 3.918986 -6.521015 1.720650 10.642724 -3.213905 0.997218
Car -1 -1 -10 186.000000 173.000000 412.000000 260.000000 1.647567 1.632087 3.811405 -6.616985 1.724078 15.413305 -3.083310 0.993766
Car -1 -1 -10 688.000000 181.000000 786.000000 254.000000 1.454006 1.607717 3.683096 2.818420 1.686828 16.388438 -1.589444 0.980872
Car -1 -1 -10 269.000000 169.000000 449.000000 243.000000 1.825635 1.631454 3.957542 -6.275629 1.735690 18.120893 0.107568 0.978867
Car -1 -1 -10 666.000000 176.000000 748.000000 232.000000 1.495009 1.623837 3.816005 2.814183 1.652402 21.824655 -1.574844 0.967798
Car -1 -1 -10 646.000000 175.000000 690.000000 208.000000 1.474626 1.606837 3.841023 2.575310 1.616076 33.922573 -1.584367 0.962750
Car -1 -1 -10 391.000000 172.000000 516.000000 210.000000 1.490110 1.643199 4.151920 -6.795655 1.700939 32.355048 0.154645 0.804584
Car -1 -1 -10 360.000000 170.000000 472.000000 223.000000 1.536537 1.623343 3.816157 -6.060645 1.530644 24.745235 -2.963331 0.680875
Car -1 -1 -10 2.000000 190.000000 98.000000 375.000000 1.469001 1.625866 3.920274 -6.554775 1.607931 6.010013 -2.894246 0.165510
