Pedestrian -1 -1 -10 769.000000 171.000000 821.000000 283.000000 1.713219 0.656648 0.995518 2.827895 1.569185 10.793236 -1.401996 0.994296
Pedestrian -1 -1 -10 437.000000 178.000000 456.000000 244.000000 1.808945 0.618284 0.745102 -4.233176 1.670271 19.430281 1.724041 0.978398
Pedestrian -1 -1 -10 451.000000 182.000000 467.000000 236.000000 1.720147 0.641615 0.704811 -4.651284 1.650988 23.157391 -1.875371 0.632553
Pedestrian -1 -1 -10 259.000000 183.000000 288.000000 277.000000 1.725706 0.593558 0.782053 -5.748627 1.717539 12.657538 2.116816 0.516504
Pedestrian -1 -1 -10 1153.000000 146.000000 1236.000000 355.000000 1.711643 0.471747 0.563718 5.141701 1.249239 6.361743 3.220127 0.149106
Pedestrian -1 -1 -10 518.000000 180.000000 535.000000 220.000000 1.745244 0.702706 0.970984 -3.475142 1.784631 33.057568 0.971130 0.065147
Pedestrian -1 -1 -10 1199.000000 151.000000 1238.000000 364.000000 1.705320 0.624553 0.640588 7.099704 1.189138 8.543057 -1.392984 0.057620
Pedestrian -1 -1 -10 611.000000 179.000000 620.000000 210.000000 1.704994 0.591904 0.574407 0.798051 2.495705 42.344453 2.618311 0.020607
Pedestrian -1 -1 -10 597.000000 178.000000 607.000000 210.000000 1.838789 0.646263 0.824994 -0.023371 1.556851 42.337322 -1.607191 0.016988
Cyclist -1 -1 -10 1171.000000 156.000000 1237.000000 354.000000 1.756103 0.554300 1.669827 7.028907 1.107006 8.359555 -0.351657 0.088623
Cyclist -1 -1 -10 513.000000 181.000000 537.000000 219.000000 1.728370 0.790363 1.844501 -3.513039 1.718148 33.126284 -1.179314 0.016005
Cyclist -1 -1 -10 254.000000 182.000000 295.000000 281.000000 1.698050 0.528046 1.694247 -5.697180 1.650469 12.515020 1.865706 0.010875
