Pedestrian -1 -1 -10 711.000000 165.000000 764.000000 272.000000 1.722511 0.610976 0.877298 2.068296 1.479420 11.236090 -0.274366 0.987197
Pedestrian -1 -1 -10 882.000000 151.000000 899.000000 195.000000 1.845258 0.560867 1.069220 13.457160 0.702669 33.393167 1.425294 0.133757
Pedestrian -1 -1 -10 1002.000000 149.000000 1024.000000 212.000000 1.742321 0.583591 0.743337 4.517587 0.994346 8.117566 3.515518 0.089327
Pedestrian -1 -1 -10 21.000000 177.000000 49.000000 267.000000 1.751401 0.628102 0.725072 -17.646411 1.758584 21.997332 2.018926 0.081727
Pedestrian -1 -1 -10 726.000000 169.000000 750.000000 201.000000 1.810230 0.522914 0.699360 2.291651 1.414857 13.044527 0.357562 0.045498
Pedestrian -1 -1 -10 730.000000 167.000000 743.000000 195.000000 1.705730 0.637387 0.631259 9.041433 1.536977 46.347924 -1.902920 0.025041
Car -1 -1 -10 447.000000 173.000000 480.000000 199.000000 1.596405 1.692220 3.971337 -8.634148 1.079168 43.112883 1.470889 0.998342
Car -1 -1 -10 0.000000 205.000000 294.000000 365.000000 1.544741 1.617952 3.890272 -3.203113 1.666023 3.498661 -1.582061 0.974388
Cyclist -1 -1 -10 727.000000 169.000000 748.000000 201.000000 1.670501 0.430143 1.591983 9.138933 1.448663 46.192930 -1.881469 0.023714
Cyclist -1 -1 -10 22.000000 197.000000 276.000000 359.000000 1.732951 0.633252 1.966219 -2.772804 1.765024 3.828935 -1.537717 0.023100
