Pedestrian -1 -1 -10 1147.000000 161.000000 1195.000000 261.000000 1.758211 0.696177 0.944087 14.442964 1.216298 18.447119 -0.978607 0.094866
Pedestrian -1 -1 -10 0.000000 179.000000 98.000000 370.000000 1.781677 0.606306 0.825074 -4.832068 1.913591 5.939492 -0.052057 0.012531
Car -1 -1 -10 630.000000 178.000000 681.000000 218.000000 1.406255 1.612224 3.879574 1.830364 1.757015 30.022309 -1.626468 0.998260
Car -1 -1 -10 0.000000 162.000000 290.000000 300.000000 1.661233 1.702938 3.905697 -7.003417 1.753787 10.519201 -3.244634 0.997011
Car -1 -1 -10 1008.000000 189.000000 1242.000000 376.000000 1.524861 1.624106 3.817538 5.875171 1.701722 6.894231 0.013154 0.993782
Car -1 -1 -10 802.000000 184.000000 1133.000000 286.000000 1.541956 1.604780 4.060843 6.007649 1.705175 11.663942 3.085426 0.978013
Car -1 -1 -10 324.000000 179.000000 466.000000 226.000000 1.500318 1.596856 4.012750 -7.003493 1.695799 24.223886 -0.125499 0.977249
Car -1 -1 -10 766.000000 171.000000 968.000000 262.000000 1.583588 1.650185 4.029488 5.560887 1.725230 14.910939 -0.024970 0.974954
Car -1 -1 -10 940.000000 185.000000 1188.000000 317.000000 1.483150 1.591381 3.729881 6.227761 1.718689 9.205493 -0.000042 0.832512
Car -1 -1 -10 4.000000 175.000000 95.000000 373.000000 1.486784 1.603858 4.003341 -6.518991 1.616933 5.778868 -3.053901 0.384289
Car -1 -1 -10 616.000000 175.000000 646.000000 201.000000 1.533969 1.620129 3.902145 0.877693 1.826494 45.208855 -1.488718 0.183521
Car -1 -1 -10 382.000000 179.000000 487.000000 219.000000 1.501894 1.570422 3.984099 -6.863548 1.708726 27.498298 -2.905171 0.127851
Cyclist -1 -1 -10 484.000000 174.000000 512.000000 234.000000 1.735931 0.616158 1.724768 -3.368277 1.820097 21.376147 1.554412 0.992016
Cyclist -1 -1 -10 485.000000 178.000000 516.000000 206.000000 1.738519 0.694436 1.715942 -5.798155 1.749886 37.078474 -0.097576 0.253261
Cyclist -1 -1 -10 1131.000000 169.000000 1211.000000 245.000000 1.709736 0.512273 1.679251 14.455739 1.275265 18.619512 -2.450107 0.029804
