Pedestrian -1 -1 -10 747.000000 172.000000 762.000000 220.000000 1.722394 0.578196 0.769277 0.921805 1.634541 5.574105 3.148513 0.034584
Car -1 -1 -10 489.000000 187.000000 548.000000 225.000000 1.508308 1.608685 3.699859 -3.746189 2.091912 29.864972 1.613922 0.999514
Car -1 -1 -10 763.000000 191.000000 896.000000 278.000000 1.448737 1.613272 3.871229 4.100922 1.839586 14.143401 -1.531918 0.996953
Car -1 -1 -10 726.000000 183.000000 822.000000 247.000000 1.503161 1.610410 3.751655 4.325016 1.861119 20.016440 -1.567222 0.990005
Car -1 -1 -10 711.000000 184.000000 769.000000 231.000000 1.451085 1.602771 3.876415 4.536394 1.904222 25.197926 -1.502511 0.973117
Car -1 -1 -10 698.000000 183.000000 740.000000 219.000000 1.508367 1.596966 3.668561 4.689294 1.981208 30.599274 -1.511226 0.926746
Car -1 -1 -10 1.000000 219.000000 160.000000 376.000000 1.526764 1.615753 3.917808 -4.797718 1.790013 3.718179 1.567489 0.624041
Car -1 -1 -10 522.000000 186.000000 562.000000 218.000000 1.573915 1.628017 3.920245 -3.266798 2.139156 36.181487 1.625770 0.621247
Car -1 -1 -10 688.000000 182.000000 725.000000 214.000000 1.646679 1.693715 4.222880 4.984635 2.015607 35.986673 -1.561001 0.406451
Car -1 -1 -10 823.000000 161.000000 1232.000000 375.000000 1.815477 1.725888 4.387141 3.955407 1.734372 7.966548 -1.537656 0.296774
