Car -1 -1 -10 251.000000 194.000000 403.000000 278.000000 1.494770 1.611536 3.861001 -5.745621 1.970385 15.140888 1.583905 0.999696
Car -1 -1 -10 358.000000 189.000000 450.000000 247.000000 1.473028 1.591876 3.848930 -5.794365 1.970793 20.487235 1.582670 0.996779
Car -1 -1 -10 798.000000 153.000000 918.000000 197.000000 1.579826 1.646466 4.119327 9.298098 0.945447 27.352645 3.177032 0.994479
Car -1 -1 -10 404.000000 188.000000 481.000000 234.000000 1.478451 1.618771 4.008473 -5.765707 2.033386 25.381198 1.596281 0.986652
Car -1 -1 -10 443.000000 185.000000 506.000000 220.000000 1.473373 1.629660 4.007275 -5.675490 1.941238 31.345146 1.592062 0.955615
Car -1 -1 -10 488.000000 182.000000 529.000000 212.000000 1.608874 1.643087 4.065707 -5.512479 2.084134 38.971086 1.607158 0.923161
Car -1 -1 -10 664.000000 174.000000 708.000000 207.000000 1.544443 1.604365 3.817802 3.572705 1.568773 32.996320 -1.587545 0.893217
Car -1 -1 -10 1091.000000 135.000000 1241.000000 174.000000 1.539980 1.668849 4.031023 22.393656 0.014181 30.156081 0.063762 0.409692
Car -1 -1 -10 747.000000 160.000000 846.000000 194.000000 1.487676 1.608285 3.900480 8.232566 1.353328 34.825562 2.552271 0.211814
Car -1 -1 -10 1055.000000 141.000000 1153.000000 175.000000 1.499088 1.577543 3.824794 23.540180 0.096883 34.448688 0.049443 0.093317
