Car -1 -1 -10 522.000000 178.000000 561.000000 206.000000 1.504873 1.667639 4.024917 -3.735677 1.860483 39.949301 1.561383 0.999361
Car -1 -1 -10 209.000000 175.000000 382.000000 279.000000 1.647176 1.649630 4.005522 -6.146762 1.822363 14.598012 1.554868 0.998868
Car -1 -1 -10 332.000000 179.000000 436.000000 241.000000 1.652790 1.641950 4.006173 -6.389772 1.877961 21.253271 1.568389 0.995853
Car -1 -1 -10 845.000000 171.000000 1229.000000 375.000000 1.534322 1.621576 3.945989 2.911033 1.629478 4.323572 -1.589052 0.982520
Car -1 -1 -10 436.000000 182.000000 487.000000 215.000000 1.478131 1.625510 4.033809 -6.600144 1.908269 32.065869 1.578212 0.980727
Car -1 -1 -10 691.000000 165.000000 772.000000 192.000000 1.637288 1.670671 4.067894 8.124102 1.295108 48.344793 3.291319 0.934202
Car -1 -1 -10 -2.000000 219.000000 162.000000 370.000000 1.438796 1.611937 3.963593 -6.111729 1.900600 6.203009 1.577491 0.740497
Car -1 -1 -10 1012.000000 154.000000 1225.000000 212.000000 1.498257 1.604872 3.732924 15.051094 0.738894 21.423624 -2.427202 0.073328
Car -1 -1 -10 994.000000 157.000000 1235.000000 292.000000 1.491088 1.685699 4.306721 8.559845 1.350388 12.042816 2.713489 0.045741
Cyclist -1 -1 -10 -3.000000 218.000000 163.000000 371.000000 1.759695 0.592093 1.942735 -5.636097 2.066337 6.986509 -1.581759 0.016614
