Pedestrian -1 -1 -10 468.000000 176.000000 481.000000 204.000000 1.722529 0.583096 0.559352 -7.422049 1.452381 38.625500 -2.317257 0.187227
Car -1 -1 -10 758.000000 191.000000 1007.000000 350.000000 1.484837 1.557710 3.575097 2.877408 1.715313 8.462718 -1.578380 0.999070
Car -1 -1 -10 50.000000 194.000000 360.000000 364.000000 1.510985 1.616779 3.898354 -4.392644 1.840483 8.660290 1.556897 0.999021
Car -1 -1 -10 670.000000 181.000000 737.000000 241.000000 1.501644 1.602300 3.844812 2.579813 1.822960 20.425876 -1.588091 0.997418
Car -1 -1 -10 453.000000 182.000000 513.000000 227.000000 1.500308 1.623303 3.822129 -4.742138 1.986991 26.993514 1.540156 0.997148
Car -1 -1 -10 722.000000 184.000000 851.000000 289.000000 1.478827 1.542923 3.430001 2.981002 1.726070 12.739832 -1.582075 0.936906
Car -1 -1 -10 660.000000 182.000000 715.000000 226.000000 1.535356 1.552667 3.539602 2.679877 1.826139 26.382243 -1.597423 0.902427
Car -1 -1 -10 480.000000 177.000000 526.000000 219.000000 1.610555 1.610775 3.901801 -4.744574 1.889482 32.681608 1.588270 0.870436
Car -1 -1 -10 645.000000 179.000000 683.000000 213.000000 1.516871 1.601502 3.501878 2.745643 1.982700 34.864831 -1.561472 0.720678
Car -1 -1 -10 501.000000 178.000000 540.000000 211.000000 1.542286 1.493096 3.341590 -4.832217 1.865031 34.319249 -1.585699 0.502907
Car -1 -1 -10 272.000000 186.000000 370.000000 234.000000 1.472866 1.594346 4.005216 -9.792600 1.847099 22.291133 0.109214 0.170661
