Pedestrian -1 -1 -10 300.000000 169.000000 368.000000 330.000000 1.793961 0.692627 0.844735 -3.048006 1.640404 8.278871 -1.455220 0.997126
Pedestrian -1 -1 -10 777.000000 177.000000 839.000000 339.000000 1.722598 0.644492 0.814736 2.184876 1.633360 7.799263 -1.311227 0.996051
Pedestrian -1 -1 -10 975.000000 163.000000 1053.000000 349.000000 1.732365 0.647850 0.813574 4.063182 1.590166 7.174777 1.550732 0.995105
Pedestrian -1 -1 -10 634.000000 172.000000 667.000000 251.000000 1.780755 0.693794 1.148182 1.158261 1.620942 17.577967 -2.017883 0.994212
Pedestrian -1 -1 -10 1049.000000 159.000000 1152.000000 348.000000 1.737488 0.770284 0.740452 4.631972 1.581935 6.786709 3.092586 0.972231
Pedestrian -1 -1 -10 721.000000 177.000000 761.000000 297.000000 1.697797 0.559978 0.751091 1.899434 1.640391 10.376990 -1.597865 0.959509
Pedestrian -1 -1 -10 691.000000 182.000000 733.000000 285.000000 1.686256 0.617511 0.741015 1.833653 1.726786 11.847576 -1.483101 0.947605
Pedestrian -1 -1 -10 186.000000 172.000000 242.000000 321.000000 1.768173 0.703786 0.868032 -4.629486 1.714928 8.597189 1.080795 0.935626
Pedestrian -1 -1 -10 739.000000 180.000000 768.000000 287.000000 1.748382 0.632904 0.759957 2.528797 1.736644 11.867358 2.863716 0.253231
Pedestrian -1 -1 -10 777.000000 179.000000 812.000000 301.000000 1.746696 0.615933 0.852224 2.486378 1.503679 9.116904 -0.869104 0.234675
Pedestrian -1 -1 -10 783.000000 180.000000 832.000000 259.000000 1.767963 0.565667 0.461460 4.024545 1.387438 14.966634 -0.954754 0.088745
Pedestrian -1 -1 -10 804.000000 178.000000 829.000000 227.000000 1.788438 0.627710 0.731072 7.940930 1.361569 26.473114 -1.764825 0.072669
Pedestrian -1 -1 -10 783.000000 176.000000 807.000000 249.000000 1.714055 0.487153 0.687542 3.336526 1.260732 12.673337 -1.372654 0.066781
Pedestrian -1 -1 -10 793.000000 180.000000 818.000000 237.000000 1.760192 0.646629 0.648325 2.131089 1.305343 7.745586 -1.843948 0.047720
Car -1 -1 -10 545.000000 183.000000 597.000000 223.000000 1.545489 1.651192 4.034415 -1.247277 1.627993 29.959732 1.660796 0.999356
Cyclist -1 -1 -10 174.000000 176.000000 247.000000 324.000000 1.819953 0.595771 1.788358 -4.671304 1.755161 8.655888 1.096159 0.382483
Cyclist -1 -1 -10 636.000000 176.000000 673.000000 251.000000 1.780785 0.673901 1.764072 1.150517 1.662682 17.540263 -2.103700 0.374413
Cyclist -1 -1 -10 0.000000 212.000000 56.000000 331.000000 1.701132 0.560547 1.748007 -7.037986 1.883722 8.631362 0.868506 0.082206
Cyclist -1 -1 -10 775.000000 180.000000 833.000000 329.000000 1.757464 0.603197 1.709839 2.289563 1.643683 7.905143 -1.211933 0.075112
Cyclist -1 -1 -10 650.000000 179.000000 691.000000 249.000000 1.677664 0.567256 1.802122 1.445350 1.692851 17.469393 1.157531 0.060724
Cyclist -1 -1 -10 780.000000 179.000000 814.000000 290.000000 1.746629 0.601110 1.605570 2.651970 1.139522 9.682272 0.312365 0.027085
