Pedestrian -1 -1 -10 689.000000 172.000000 712.000000 229.000000 1.711058 0.583841 0.608433 2.836082 1.553849 21.618013 -1.424547 0.957741
Pedestrian -1 -1 -10 3.000000 164.000000 103.000000 370.000000 1.758448 0.529330 0.626473 -3.758575 1.297932 4.906920 -0.066965 0.901319
Pedestrian -1 -1 -10 103.000000 184.000000 158.000000 321.000000 1.723545 0.570010 0.846355 -5.586539 1.586719 8.332726 1.992861 0.832593
Pedestrian -1 -1 -10 767.000000 168.000000 787.000000 226.000000 1.698933 0.615221 0.864802 5.109726 1.235472 21.005153 -1.791728 0.744948
Pedestrian -1 -1 -10 36.000000 187.000000 140.000000 367.000000 1.596465 0.552314 0.504637 -4.078848 1.506950 5.986286 0.092756 0.247987
Pedestrian -1 -1 -10 512.000000 173.000000 524.000000 209.000000 1.840437 0.709464 0.904873 -4.645867 1.473491 40.248099 2.956093 0.221222
Pedestrian -1 -1 -10 550.000000 181.000000 562.000000 209.000000 1.682563 0.677219 0.787299 -2.385274 1.728805 38.571940 3.042846 0.170368
Pedestrian -1 -1 -10 538.000000 180.000000 552.000000 209.000000 1.674338 0.632314 0.777049 -3.064450 1.694620 38.655093 -1.232848 0.140135
Pedestrian -1 -1 -10 75.000000 189.000000 186.000000 347.000000 1.720194 0.554962 0.715861 -3.341995 1.839437 5.375224 -1.731827 0.114479
Pedestrian -1 -1 -10 506.000000 174.000000 519.000000 209.000000 1.808061 0.635210 0.604722 -4.918752 1.426596 38.768993 -1.103333 0.114173
Pedestrian -1 -1 -10 502.000000 173.000000 513.000000 209.000000 1.867918 0.664368 0.844335 -5.072898 1.462161 39.240471 2.443490 0.036205
Pedestrian -1 -1 -10 22.000000 166.000000 241.000000 366.000000 1.778008 0.885597 0.643731 -3.090734 1.653493 4.809184 -0.070055 0.018421
Car -1 -1 -10 60.000000 140.000000 465.000000 376.000000 1.827392 1.706082 4.165127 -2.710261 1.584406 6.763662 1.598358 0.849702
Car -1 -1 -10 641.000000 172.000000 687.000000 211.000000 1.703236 1.635144 4.073096 3.142897 1.337261 35.996792 -1.562180 0.353729
Car -1 -1 -10 18.000000 165.000000 255.000000 366.000000 1.549293 1.556451 3.534889 -3.024357 1.229392 2.954587 -3.666162 0.077959
Car -1 -1 -10 75.000000 189.000000 186.000000 347.000000 1.454890 1.614867 3.894018 -2.938775 1.412278 6.593374 1.368597 0.011968
Cyclist -1 -1 -10 643.000000 171.000000 687.000000 212.000000 1.930107 0.450984 1.815156 2.920521 1.381025 34.187554 3.142904 0.011816
Cyclist -1 -1 -10 0.000000 177.000000 116.000000 369.000000 1.773145 0.609695 1.696977 -2.227679 1.436043 2.520994 -1.698181 0.011722
