Pedestrian -1 -1 -10 996.000000 148.000000 1080.000000 336.000000 1.722551 0.622024 0.859388 4.165548 1.381705 7.046804 -1.903431 0.967495
Pedestrian -1 -1 -10 566.000000 165.000000 579.000000 202.000000 1.819715 0.642927 0.745001 -1.352506 0.945818 34.247624 1.674368 0.879963
Pedestrian -1 -1 -10 638.000000 165.000000 648.000000 193.000000 1.808338 0.596731 0.701473 2.622250 0.638018 45.288122 -1.548978 0.688234
Pedestrian -1 -1 -10 626.000000 165.000000 635.000000 191.000000 1.806586 0.656800 0.886742 2.353023 0.510038 56.066355 -1.447769 0.418344
Pedestrian -1 -1 -10 563.000000 166.000000 573.000000 200.000000 1.749564 0.584528 0.739809 -1.550896 0.897629 36.141943 -1.088767 0.275837
Pedestrian -1 -1 -10 643.000000 164.000000 654.000000 192.000000 1.775695 0.700116 0.590132 3.016983 0.590316 47.023557 -1.931727 0.241343
Pedestrian -1 -1 -10 653.000000 164.000000 661.000000 192.000000 1.788072 0.572938 0.798489 3.534951 0.679891 45.642326 2.649357 0.163735
Pedestrian -1 -1 -10 794.000000 157.000000 821.000000 235.000000 1.766219 0.639242 0.751183 4.164328 1.196792 14.912827 -1.481724 0.162259
Pedestrian -1 -1 -10 620.000000 164.000000 632.000000 192.000000 1.790724 0.661397 0.541197 1.664561 0.831771 55.876128 -1.931255 0.133364
Pedestrian -1 -1 -10 616.000000 165.000000 625.000000 192.000000 1.734128 0.580187 0.745186 0.010743 1.115907 7.079740 3.006994 0.097334
Pedestrian -1 -1 -10 650.000000 164.000000 657.000000 191.000000 1.805741 0.436588 0.657732 3.472763 0.937420 48.966497 -1.084697 0.080610
Pedestrian -1 -1 -10 1008.000000 146.000000 1026.000000 198.000000 1.761186 0.580056 0.827758 7.390521 1.253780 13.092482 -1.047044 0.049111
Pedestrian -1 -1 -10 635.000000 164.000000 642.000000 189.000000 1.725537 0.589557 0.623738 2.543461 0.774053 45.191199 -1.437869 0.043927
Pedestrian -1 -1 -10 610.000000 167.000000 627.000000 196.000000 1.774446 0.572244 0.747083 0.137714 1.104507 10.652598 0.135819 0.039107
Pedestrian -1 -1 -10 1032.000000 156.000000 1085.000000 310.000000 1.717460 0.570919 0.685511 4.360774 1.270560 7.090726 1.107604 0.029462
Pedestrian -1 -1 -10 1023.000000 159.000000 1044.000000 210.000000 1.605335 0.519270 0.557527 7.692159 0.777905 13.096117 1.212616 0.013892
Pedestrian -1 -1 -10 1007.000000 155.000000 1061.000000 219.000000 1.849184 0.735601 0.721124 7.815757 1.081420 12.883518 -1.236475 0.011512
Pedestrian -1 -1 -10 572.000000 166.000000 590.000000 203.000000 1.782404 0.560834 0.603237 -1.279893 0.898379 34.207675 -1.637117 0.011162
Car -1 -1 -10 576.000000 172.000000 630.000000 217.000000 1.460281 1.661744 4.191581 0.141881 1.156626 25.427826 1.661607 0.998399
Car -1 -1 -10 938.000000 162.000000 1023.000000 204.000000 1.528690 1.552477 3.475459 13.158242 1.201373 23.514481 -1.091448 0.271821
Cyclist -1 -1 -10 989.000000 150.000000 1088.000000 333.000000 1.735228 0.493612 1.687897 4.185532 1.335269 7.083924 2.815778 0.015752
Cyclist -1 -1 -10 624.000000 164.000000 636.000000 192.000000 1.733518 0.572653 1.725473 2.258552 0.365298 56.300279 3.108949 0.014243
Cyclist -1 -1 -10 500.000000 157.000000 521.000000 195.000000 1.681483 0.614190 1.704970 -3.412946 1.174844 26.822242 1.481332 0.010836
