Car -1 -1 -10 573.000000 175.000000 611.000000 210.000000 1.542312 1.631272 3.798026 -0.782912 1.010413 35.486929 -1.595959 0.999405
Car -1 -1 -10 214.000000 186.000000 407.000000 293.000000 1.464291 1.618675 4.020707 -4.698386 1.482316 11.972819 -1.561425 0.999358
Car -1 -1 -10 408.000000 183.000000 487.000000 237.000000 1.435439 1.597691 3.828764 -4.613370 1.404376 21.297660 -1.577929 0.999006
Car -1 -1 -10 90.000000 177.000000 232.000000 242.000000 1.553127 1.630072 3.821171 -12.188241 1.414984 20.119583 -1.582300 0.997786
Car -1 -1 -10 216.000000 186.000000 315.000000 248.000000 1.513238 1.634222 3.815751 -8.683992 1.515061 19.159774 -1.521194 0.959233
Car -1 -1 -10 445.000000 180.000000 500.000000 220.000000 1.507848 1.589904 3.705570 -5.493815 1.319135 29.166848 -1.601155 0.589269
Car -1 -1 -10 0.000000 178.000000 161.000000 315.000000 1.579728 1.639320 3.699726 -8.368771 1.634241 10.460948 -1.625163 0.517789
Car -1 -1 -10 344.000000 179.000000 418.000000 217.000000 1.501376 1.585734 3.745819 -9.082750 1.308115 29.170111 -1.574063 0.451724
Car -1 -1 -10 412.000000 173.000000 462.000000 205.000000 1.541952 1.621219 3.724310 -9.138542 0.655013 39.696764 -1.714972 0.079427
Car -1 -1 -10 509.000000 172.000000 545.000000 205.000000 1.644244 1.621618 3.486074 -4.614938 0.900151 37.088939 -1.619501 0.016162
