Pedestrian -1 -1 -10 645.000000 152.000000 678.000000 237.000000 1.746764 0.636553 0.721553 1.180334 1.117889 15.006683 1.212631 0.988833
Pedestrian -1 -1 -10 339.000000 168.000000 362.000000 222.000000 1.750119 0.651586 0.997310 -8.289313 1.252092 23.548487 -2.059554 0.981043
Pedestrian -1 -1 -10 37.000000 175.000000 97.000000 303.000000 1.796241 0.721557 0.824343 -8.282662 1.533211 10.970828 2.416568 0.936225
Pedestrian -1 -1 -10 0.000000 174.000000 36.000000 333.000000 1.781355 0.518818 0.654147 -5.860100 1.401842 7.086629 -0.111290 0.729880
Pedestrian -1 -1 -10 431.000000 168.000000 442.000000 199.000000 1.751715 0.651921 0.711880 -9.686239 1.078661 41.844028 -1.824563 0.201113
Pedestrian -1 -1 -10 468.000000 168.000000 490.000000 216.000000 1.744919 0.664720 0.799233 -4.525399 1.193145 25.955898 -2.127608 0.097909
Pedestrian -1 -1 -10 486.000000 170.000000 502.000000 215.000000 1.742115 0.622953 0.914521 -3.959014 1.207932 26.180746 -1.726900 0.074306
Pedestrian -1 -1 -10 213.000000 154.000000 329.000000 357.000000 1.690293 0.807334 0.665264 -2.903834 1.532970 6.519497 1.647736 0.056475
Pedestrian -1 -1 -10 477.000000 170.000000 497.000000 216.000000 1.746414 0.596728 0.915767 -4.166604 1.115408 26.106840 1.376558 0.032406
Pedestrian -1 -1 -10 18.000000 185.000000 138.000000 329.000000 1.751449 0.623881 0.696897 -6.510190 1.609530 8.563342 1.972300 0.013129
Car -1 -1 -10 19.000000 180.000000 286.000000 368.000000 1.581657 1.656180 3.997779 -4.966017 1.603306 8.421345 1.445065 0.996386
Car -1 -1 -10 18.000000 185.000000 138.000000 329.000000 1.605869 1.650039 3.926554 -6.814421 1.422440 10.136891 -2.160132 0.036114
Car -1 -1 -10 186.000000 163.000000 336.000000 364.000000 1.637590 1.560168 3.556243 -3.474557 1.615123 7.937280 -2.024972 0.024039
Cyclist -1 -1 -10 206.000000 148.000000 333.000000 371.000000 1.742228 0.612823 1.767719 -2.918614 1.578898 6.448342 1.469175 0.997424
Cyclist -1 -1 -10 13.000000 177.000000 296.000000 372.000000 1.702553 0.759785 1.848145 -4.302797 1.730015 7.312996 1.994304 0.214134
Cyclist -1 -1 -10 468.000000 167.000000 489.000000 216.000000 1.769698 0.583561 1.707889 -4.484083 1.183155 26.031763 1.511747 0.194204
Cyclist -1 -1 -10 1.000000 170.000000 49.000000 330.000000 1.746907 0.654613 1.745671 -6.778129 1.474707 8.620931 0.211128 0.082917
Cyclist -1 -1 -10 27.000000 174.000000 102.000000 307.000000 1.781426 0.528238 1.851393 -8.403795 1.560145 11.125404 -2.536633 0.062391
Cyclist -1 -1 -10 1.000000 162.000000 20.000000 359.000000 1.651365 0.543131 1.644500 -5.365130 1.251340 6.428383 -2.237042 0.010913
