Car -1 -1 -10 706.000000 186.000000 842.000000 279.000000 1.414378 1.590897 3.854505 2.778225 1.668497 12.911367 -1.558995 0.999706
Car -1 -1 -10 552.000000 177.000000 588.000000 205.000000 1.489349 1.622758 3.617486 -2.051363 1.678412 36.999451 1.525097 0.998448
Car -1 -1 -10 679.000000 179.000000 742.000000 229.000000 1.401376 1.588971 3.894837 3.007362 1.665757 22.189922 -1.574345 0.990524
Car -1 -1 -10 318.000000 177.000000 493.000000 237.000000 1.469754 1.567572 4.101055 -5.836715 1.763823 19.775947 0.081990 0.982612
Car -1 -1 -10 191.000000 172.000000 421.000000 257.000000 1.627345 1.657726 4.186580 -6.046972 1.536956 14.345853 0.015598 0.973790
Car -1 -1 -10 0.000000 181.000000 248.000000 372.000000 1.582107 1.613073 4.026972 -6.032617 1.821184 7.058272 -0.119017 0.954138
Car -1 -1 -10 652.000000 172.000000 687.000000 201.000000 1.555105 1.645854 3.850394 3.338347 1.502883 40.747562 -1.556158 0.922002
Car -1 -1 -10 390.000000 175.000000 509.000000 219.000000 1.554150 1.670758 4.094214 -6.007114 1.432290 28.387113 -3.252490 0.890927
Car -1 -1 -10 486.000000 175.000000 546.000000 200.000000 1.499401 1.647533 3.798315 -5.080163 1.649274 44.157390 -0.081742 0.621863
Cyclist -1 -1 -10 2.000000 169.000000 238.000000 369.000000 1.738263 0.909848 1.880548 -4.693553 1.840869 6.521185 -0.189534 0.029308
