Pedestrian -1 -1 -10 382.000000 175.000000 405.000000 244.000000 1.832420 0.665549 0.755892 -5.886989 2.009874 19.625833 1.703771 0.990485
Pedestrian -1 -1 -10 352.000000 182.000000 377.000000 242.000000 1.795342 0.685412 0.756751 -6.888248 1.977597 20.008396 -1.882091 0.081686
Pedestrian -1 -1 -10 410.000000 197.000000 421.000000 227.000000 1.736704 0.520263 0.714353 -7.833723 2.314459 27.960288 0.276666 0.070098
Car -1 -1 -10 679.000000 179.000000 759.000000 243.000000 1.515246 1.579398 3.504184 2.623403 1.675553 17.972771 -1.565907 0.999375
Car -1 -1 -10 765.000000 181.000000 1050.000000 360.000000 1.520537 1.579176 3.644258 2.855937 1.605734 7.773476 -1.595127 0.998958
Car -1 -1 -10 314.000000 199.000000 450.000000 286.000000 1.466509 1.578340 3.740174 -4.322940 2.008538 14.118442 -1.605257 0.998807
Car -1 -1 -10 647.000000 176.000000 686.000000 211.000000 1.558093 1.616558 4.067137 2.633600 1.692505 34.022177 -1.522798 0.998050
Car -1 -1 -10 423.000000 180.000000 504.000000 241.000000 1.641344 1.678363 4.083253 -4.610562 1.957645 23.145608 -1.558184 0.997913
Car -1 -1 -10 491.000000 184.000000 531.000000 216.000000 1.498824 1.583359 3.726313 -5.023262 2.027714 37.017519 1.577535 0.991094
Car -1 -1 -10 803.000000 186.000000 916.000000 260.000000 1.512730 1.561837 3.619124 4.061710 1.077280 9.864532 -1.918728 0.011195
Car -1 -1 -10 784.000000 182.000000 978.000000 287.000000 1.524483 1.639765 3.909828 3.112264 1.563322 6.948773 1.539973 0.010341
Car -1 -1 -10 350.000000 189.000000 433.000000 246.000000 1.541490 1.625463 3.931726 -8.831896 1.760877 27.671017 1.629989 0.010191
Cyclist -1 -1 -10 349.000000 183.000000 379.000000 241.000000 1.753740 0.589842 1.603387 -7.149504 1.764697 20.495166 0.696879 0.038149
Cyclist -1 -1 -10 373.000000 183.000000 402.000000 244.000000 1.723056 0.641539 1.580021 -6.318572 1.485710 21.107627 -0.255055 0.021391
Cyclist -1 -1 -10 365.000000 185.000000 386.000000 243.000000 1.761901 0.574543 1.544764 -7.598015 1.626825 22.840314 0.683100 0.012587
Cyclist -1 -1 -10 407.000000 196.000000 422.000000 230.000000 1.638129 0.505841 1.690727 -7.892438 2.132867 27.709352 -1.716528 0.010871
