Car -1 -1 -10 640.000000 176.000000 715.000000 231.000000 1.439967 1.623039 3.949808 1.880085 1.611910 21.283933 -1.616591 0.999305
Car -1 -1 -10 619.000000 171.000000 658.000000 204.000000 1.563662 1.560616 3.654614 1.429174 1.601528 36.508968 -1.655405 0.981150
Car -1 -1 -10 132.000000 184.000000 432.000000 250.000000 1.438256 1.656842 4.190855 -6.951541 1.636721 15.740256 -3.081433 0.933055
Car -1 -1 -10 421.000000 177.000000 493.000000 211.000000 1.504245 1.650060 3.614163 -6.947291 1.816274 32.977623 -3.150961 0.924239
Car -1 -1 -10 947.000000 156.000000 1235.000000 367.000000 1.680736 1.642480 4.017322 5.152715 1.586506 7.362503 0.091977 0.889856
Car -1 -1 -10 271.000000 179.000000 433.000000 239.000000 1.478493 1.562472 3.842578 -6.794690 1.747471 18.530720 -3.060934 0.283583
Car -1 -1 -10 459.000000 174.000000 517.000000 199.000000 1.574740 1.675040 3.945845 -7.788744 1.714849 47.456366 -2.362617 0.202089
Car -1 -1 -10 290.000000 181.000000 403.000000 287.000000 1.525018 1.549763 3.727395 -6.598702 1.778699 15.485556 -3.004693 0.149812
Car -1 -1 -10 384.000000 178.000000 471.000000 216.000000 1.644531 1.636254 3.915548 -8.318230 1.648720 29.150453 -3.230824 0.037430
Car -1 -1 -10 1084.000000 189.000000 1244.000000 371.000000 1.487680 1.612885 4.074173 5.650520 1.593195 5.261354 0.125613 0.018780
Car -1 -1 -10 233.000000 184.000000 363.000000 243.000000 1.534644 1.547904 3.793805 -8.107823 1.438005 20.965508 -1.417035 0.016920
Car -1 -1 -10 1031.000000 162.000000 1235.000000 295.000000 1.471180 1.552586 3.703121 6.311391 1.232850 8.229334 1.600834 0.013604
Cyclist -1 -1 -10 306.000000 177.000000 401.000000 327.000000 1.739013 0.629014 1.796366 -3.187804 1.820617 9.045091 1.492538 0.999526
Cyclist -1 -1 -10 266.000000 183.000000 410.000000 265.000000 1.728514 0.807552 1.812803 -5.700950 1.592593 15.300263 2.617611 0.317929
