Pedestrian -1 -1 -10 766.000000 154.000000 840.000000 351.000000 1.760620 0.624571 0.898957 1.775069 1.509291 6.587851 -0.714236 0.997163
Pedestrian -1 -1 -10 561.000000 166.000000 587.000000 232.000000 1.763355 0.643601 0.850702 -0.782852 1.307966 19.198282 -1.865553 0.996223
Pedestrian -1 -1 -10 960.000000 121.000000 1030.000000 289.000000 1.830294 0.620372 0.807587 4.564366 1.259320 8.462928 3.233982 0.995942
Pedestrian -1 -1 -10 501.000000 167.000000 524.000000 242.000000 1.746116 0.613968 0.819557 -2.267343 1.373337 17.374974 -2.120030 0.975492
Pedestrian -1 -1 -10 473.000000 169.000000 500.000000 243.000000 1.798975 0.673094 0.905221 -2.868679 1.417902 17.385636 1.277676 0.957189
Pedestrian -1 -1 -10 604.000000 167.000000 624.000000 228.000000 1.787256 0.635274 0.679881 0.242810 1.265015 19.962526 -0.561872 0.914902
Pedestrian -1 -1 -10 588.000000 164.000000 607.000000 216.000000 1.826359 0.642312 0.928408 -0.186310 1.184631 27.100959 -1.656723 0.907237
Pedestrian -1 -1 -10 79.000000 221.000000 174.000000 353.000000 1.689138 0.587207 0.613128 -3.217968 2.147576 4.472453 -1.613402 0.848352
Pedestrian -1 -1 -10 613.000000 166.000000 632.000000 229.000000 1.753466 0.552603 0.746696 0.541671 1.393652 19.082137 2.571631 0.787984
Pedestrian -1 -1 -10 193.000000 215.000000 308.000000 369.000000 1.687531 0.654664 0.832956 -2.618236 1.947257 5.258369 -3.489625 0.570726
Pedestrian -1 -1 -10 1098.000000 131.000000 1154.000000 285.000000 1.744309 0.639005 0.702030 6.071761 1.252148 8.301217 3.286675 0.555575
Pedestrian -1 -1 -10 251.000000 207.000000 321.000000 366.000000 1.711616 0.518719 0.568587 -2.572287 1.808927 5.840310 0.121006 0.518358
Pedestrian -1 -1 -10 627.000000 168.000000 648.000000 225.000000 1.738918 0.639571 0.774136 1.094653 1.277818 20.944627 2.016337 0.433243
Pedestrian -1 -1 -10 245.000000 200.000000 295.000000 330.000000 1.609609 0.485814 0.556966 -4.067224 1.671124 8.931327 0.085044 0.354084
Pedestrian -1 -1 -10 201.000000 202.000000 238.000000 293.000000 1.761857 0.598402 0.658052 -6.185547 1.800285 11.481452 2.222639 0.320557
Pedestrian -1 -1 -10 674.000000 158.000000 699.000000 227.000000 1.670085 0.713553 0.792752 2.698283 0.939075 23.163673 -0.999133 0.223450
Pedestrian -1 -1 -10 2.000000 215.000000 119.000000 368.000000 1.734555 0.624823 0.624382 -3.098578 2.193956 4.332345 -1.777091 0.140296
Pedestrian -1 -1 -10 279.000000 215.000000 338.000000 361.000000 1.711226 0.509566 0.704114 -2.478998 1.889469 5.951875 0.146069 0.139401
Car -1 -1 -10 1172.000000 222.000000 1239.000000 368.000000 1.429469 1.527929 3.235429 7.461559 1.710429 8.768269 2.870439 0.058890
Cyclist -1 -1 -10 181.000000 224.000000 285.000000 369.000000 1.691751 0.618494 1.672496 -2.606185 1.803438 5.145765 2.178770 0.631261
Cyclist -1 -1 -10 668.000000 161.000000 701.000000 230.000000 1.711287 0.529005 1.744025 2.681828 0.952176 23.052794 -0.960891 0.234179
Cyclist -1 -1 -10 0.000000 216.000000 100.000000 357.000000 1.711248 0.515378 1.507481 -3.596582 1.717789 4.750308 -2.889148 0.089767
Cyclist -1 -1 -10 634.000000 168.000000 681.000000 225.000000 1.728832 0.568106 1.640371 1.646566 1.356553 21.536186 -2.073000 0.066051
Cyclist -1 -1 -10 197.000000 203.000000 241.000000 294.000000 1.686110 0.574867 1.808121 -6.147381 1.652418 11.571332 -2.046702 0.065068
Cyclist -1 -1 -10 229.000000 210.000000 314.000000 365.000000 1.662538 0.503058 1.644472 -2.623802 1.762112 5.442965 -1.458942 0.061846
Cyclist -1 -1 -10 207.000000 203.000000 287.000000 309.000000 1.723364 0.594641 1.646121 -3.080366 1.730448 6.047006 -2.080282 0.031510
Cyclist -1 -1 -10 253.000000 203.000000 308.000000 312.000000 1.621120 0.289828 1.291970 -3.550108 1.465473 8.041199 -1.961345 0.029956
Cyclist -1 -1 -10 76.000000 221.000000 177.000000 362.000000 1.680910 0.564313 1.668474 -3.231891 2.055375 4.532553 1.026748 0.026587
Cyclist -1 -1 -10 266.000000 206.000000 329.000000 288.000000 1.671400 0.578495 1.623130 -5.119473 1.585155 12.260752 -0.326046 0.010059
