Pedestrian -1 -1 -10 509.000000 166.000000 522.000000 206.000000 1.774325 0.515421 0.505026 -2.961046 1.095006 21.714397 -1.700132 0.105889
Pedestrian -1 -1 -10 478.000000 172.000000 500.000000 209.000000 1.750819 0.558563 0.597113 -3.828349 1.279752 20.552521 0.424617 0.010430
Car -1 -1 -10 451.000000 174.000000 574.000000 267.000000 1.535399 1.615143 3.993189 -1.667820 1.547279 13.442810 -1.544252 0.999579
Car -1 -1 -10 756.000000 167.000000 938.000000 311.000000 1.597912 1.633659 3.749336 3.156825 1.602278 10.407059 -1.482177 0.998452
Car -1 -1 -10 514.000000 175.000000 609.000000 241.000000 1.470850 1.635815 4.088995 -1.198201 1.559966 18.682515 -1.435648 0.995693
Car -1 -1 -10 613.000000 171.000000 643.000000 199.000000 1.498504 1.638190 3.911766 1.227041 1.475827 45.661663 -1.549611 0.992734
Car -1 -1 -10 710.000000 175.000000 755.000000 210.000000 1.502930 1.587656 3.826039 5.319106 1.619354 31.526682 -1.525854 0.991768
Car -1 -1 -10 738.000000 175.000000 834.000000 255.000000 1.467579 1.589065 3.754760 3.897006 1.604086 15.838855 -1.491974 0.983815
Car -1 -1 -10 700.000000 174.000000 734.000000 201.000000 1.533173 1.588129 3.872318 6.504536 1.581309 44.139373 -1.560032 0.146435
Cyclist -1 -1 -10 480.000000 170.000000 498.000000 213.000000 1.662011 0.524885 1.632813 -3.764033 0.960050 21.298948 2.957126 0.012022
