Car -1 -1 -10 256.000000 182.000000 443.000000 305.000000 1.489562 1.618726 3.883127 -3.793796 1.550566 11.066395 -1.566788 0.999686
Car -1 -1 -10 701.000000 188.000000 814.000000 268.000000 1.430316 1.564024 3.504805 2.884948 1.467540 14.570992 -1.588729 0.999630
Car -1 -1 -10 650.000000 181.000000 706.000000 222.000000 1.492100 1.679919 3.863959 2.677292 1.345770 28.316407 -1.574285 0.999320
Car -1 -1 -10 -1.000000 178.000000 223.000000 293.000000 1.561542 1.608017 3.769476 -8.213074 1.554492 11.745294 -1.605930 0.998622
Car -1 -1 -10 435.000000 182.000000 513.000000 237.000000 1.517023 1.602125 3.735205 -3.930662 1.401938 21.583969 -1.574819 0.998228
Car -1 -1 -10 483.000000 183.000000 532.000000 221.000000 1.512128 1.615010 3.964230 -4.190076 1.354264 29.632760 -1.573711 0.867225
Car -1 -1 -10 381.000000 181.000000 442.000000 225.000000 1.483350 1.607573 3.839695 -8.505506 1.322083 31.167500 -1.546052 0.547545
Car -1 -1 -10 274.000000 183.000000 363.000000 244.000000 1.469961 1.589338 3.751849 -8.062809 1.478410 19.967945 1.669785 0.193912
Car -1 -1 -10 503.000000 183.000000 540.000000 209.000000 1.469333 1.596903 3.915717 -4.842219 1.247611 40.656517 -1.605534 0.114681
Car -1 -1 -10 434.000000 180.000000 483.000000 217.000000 1.426672 1.512353 3.245247 -4.312807 1.120244 20.171851 2.209740 0.035119
