Pedestrian -1 -1 -10 4.000000 210.000000 70.000000 377.000000 1.742558 0.603992 0.787823 -4.725745 2.049241 5.595114 -0.100520 0.049496
Car -1 -1 -10 728.000000 187.000000 965.000000 327.000000 1.494618 1.660380 4.127094 2.826720 1.647247 9.667555 -1.604206 0.999542
Car -1 -1 -10 150.000000 186.000000 436.000000 270.000000 1.476032 1.651209 4.061822 -5.832674 1.778333 13.572752 0.087404 0.999436
Car -1 -1 -10 683.000000 179.000000 766.000000 233.000000 1.398570 1.591811 3.953704 3.195983 1.652674 20.305074 -1.585791 0.998162
Car -1 -1 -10 654.000000 170.000000 694.000000 203.000000 1.620890 1.630201 4.049582 3.564238 1.573549 39.863805 -1.513538 0.978318
Car -1 -1 -10 449.000000 175.000000 533.000000 209.000000 1.529535 1.570590 3.650940 -4.230132 1.787286 32.951448 1.957830 0.949955
Car -1 -1 -10 0.000000 182.000000 218.000000 353.000000 1.500880 1.560550 4.001512 -6.596100 1.634523 7.557452 -0.074242 0.867849
Car -1 -1 -10 284.000000 170.000000 429.000000 235.000000 1.572381 1.573308 3.824085 -6.311630 1.586729 18.428604 -3.112142 0.846057
Car -1 -1 -10 481.000000 173.000000 548.000000 204.000000 1.477219 1.617603 4.030775 -4.912882 1.466730 35.520938 1.908875 0.390989
Car -1 -1 -10 390.000000 178.000000 523.000000 221.000000 1.556645 1.675403 4.168262 -5.139575 1.670800 25.538380 -1.599744 0.100412
Car -1 -1 -10 0.000000 190.000000 106.000000 372.000000 1.486318 1.635376 3.898133 -6.201151 1.714980 5.722753 -3.274563 0.041756
