Pedestrian -1 -1 -10 848.000000 152.000000 897.000000 279.000000 1.781675 0.602890 0.850555 3.851416 1.376433 10.335231 1.376259 0.995832
Pedestrian -1 -1 -10 75.000000 194.000000 130.000000 323.000000 1.792461 0.658310 0.657418 -6.416456 1.764437 9.235722 -2.082278 0.896398
Pedestrian -1 -1 -10 606.000000 177.000000 624.000000 226.000000 1.714759 0.546927 0.764702 0.407858 1.600088 25.217692 -1.807294 0.195223
Pedestrian -1 -1 -10 624.000000 177.000000 644.000000 227.000000 1.751834 0.673889 0.862942 1.142902 1.482323 25.271612 1.539564 0.149362
Pedestrian -1 -1 -10 9.000000 200.000000 48.000000 302.000000 1.618091 0.577455 0.533510 -11.366351 2.477609 14.056721 -0.115133 0.099072
Pedestrian -1 -1 -10 821.000000 170.000000 853.000000 243.000000 1.696284 0.723060 0.771726 4.873380 1.492201 15.052596 -1.802163 0.048831
Pedestrian -1 -1 -10 22.000000 199.000000 146.000000 325.000000 1.787265 0.593678 0.918528 -7.610853 1.819640 10.104388 1.448603 0.032767
Pedestrian -1 -1 -10 836.000000 163.000000 877.000000 258.000000 1.806137 0.657894 0.750056 4.528598 1.250711 12.830311 2.964457 0.018213
Pedestrian -1 -1 -10 4.000000 215.000000 76.000000 351.000000 1.711918 0.550604 0.681871 -8.690823 2.266202 11.073639 -1.759286 0.016569
Car -1 -1 -10 1.000000 199.000000 407.000000 373.000000 1.532566 1.652229 3.973717 -3.227913 1.760202 5.928086 1.642062 0.993416
Cyclist -1 -1 -10 -5.000000 197.000000 389.000000 372.000000 1.732917 0.728646 1.910435 -2.887071 1.869679 5.541520 1.751367 0.023710
Cyclist -1 -1 -10 60.000000 195.000000 138.000000 314.000000 1.721823 0.757391 1.678757 -6.403344 1.621703 9.434763 -0.398944 0.021607
