Car -1 -1 -10 805.000000 184.000000 1001.000000 250.000000 1.457228 1.629807 3.834511 6.640699 1.724486 16.752435 -0.039268 0.999467
Car -1 -1 -10 48.000000 181.000000 372.000000 278.000000 1.429272 1.627601 4.011819 -6.469308 1.579540 11.556994 -3.186232 0.998480
Car -1 -1 -10 884.000000 186.000000 1266.000000 318.000000 1.501239 1.650572 4.117591 6.143778 1.678528 9.179697 3.168047 0.997269
Car -1 -1 -10 287.000000 177.000000 477.000000 241.000000 1.557746 1.589243 3.983539 -5.748536 1.638554 18.616189 0.062967 0.997218
Car -1 -1 -10 710.000000 179.000000 801.000000 218.000000 1.567521 1.657993 3.829544 6.008143 1.830791 28.729289 0.004456 0.996375
Car -1 -1 -10 218.000000 180.000000 434.000000 259.000000 1.464656 1.576461 3.776167 -5.978149 1.664359 15.339684 -3.071179 0.989151
Car -1 -1 -10 786.000000 179.000000 918.000000 241.000000 1.465854 1.638858 4.009619 5.713190 1.577718 18.055382 1.527088 0.988082
Car -1 -1 -10 448.000000 175.000000 531.000000 207.000000 1.636798 1.626805 3.954193 -6.091638 1.796670 37.047916 -0.006621 0.848234
Car -1 -1 -10 359.000000 173.000000 492.000000 224.000000 1.526318 1.568429 3.952176 -6.318219 1.421092 23.595806 -3.211810 0.758043
Car -1 -1 -10 0.000000 199.000000 87.000000 374.000000 1.566071 1.589158 4.028277 -5.496276 1.478906 4.095466 -0.042733 0.393268
Car -1 -1 -10 406.000000 175.000000 515.000000 215.000000 1.437612 1.607057 3.945142 -5.965861 1.680254 29.035186 -3.050129 0.273667
