Car -1 -1 -10 397.000000 189.000000 477.000000 237.000000 1.449661 1.644377 4.086936 -5.907559 2.066906 25.209671 1.611577 0.998779
Car -1 -1 -10 124.000000 204.000000 325.000000 322.000000 1.458690 1.563554 3.750247 -5.961563 2.012129 11.594683 1.563895 0.998509
Car -1 -1 -10 298.000000 195.000000 418.000000 263.000000 1.465906 1.638317 3.988808 -6.019740 2.044895 17.584951 1.568774 0.998342
Car -1 -1 -10 693.000000 176.000000 774.000000 235.000000 1.513242 1.631550 3.892964 3.175340 1.581079 19.408384 -1.580431 0.997941
Car -1 -1 -10 949.000000 136.000000 1235.000000 226.000000 1.516431 1.648031 4.076466 9.113242 0.927671 13.448593 3.219316 0.988232
Car -1 -1 -10 676.000000 175.000000 741.000000 224.000000 1.530775 1.595142 3.759723 3.147573 1.587456 24.897282 -1.573735 0.987520
Car -1 -1 -10 656.000000 178.000000 704.000000 209.000000 1.507260 1.554055 3.816452 3.188673 1.729396 34.854340 1.526359 0.907876
Car -1 -1 -10 0.000000 226.000000 189.000000 373.000000 1.445635 1.610172 3.881890 -5.860324 1.968244 6.798724 1.559980 0.887508
Car -1 -1 -10 445.000000 186.000000 500.000000 225.000000 1.509902 1.572442 3.772088 -5.964067 2.120159 30.823421 1.598665 0.863036
Car -1 -1 -10 812.000000 155.000000 977.000000 211.000000 1.553378 1.599043 3.960283 8.204308 1.126457 21.344220 3.059276 0.860267
Car -1 -1 -10 882.000000 149.000000 1040.000000 214.000000 1.545533 1.543303 3.731881 8.796988 1.002219 18.307946 3.088601 0.730385
Car -1 -1 -10 645.000000 178.000000 685.000000 204.000000 1.604719 1.669896 3.890369 3.312769 1.770468 40.027823 1.531704 0.262686
Car -1 -1 -10 485.000000 184.000000 529.000000 212.000000 1.594807 1.635128 4.090490 -5.799692 2.096971 40.322189 1.661294 0.256171
