Car -1 -1 -10 294.000000 198.000000 424.000000 296.000000 1.538038 1.538009 3.611630 -4.461304 1.989762 13.070171 1.456223 0.999143
Car -1 -1 -10 791.000000 198.000000 1246.000000 373.000000 1.472990 1.605182 3.976867 3.085196 1.776207 6.403987 -1.630451 0.999091
Car -1 -1 -10 647.000000 177.000000 765.000000 264.000000 1.590071 1.653862 3.787473 1.895095 1.741521 16.346565 -1.640033 0.996467
Car -1 -1 -10 711.000000 193.000000 914.000000 312.000000 1.471361 1.597716 3.745119 2.712490 1.786428 11.064759 -1.639025 0.994794
Car -1 -1 -10 418.000000 176.000000 491.000000 237.000000 1.751775 1.681542 4.151242 -5.343900 1.977411 24.561375 -1.694066 0.990848
Car -1 -1 -10 4.000000 208.000000 338.000000 376.000000 1.495731 1.649091 3.973829 -3.821451 1.907778 6.472702 1.448138 0.989661
Car -1 -1 -10 603.000000 181.000000 653.000000 224.000000 1.447414 1.607403 3.920445 0.680503 1.909816 29.031421 -1.630739 0.988009
Car -1 -1 -10 483.000000 183.000000 512.000000 208.000000 1.534726 1.602523 3.969048 -7.252129 2.160985 46.167680 1.510448 0.984074
Car -1 -1 -10 623.000000 180.000000 696.000000 239.000000 1.495123 1.542755 3.255744 1.630966 1.876034 18.885833 -0.515253 0.928383
Car -1 -1 -10 596.000000 182.000000 628.000000 211.000000 1.530917 1.639165 3.782933 0.345117 2.120642 40.669764 -1.598744 0.316135
