Pedestrian -1 -1 -10 739.000000 171.000000 784.000000 277.000000 1.734617 0.687559 0.958485 2.368251 1.571077 10.998486 -1.787044 0.960465
Pedestrian -1 -1 -10 425.000000 175.000000 447.000000 237.000000 1.752478 0.614660 0.782624 -4.833187 1.664718 20.822528 1.826221 0.889867
Pedestrian -1 -1 -10 1150.000000 150.000000 1238.000000 375.000000 1.776949 0.648089 0.503187 3.496974 1.470090 4.197014 1.706157 0.809739
Pedestrian -1 -1 -10 268.000000 179.000000 297.000000 282.000000 1.691362 0.563881 0.679489 -6.253654 1.742064 13.932700 2.099535 0.732340
Pedestrian -1 -1 -10 484.000000 178.000000 504.000000 218.000000 1.774931 0.742470 1.188552 -5.056241 1.675363 33.536882 -2.287146 0.294799
Pedestrian -1 -1 -10 522.000000 177.000000 536.000000 217.000000 1.766630 0.547086 0.812513 -3.273544 1.600733 31.988788 -0.593402 0.119091
Pedestrian -1 -1 -10 379.000000 177.000000 392.000000 219.000000 1.697389 0.654967 0.727668 -7.163766 1.432208 23.366620 -2.450459 0.112039
Pedestrian -1 -1 -10 419.000000 177.000000 437.000000 234.000000 1.739897 0.478790 0.614065 -4.896811 1.578218 20.788267 1.829425 0.038741
Pedestrian -1 -1 -10 570.000000 177.000000 581.000000 208.000000 1.850223 0.642028 0.832935 -1.596444 1.627691 42.209086 -2.096870 0.024440
Cyclist -1 -1 -10 480.000000 179.000000 505.000000 218.000000 1.786497 0.692850 1.748386 -5.251884 1.703149 33.483560 -2.617139 0.102838
Cyclist -1 -1 -10 1139.000000 142.000000 1235.000000 377.000000 1.661012 0.680036 1.809289 1.827817 1.447060 2.823461 2.713216 0.072689
