Pedestrian -1 -1 -10 811.000000 175.000000 836.000000 214.000000 1.730404 0.687653 0.637095 12.715181 2.267021 41.813221 2.817841 0.032690
Car -1 -1 -10 827.000000 183.000000 1119.000000 352.000000 1.535549 1.602304 3.605240 3.896577 1.686910 8.507776 -1.587970 0.999443
Car -1 -1 -10 379.000000 184.000000 486.000000 249.000000 1.520122 1.604440 3.763637 -4.361945 1.849287 18.510240 1.626980 0.999335
Car -1 -1 -10 758.000000 184.000000 905.000000 275.000000 1.473555 1.604363 3.769786 3.974259 1.743836 13.623262 -1.524392 0.997661
Car -1 -1 -10 442.000000 181.000000 519.000000 230.000000 1.521142 1.601113 3.881872 -4.255544 1.798275 24.246491 1.596743 0.997433
Car -1 -1 -10 724.000000 180.000000 816.000000 242.000000 1.495080 1.596686 3.712744 4.103400 1.672720 19.144854 -1.517550 0.994237
Car -1 -1 -10 700.000000 179.000000 764.000000 226.000000 1.508716 1.615152 4.027056 4.046537 1.728447 24.478563 -1.542013 0.992241
Car -1 -1 -10 486.000000 181.000000 537.000000 219.000000 1.442855 1.615011 3.973805 -4.118067 1.827248 29.428313 1.622092 0.987733
Car -1 -1 -10 692.000000 178.000000 737.000000 215.000000 1.496776 1.588263 3.539882 4.352391 1.844808 29.817836 -1.558853 0.836224
Car -1 -1 -10 1047.000000 192.000000 1241.000000 367.000000 1.501783 1.605975 3.942151 3.957763 1.926161 2.776401 1.586383 0.194489
Car -1 -1 -10 686.000000 177.000000 721.000000 206.000000 1.516803 1.609410 3.774342 4.648264 1.600421 35.017197 -1.556735 0.105908
Cyclist -1 -1 -10 919.000000 181.000000 1000.000000 221.000000 1.723328 0.729385 1.714556 12.027386 1.668020 23.866766 1.477500 0.060762
Cyclist -1 -1 -10 810.000000 175.000000 836.000000 213.000000 1.679477 0.559226 1.712019 12.938106 1.767836 42.052544 -1.793182 0.012692
