Pedestrian -1 -1 -10 1064.000000 129.000000 1190.000000 334.000000 1.786913 0.615690 1.087754 4.781675 1.330066 6.676999 -2.012177 0.995885
Pedestrian -1 -1 -10 646.000000 166.000000 698.000000 290.000000 1.651880 0.625676 0.820508 0.870538 1.475070 9.676739 -2.536867 0.994576
Pedestrian -1 -1 -10 582.000000 158.000000 663.000000 319.000000 1.721240 0.703661 0.993257 0.068474 1.543207 7.740106 -2.648166 0.994235
Pedestrian -1 -1 -10 1118.000000 137.000000 1226.000000 315.000000 1.791351 0.649523 0.698501 6.029326 1.305013 7.390660 1.184477 0.916802
Pedestrian -1 -1 -10 563.000000 161.000000 587.000000 232.000000 1.746663 0.616824 0.845062 -0.814735 1.290427 18.772974 -1.865404 0.647888
Pedestrian -1 -1 -10 716.000000 173.000000 740.000000 227.000000 1.756376 0.608267 0.637331 2.962238 1.468512 16.904348 2.857228 0.392279
Pedestrian -1 -1 -10 588.000000 160.000000 625.000000 293.000000 1.705730 0.637387 0.631260 0.036737 1.297996 7.402056 -2.079522 0.281379
Pedestrian -1 -1 -10 453.000000 159.000000 492.000000 237.000000 1.675429 0.561782 0.798114 -2.836576 1.405301 15.908938 0.224529 0.167342
Pedestrian -1 -1 -10 687.000000 174.000000 718.000000 233.000000 1.778785 0.623668 0.785058 2.466736 1.468412 17.700491 -1.878247 0.157379
Pedestrian -1 -1 -10 589.000000 164.000000 611.000000 241.000000 1.884365 0.721900 1.022519 -0.207449 1.403042 17.254810 1.986695 0.147869
Pedestrian -1 -1 -10 668.000000 171.000000 686.000000 221.000000 1.780325 0.745064 0.421185 2.179461 1.257168 21.314558 1.731741 0.095942
Pedestrian -1 -1 -10 660.000000 174.000000 701.000000 245.000000 1.722590 0.502679 0.736547 2.212176 1.683284 17.616313 1.135630 0.075257
Pedestrian -1 -1 -10 599.000000 168.000000 620.000000 242.000000 1.840816 0.748525 0.606409 0.152653 1.398551 18.487685 2.688730 0.073000
Pedestrian -1 -1 -10 800.000000 170.000000 816.000000 221.000000 1.736270 0.625748 0.472987 5.192296 1.307836 18.203346 -1.753900 0.042918
Car -1 -1 -10 191.000000 155.000000 479.000000 353.000000 1.696469 1.686361 4.085669 -2.798290 1.491336 8.595004 1.641409 0.989910
Car -1 -1 -10 388.000000 158.000000 497.000000 245.000000 1.940083 1.689151 4.078969 -5.018690 1.248372 21.759942 -1.633862 0.097128
Car -1 -1 -10 439.000000 161.000000 509.000000 211.000000 1.674464 1.599169 3.737017 -4.859533 0.848661 27.814928 -2.352533 0.085998
Cyclist -1 -1 -10 687.000000 174.000000 718.000000 233.000000 1.717462 0.715913 1.799088 2.499739 1.656165 19.408853 -2.992539 0.073573
Cyclist -1 -1 -10 667.000000 172.000000 691.000000 229.000000 1.688975 0.368586 1.442867 2.354446 1.251152 21.237116 3.109791 0.041258
Cyclist -1 -1 -10 1129.000000 138.000000 1230.000000 310.000000 1.722484 0.524411 1.823650 6.016644 1.253888 7.479703 2.679484 0.020824
Cyclist -1 -1 -10 450.000000 160.000000 493.000000 242.000000 1.715013 0.640726 1.696451 -2.969574 1.388814 15.814945 0.286216 0.020713
Cyclist -1 -1 -10 660.000000 174.000000 701.000000 245.000000 1.644083 0.564538 1.638101 2.256044 1.488925 18.175264 0.191245 0.019495
Cyclist -1 -1 -10 585.000000 163.000000 619.000000 245.000000 1.845093 0.597900 1.553830 -0.055256 1.320586 18.040929 2.067744 0.015422
Cyclist -1 -1 -10 645.000000 169.000000 697.000000 287.000000 1.683876 0.534735 1.718902 0.777173 1.491203 9.659343 -2.445452 0.014633
Cyclist -1 -1 -10 709.000000 172.000000 735.000000 231.000000 1.668344 0.504862 1.741943 2.913608 1.242318 16.931943 -1.836165 0.010588
Cyclist -1 -1 -10 1057.000000 133.000000 1207.000000 330.000000 1.773837 0.555225 1.771709 5.235042 1.283160 7.024144 2.610647 0.010533
