Pedestrian -1 -1 -10 400.000000 175.000000 422.000000 239.000000 1.803692 0.690339 0.684467 -5.976685 1.921095 21.520145 1.791252 0.985706
Pedestrian -1 -1 -10 380.000000 183.000000 402.000000 237.000000 1.752499 0.669587 0.397415 -7.481602 1.858125 23.607762 -1.885898 0.010963
Car -1 -1 -10 738.000000 180.000000 951.000000 321.000000 1.499185 1.583724 3.621367 2.854567 1.603639 9.489322 -1.604350 0.999519
Car -1 -1 -10 672.000000 180.000000 743.000000 238.000000 1.507730 1.576461 3.535011 2.629085 1.706513 19.799912 -1.557608 0.998506
Car -1 -1 -10 352.000000 195.000000 464.000000 272.000000 1.444386 1.578981 3.714621 -4.328966 1.953484 15.795352 -1.619016 0.998309
Car -1 -1 -10 433.000000 180.000000 506.000000 235.000000 1.641553 1.678758 4.082160 -4.679717 1.945835 24.937217 -1.574309 0.995411
Car -1 -1 -10 643.000000 176.000000 679.000000 210.000000 1.480825 1.550485 3.549075 2.513653 1.683941 35.419492 -1.583214 0.993668
Car -1 -1 -10 496.000000 182.000000 532.000000 214.000000 1.595958 1.590396 3.754620 -5.072705 2.103165 38.796589 1.539976 0.961005
Car -1 -1 -10 761.000000 183.000000 831.000000 242.000000 1.534094 1.571013 3.648279 7.621822 1.771545 31.395599 -1.294971 0.167814
Cyclist -1 -1 -10 395.000000 177.000000 421.000000 237.000000 1.684555 0.705913 1.713082 -6.050779 1.606127 21.615549 1.867098 0.010112
