Car -1 -1 -10 753.000000 197.000000 1048.000000 374.000000 1.460495 1.603516 3.737108 2.768432 1.713532 7.730086 -1.588870 0.999728
Car -1 -1 -10 672.000000 177.000000 760.000000 251.000000 1.600505 1.653984 3.957811 2.621053 1.804173 18.650836 -1.563576 0.998802
Car -1 -1 -10 263.000000 184.000000 452.000000 249.000000 1.533638 1.619443 3.888054 -6.317003 1.789011 18.680566 -3.206295 0.981724
Car -1 -1 -10 9.000000 162.000000 353.000000 296.000000 1.804081 1.707656 4.068155 -6.453535 1.749570 11.085353 -3.157832 0.980193
Car -1 -1 -10 656.000000 183.000000 713.000000 230.000000 1.460763 1.611198 4.013857 2.626760 1.837168 24.729396 -1.605678 0.938693
Car -1 -1 -10 204.000000 186.000000 406.000000 270.000000 1.491586 1.615974 3.958007 -6.423856 1.887751 15.468104 0.086288 0.686812
Car -1 -1 -10 645.000000 178.000000 686.000000 216.000000 1.586150 1.586593 3.822299 2.544100 1.888021 33.834493 -1.621576 0.589314
Car -1 -1 -10 0.000000 207.000000 142.000000 378.000000 1.486259 1.602818 3.982216 -6.486026 1.773470 6.182952 0.013977 0.425653
Car -1 -1 -10 478.000000 180.000000 541.000000 207.000000 1.550974 1.637960 3.959662 -6.418374 2.103046 43.761361 -3.081536 0.270914
Car -1 -1 -10 398.000000 183.000000 513.000000 221.000000 1.625486 1.656440 3.903885 -6.326513 2.059067 30.130108 -1.304464 0.206027
Car -1 -1 -10 441.000000 181.000000 525.000000 213.000000 1.512824 1.606095 3.766855 -5.459068 2.180183 33.254577 -1.635778 0.202363
