Pedestrian -1 -1 -10 398.000000 183.000000 408.000000 215.000000 1.847915 0.678310 0.793049 -12.122593 2.390799 42.156282 0.924307 0.317228
Pedestrian -1 -1 -10 407.000000 179.000000 419.000000 212.000000 1.648974 0.542525 0.388090 -11.614332 1.977972 42.253211 1.264069 0.234271
Pedestrian -1 -1 -10 406.000000 183.000000 439.000000 218.000000 1.658309 0.557007 0.708659 -3.793735 1.822679 13.818522 2.716988 0.083716
Pedestrian -1 -1 -10 403.000000 180.000000 412.000000 215.000000 1.790285 0.619089 0.716941 -11.844901 2.228883 42.322480 1.282049 0.065664
Pedestrian -1 -1 -10 334.000000 185.000000 392.000000 272.000000 1.683919 0.540165 0.614052 -3.862803 1.745857 11.341661 2.284167 0.018824
Pedestrian -1 -1 -10 344.000000 183.000000 380.000000 234.000000 1.738139 0.621471 0.517140 -4.265383 1.794526 12.932802 0.252938 0.017726
Car -1 -1 -10 720.000000 182.000000 926.000000 320.000000 1.521585 1.602324 3.620296 2.595372 1.659822 9.763305 -1.676481 0.999520
Car -1 -1 -10 213.000000 201.000000 363.000000 302.000000 1.507496 1.581575 3.586430 -5.257766 2.022169 12.461050 -1.845401 0.998082
Car -1 -1 -10 578.000000 182.000000 631.000000 224.000000 1.476923 1.570069 3.595301 -0.320067 1.944625 28.595164 -1.743128 0.997297
Car -1 -1 -10 555.000000 183.000000 589.000000 211.000000 1.468793 1.594711 3.675401 -2.184891 2.012492 38.836107 -1.690429 0.512256
Car -1 -1 -10 409.000000 186.000000 450.000000 221.000000 1.557683 1.617813 3.921318 -8.465122 2.299203 34.037368 -1.749567 0.401237
Car -1 -1 -10 304.000000 188.000000 401.000000 260.000000 1.483977 1.564284 3.557889 -6.279001 2.071198 18.267222 1.446110 0.381815
Car -1 -1 -10 426.000000 185.000000 455.000000 213.000000 1.552109 1.649051 3.856691 -10.112736 2.316535 42.433168 -1.784486 0.024589
Car -1 -1 -10 329.000000 184.000000 387.000000 242.000000 1.570345 1.574101 3.787706 -6.068079 2.111061 18.177910 0.675652 0.017125
Cyclist -1 -1 -10 393.000000 182.000000 450.000000 281.000000 1.728165 0.556271 1.781259 -3.491285 1.877068 13.396846 1.606604 0.999759
Cyclist -1 -1 -10 328.000000 180.000000 396.000000 303.000000 1.746189 0.564999 1.773089 -3.941448 1.866699 11.190787 1.309013 0.999320
Cyclist -1 -1 -10 409.000000 185.000000 448.000000 225.000000 1.726342 0.642961 1.639329 -8.103622 2.604496 31.839286 2.846627 0.476239
Cyclist -1 -1 -10 255.000000 193.000000 387.000000 298.000000 1.680134 0.659296 1.754054 -4.423491 1.931698 11.245730 2.614119 0.139732
Cyclist -1 -1 -10 309.000000 190.000000 404.000000 254.000000 1.697268 0.518713 1.664313 -5.818167 1.949867 17.998125 -1.520744 0.090973
Cyclist -1 -1 -10 406.000000 179.000000 427.000000 219.000000 1.689515 0.543303 1.574839 -11.608559 1.891003 42.722049 -1.853597 0.044143
Cyclist -1 -1 -10 334.000000 184.000000 387.000000 242.000000 1.744944 0.671001 1.704102 -6.177040 1.853025 17.852017 -2.918313 0.018779
Cyclist -1 -1 -10 398.000000 181.000000 409.000000 216.000000 1.814334 0.543063 1.730475 -12.146064 2.372730 42.548075 -1.748780 0.010404
