Pedestrian -1 -1 -10 1180.000000 127.000000 1234.000000 243.000000 1.797940 0.551632 0.656808 11.841205 1.375380 14.427240 3.679541 0.011685
Car -1 -1 -10 724.000000 191.000000 895.000000 302.000000 1.414767 1.623712 3.877758 2.834753 1.693119 11.137265 -1.551233 0.999395
Car -1 -1 -10 551.000000 178.000000 589.000000 207.000000 1.441826 1.594381 3.837576 -1.884544 1.634694 35.319577 1.590664 0.999066
Car -1 -1 -10 688.000000 181.000000 759.000000 235.000000 1.351713 1.602520 3.920571 3.111568 1.661721 20.323087 -1.559204 0.997027
Car -1 -1 -10 303.000000 178.000000 481.000000 242.000000 1.515129 1.556815 3.982536 -5.736263 1.865979 18.610919 -3.240328 0.992067
Car -1 -1 -10 656.000000 173.000000 693.000000 203.000000 1.533013 1.617029 3.867633 3.409245 1.659896 38.846780 -1.623493 0.965357
Car -1 -1 -10 61.000000 172.000000 397.000000 274.000000 1.499227 1.623969 3.998973 -6.068041 1.459812 12.280826 -0.014608 0.956716
Car -1 -1 -10 382.000000 175.000000 498.000000 225.000000 1.525838 1.645300 4.083396 -5.446862 1.720431 23.510214 0.712779 0.948497
Car -1 -1 -10 481.000000 176.000000 547.000000 201.000000 1.519553 1.659998 3.911653 -5.302164 1.652949 42.376898 -0.055222 0.879172
Car -1 -1 -10 2.000000 218.000000 113.000000 380.000000 1.531868 1.599027 3.991964 -5.811745 1.836083 4.800996 0.001072 0.633243
Car -1 -1 -10 211.000000 178.000000 436.000000 250.000000 1.676591 1.604828 3.924329 -6.384236 1.827805 17.148371 -1.378303 0.222568
