Car -1 -1 -10 747.000000 189.000000 973.000000 335.000000 1.467298 1.579784 3.617804 2.916349 1.704468 9.328949 -1.614683 0.999048
Car -1 -1 -10 176.000000 172.000000 382.000000 265.000000 1.581675 1.621940 3.794813 -6.565108 1.610909 13.814229 -3.261789 0.995555
Car -1 -1 -10 0.000000 163.000000 274.000000 330.000000 1.586890 1.626171 4.120151 -6.159600 1.581983 8.077217 0.384438 0.991125
Car -1 -1 -10 412.000000 173.000000 506.000000 208.000000 1.528083 1.689949 4.124585 -7.033122 1.551712 32.706948 -3.175785 0.967090
Car -1 -1 -10 793.000000 181.000000 987.000000 270.000000 1.582905 1.642073 3.979646 6.168951 1.745197 16.704210 3.390600 0.905898
Car -1 -1 -10 714.000000 170.000000 841.000000 223.000000 1.782701 1.676612 4.131193 5.953165 1.725545 27.035590 3.081470 0.870249
Car -1 -1 -10 292.000000 170.000000 464.000000 236.000000 1.439680 1.585879 4.157059 -5.606202 1.790706 19.104658 -0.332441 0.581711
Car -1 -1 -10 766.000000 176.000000 917.000000 245.000000 1.533216 1.586674 3.866611 6.400519 1.686974 19.225028 0.154098 0.387076
Car -1 -1 -10 444.000000 172.000000 534.000000 203.000000 1.588987 1.673837 3.941844 -6.227247 1.468629 38.034634 2.958329 0.300361
Car -1 -1 -10 366.000000 175.000000 480.000000 219.000000 1.501894 1.632644 3.917102 -6.784406 1.486124 24.117510 1.854860 0.214562
