Pedestrian -1 -1 -10 858.000000 158.000000 930.000000 308.000000 1.677193 0.653924 0.771763 3.185938 1.451502 8.088057 -2.304097 0.998593
Pedestrian -1 -1 -10 753.000000 150.000000 842.000000 331.000000 1.773645 0.695446 0.996531 1.885730 1.560199 7.158633 -2.404149 0.997500
Pedestrian -1 -1 -10 646.000000 158.000000 677.000000 247.000000 1.796742 0.669816 0.952342 1.181785 1.323521 14.866881 -1.976008 0.996603
Pedestrian -1 -1 -10 566.000000 164.000000 601.000000 253.000000 1.739067 0.606307 0.855979 -0.399866 1.372180 14.649639 -1.641138 0.991127
Pedestrian -1 -1 -10 611.000000 166.000000 642.000000 251.000000 1.709767 0.506268 0.860057 0.458669 1.430700 14.380232 -2.527384 0.988128
Pedestrian -1 -1 -10 316.000000 165.000000 348.000000 243.000000 1.779524 0.668446 0.992563 -6.368878 1.402831 16.764551 -1.902430 0.973831
Pedestrian -1 -1 -10 693.000000 158.000000 724.000000 251.000000 1.753267 0.510688 0.871264 1.951285 1.293116 13.435502 -2.424167 0.772051
Pedestrian -1 -1 -10 1140.000000 136.000000 1227.000000 309.000000 1.686468 0.641222 0.710908 6.109661 1.269565 7.507339 1.147989 0.737892
Pedestrian -1 -1 -10 958.000000 127.000000 997.000000 228.000000 1.772930 0.654816 0.832393 7.507648 0.894126 14.268484 1.011779 0.579309
Pedestrian -1 -1 -10 803.000000 152.000000 824.000000 225.000000 1.758039 0.470753 0.866726 4.777669 1.105413 16.210510 -0.740629 0.245545
Pedestrian -1 -1 -10 228.000000 160.000000 251.000000 232.000000 1.794059 0.549536 0.884410 -8.534342 1.243717 16.808225 0.013407 0.123815
Pedestrian -1 -1 -10 758.000000 161.000000 804.000000 301.000000 1.658810 0.597081 0.777025 1.802309 1.368934 7.195157 2.922350 0.088764
Pedestrian -1 -1 -10 765.000000 171.000000 804.000000 235.000000 1.762946 0.621088 0.802646 3.955814 1.397285 15.837956 0.322207 0.028039
Pedestrian -1 -1 -10 762.000000 169.000000 781.000000 247.000000 1.649401 0.569536 0.769612 3.579372 1.628815 15.222590 2.663438 0.026947
Pedestrian -1 -1 -10 1204.000000 127.000000 1229.000000 183.000000 1.788938 0.713418 0.614905 9.857385 0.615792 11.600781 -0.399328 0.025378
Pedestrian -1 -1 -10 621.000000 161.000000 661.000000 244.000000 1.816039 0.664771 0.755924 1.005364 2.655817 16.152150 -1.485918 0.011445
Car -1 -1 -10 388.000000 161.000000 539.000000 267.000000 1.717293 1.691521 4.066196 -2.472221 1.390061 13.795840 1.662112 0.998541
Car -1 -1 -10 373.000000 157.000000 469.000000 233.000000 1.930555 1.671720 3.962889 -5.263534 1.203777 20.803274 1.374607 0.662955
Cyclist -1 -1 -10 692.000000 158.000000 725.000000 248.000000 1.757767 0.485563 1.703368 2.024812 1.246040 13.579300 -0.946717 0.712748
Cyclist -1 -1 -10 686.000000 169.000000 708.000000 233.000000 1.671526 0.571852 1.738740 2.333528 1.370872 17.874110 -1.520788 0.030713
Cyclist -1 -1 -10 799.000000 158.000000 820.000000 226.000000 1.683220 0.520900 1.821810 4.719715 1.187599 16.173721 1.436945 0.019906
Cyclist -1 -1 -10 566.000000 163.000000 600.000000 256.000000 1.798386 0.615125 1.776731 -0.442041 1.460077 14.553913 1.504781 0.013851
Cyclist -1 -1 -10 647.000000 160.000000 677.000000 245.000000 1.828338 0.516268 1.723313 1.119235 1.374780 14.931752 -2.065582 0.010058
