Pedestrian -1 -1 -10 665.000000 172.000000 686.000000 231.000000 1.745072 0.649918 0.860511 2.239133 1.549626 22.374015 1.712281 0.924742
Pedestrian -1 -1 -10 1029.000000 185.000000 1086.000000 320.000000 1.704123 0.630118 0.649789 5.844124 1.689627 9.197414 -1.443025 0.804504
Pedestrian -1 -1 -10 522.000000 170.000000 540.000000 232.000000 1.708085 0.602140 0.809641 -2.118075 1.426942 21.669841 -1.660620 0.640651
Pedestrian -1 -1 -10 689.000000 172.000000 712.000000 232.000000 1.807077 0.676056 0.923968 3.035757 1.537381 22.442402 -1.564409 0.540091
Pedestrian -1 -1 -10 544.000000 176.000000 552.000000 204.000000 1.705730 0.637387 0.631258 -3.339650 1.173617 43.080672 -2.160814 0.129138
Pedestrian -1 -1 -10 487.000000 176.000000 497.000000 208.000000 1.577449 0.477164 0.494512 -5.018623 1.441992 33.467798 2.372276 0.126623
Pedestrian -1 -1 -10 1074.000000 272.000000 1187.000000 369.000000 1.694420 0.575852 0.685174 2.465058 1.215664 3.459443 -1.505235 0.123816
Pedestrian -1 -1 -10 979.000000 184.000000 1115.000000 340.000000 1.654804 0.575933 0.571021 2.254779 1.709673 3.518350 1.029330 0.044142
Pedestrian -1 -1 -10 951.000000 192.000000 1215.000000 370.000000 1.812692 0.711529 0.937269 2.437785 1.813486 3.361870 1.839134 0.022464
Pedestrian -1 -1 -10 995.000000 183.000000 1073.000000 301.000000 1.718531 0.572127 0.865855 6.394174 1.780108 10.534742 0.608241 0.013427
Pedestrian -1 -1 -10 606.000000 175.000000 616.000000 205.000000 1.754060 0.571826 0.812994 0.611202 1.405596 46.252853 1.589453 0.010984
Car -1 -1 -10 955.000000 223.000000 1228.000000 366.000000 1.504402 1.566858 3.667351 3.257703 1.447238 4.020441 -1.374821 0.039623
Car -1 -1 -10 1060.000000 263.000000 1215.000000 372.000000 1.566405 1.656914 4.032607 3.280625 1.292991 4.185963 0.500265 0.013700
Cyclist -1 -1 -10 953.000000 203.000000 1207.000000 363.000000 1.704476 0.668505 1.776486 2.467599 1.633906 3.509790 1.558894 0.406896
Cyclist -1 -1 -10 1003.000000 178.000000 1095.000000 349.000000 1.734902 0.688829 1.746229 2.272967 1.496588 3.522149 3.180271 0.159668
Cyclist -1 -1 -10 665.000000 172.000000 687.000000 231.000000 1.799660 0.645343 1.780484 2.270797 1.570135 22.408174 1.701751 0.014509
