Car -1 -1 -10 573.000000 175.000000 613.000000 211.000000 1.532859 1.609538 3.698418 -0.743690 1.107267 34.285997 -1.595545 0.999651
Car -1 -1 -10 333.000000 187.000000 459.000000 263.000000 1.473833 1.614253 3.895411 -4.553225 1.509986 15.887437 -1.581762 0.999250
Car -1 -1 -10 1.000000 199.000000 282.000000 376.000000 1.459781 1.662712 4.120948 -4.644536 1.600127 6.451444 -1.596679 0.992218
Car -1 -1 -10 404.000000 179.000000 482.000000 230.000000 1.499778 1.608191 3.832106 -5.395674 1.369944 23.788638 -1.599096 0.986800
Car -1 -1 -10 289.000000 180.000000 368.000000 229.000000 1.523689 1.622778 3.821809 -9.031249 1.445815 23.721258 -1.591904 0.962636
Car -1 -1 -10 41.000000 190.000000 255.000000 265.000000 1.581243 1.580962 3.775242 -8.589202 1.715718 14.077830 -1.499790 0.725141
Car -1 -1 -10 0.000000 177.000000 105.000000 246.000000 1.460711 1.554555 3.765723 -17.001573 1.116032 21.757685 1.468663 0.478084
Car -1 -1 -10 395.000000 173.000000 441.000000 206.000000 1.545051 1.630137 3.919024 -8.517892 0.837081 33.910242 -1.430355 0.122155
Car -1 -1 -10 534.000000 166.000000 562.000000 193.000000 1.538690 1.569270 3.565036 -4.641217 1.075364 50.434071 1.474960 0.042490
Car -1 -1 -10 0.000000 180.000000 150.000000 287.000000 1.437839 1.600520 3.862774 -12.091666 1.256994 13.771420 1.599466 0.023838
