Pedestrian -1 -1 -10 575.000000 157.000000 611.000000 231.000000 1.760921 0.652441 0.728355 -0.326552 1.167105 18.279213 0.995971 0.996091
Pedestrian -1 -1 -10 169.000000 171.000000 207.000000 249.000000 1.853973 0.667277 1.133674 -9.939526 1.665892 16.976862 -3.223798 0.969402
Pedestrian -1 -1 -10 208.000000 174.000000 236.000000 246.000000 1.734968 0.560479 0.904820 -10.062450 1.664754 18.786344 -3.541620 0.750599
Pedestrian -1 -1 -10 405.000000 160.000000 426.000000 224.000000 1.744667 0.576969 0.615597 -4.266423 1.176028 15.829340 0.217838 0.648971
Pedestrian -1 -1 -10 190.000000 174.000000 223.000000 247.000000 1.805682 0.613545 0.591212 -10.235522 1.716773 18.634523 -2.010798 0.262862
Pedestrian -1 -1 -10 330.000000 167.000000 346.000000 220.000000 1.749967 0.648862 0.657425 -17.959805 1.121112 47.390915 -2.597016 0.259288
Pedestrian -1 -1 -10 321.000000 166.000000 353.000000 228.000000 1.778170 0.590156 0.911467 -6.443147 1.141389 16.641530 0.197408 0.082819
Pedestrian -1 -1 -10 1066.000000 135.000000 1109.000000 205.000000 1.725665 0.694660 0.993037 13.266612 0.482602 19.331698 -0.397368 0.071061
Pedestrian -1 -1 -10 315.000000 166.000000 340.000000 223.000000 1.754114 0.570068 0.766299 -6.792552 1.325200 17.064655 0.765651 0.044287
Pedestrian -1 -1 -10 293.000000 164.000000 335.000000 229.000000 1.702303 0.768608 0.941003 -6.684373 1.255135 16.289715 -0.450098 0.038286
Pedestrian -1 -1 -10 872.000000 149.000000 903.000000 199.000000 1.744584 0.639494 0.975144 10.466433 0.645545 26.152584 -1.224476 0.034843
Pedestrian -1 -1 -10 1162.000000 127.000000 1224.000000 215.000000 1.795212 0.634418 0.885180 11.590211 0.730089 13.815999 -1.376881 0.019701
Pedestrian -1 -1 -10 330.000000 170.000000 371.000000 231.000000 1.739106 0.668529 0.597874 -6.307057 1.203170 17.698484 -2.437117 0.012061
Pedestrian -1 -1 -10 823.000000 154.000000 869.000000 195.000000 1.760092 0.583870 1.008630 10.158566 0.556164 29.735876 2.980865 0.010542
Car -1 -1 -10 299.000000 179.000000 472.000000 293.000000 1.457870 1.612372 3.846577 -3.317853 1.444284 11.213907 -1.553635 0.998795
Car -1 -1 -10 1065.000000 153.000000 1185.000000 189.000000 1.588808 1.602287 3.868627 20.889119 0.339504 27.385657 2.863906 0.038259
Car -1 -1 -10 319.000000 178.000000 396.000000 227.000000 1.535103 1.541317 3.601970 -6.535311 1.422925 17.808666 0.570541 0.017402
Cyclist -1 -1 -10 284.000000 162.000000 342.000000 242.000000 1.811828 0.598684 1.684895 -6.694214 1.364219 16.068918 -1.337513 0.989920
Cyclist -1 -1 -10 1155.000000 129.000000 1225.000000 217.000000 1.760445 0.543892 1.782422 11.699348 0.725246 13.903281 -0.440104 0.979859
Cyclist -1 -1 -10 873.000000 149.000000 903.000000 199.000000 1.801336 0.575734 1.791001 10.494927 0.697621 26.178783 -1.117830 0.974532
Cyclist -1 -1 -10 822.000000 155.000000 870.000000 195.000000 1.743574 0.626255 1.768166 10.225645 0.586737 29.735837 2.969769 0.963512
Cyclist -1 -1 -10 1066.000000 136.000000 1109.000000 204.000000 1.806260 0.535369 1.711107 13.274016 0.535429 19.204177 0.025681 0.172516
Cyclist -1 -1 -10 322.000000 168.000000 345.000000 227.000000 1.674829 0.575390 1.644202 -7.334556 1.189672 18.521679 -1.803255 0.152458
Cyclist -1 -1 -10 330.000000 170.000000 371.000000 231.000000 1.617975 0.596284 1.726632 -6.325827 0.936119 17.709398 1.763085 0.109208
Cyclist -1 -1 -10 402.000000 158.000000 429.000000 227.000000 1.684458 0.737868 1.727704 -3.993482 0.922154 15.976098 0.322190 0.098069
Cyclist -1 -1 -10 1052.000000 151.000000 1138.000000 198.000000 1.738171 0.532348 1.586320 17.670143 0.540867 25.514080 0.692032 0.084280
Cyclist -1 -1 -10 299.000000 167.000000 335.000000 222.000000 1.795870 0.614216 1.731267 -7.752774 1.155482 18.869839 -1.934886 0.053119
Cyclist -1 -1 -10 310.000000 178.000000 396.000000 226.000000 1.704371 0.513386 1.626867 -6.342563 1.079105 17.820308 -1.925280 0.028281
Cyclist -1 -1 -10 168.000000 171.000000 210.000000 249.000000 1.834262 0.538688 1.730871 -10.091711 1.746844 16.914448 -3.087703 0.023205
Cyclist -1 -1 -10 297.000000 178.000000 472.000000 296.000000 1.722263 0.772786 1.840914 -3.063102 1.564592 9.881351 -1.343849 0.021778
Cyclist -1 -1 -10 382.000000 172.000000 441.000000 225.000000 1.730329 0.612908 1.696109 -6.373524 0.895004 22.154897 -1.816977 0.019330
