Pedestrian -1 -1 -10 403.000000 179.000000 416.000000 216.000000 1.763667 0.619350 0.784159 -9.167087 2.072095 32.800770 1.301106 0.862794
Pedestrian -1 -1 -10 418.000000 176.000000 430.000000 213.000000 1.806936 0.610477 0.509272 -8.498384 2.151384 32.933613 0.746206 0.648727
Pedestrian -1 -1 -10 406.000000 178.000000 422.000000 219.000000 1.797928 0.597774 0.733937 -9.063483 2.000596 32.839882 -1.903849 0.012794
Car -1 -1 -10 628.000000 177.000000 707.000000 239.000000 1.508183 1.577595 3.581045 1.481357 1.677239 19.995614 -1.675984 0.999006
Car -1 -1 -10 406.000000 189.000000 462.000000 233.000000 1.410420 1.574239 3.728949 -6.198151 1.976389 25.668954 -1.693730 0.998437
Car -1 -1 -10 32.000000 194.000000 336.000000 356.000000 1.495259 1.669010 4.103754 -5.228419 1.892712 9.615771 1.510193 0.994169
Car -1 -1 -10 600.000000 178.000000 643.000000 215.000000 1.493876 1.561231 3.473128 0.433013 1.711708 30.196331 -1.656429 0.984177
Car -1 -1 -10 434.000000 180.000000 480.000000 218.000000 1.593195 1.595771 3.851330 -7.148723 2.044179 34.530497 -1.678723 0.940002
Car -1 -1 -10 582.000000 178.000000 612.000000 203.000000 1.519684 1.611186 3.818465 -0.675039 1.874395 46.068329 -1.641458 0.552151
Car -1 -1 -10 0.000000 200.000000 153.000000 370.000000 1.538043 1.640581 3.858417 -4.827679 1.950390 4.182532 -1.612952 0.486545
Car -1 -1 -10 749.000000 193.000000 1023.000000 347.000000 1.579098 1.629745 3.745838 2.693852 1.601132 7.883588 -1.646880 0.038501
Car -1 -1 -10 458.000000 182.000000 497.000000 207.000000 1.538815 1.630027 3.921962 -8.777180 2.057209 48.627785 1.471676 0.021834
