Pedestrian -1 -1 -10 826.000000 175.000000 846.000000 231.000000 1.739374 0.639847 0.818012 10.345668 1.699369 32.660038 2.760785 0.030834
Car -1 -1 -10 787.000000 187.000000 1075.000000 340.000000 1.486021 1.647799 4.154155 3.470230 1.684012 8.924072 -1.586061 0.999367
Car -1 -1 -10 472.000000 182.000000 526.000000 220.000000 1.472508 1.540828 3.535314 -4.537505 1.855374 29.663867 1.631191 0.999283
Car -1 -1 -10 269.000000 191.000000 430.000000 281.000000 1.489573 1.636856 4.007151 -4.838908 1.849065 13.796870 1.568291 0.999078
Car -1 -1 -10 -3.000000 192.000000 335.000000 369.000000 1.527705 1.616491 3.799591 -4.725203 1.870961 8.372248 1.585509 0.998679
Car -1 -1 -10 737.000000 184.000000 871.000000 272.000000 1.510003 1.620447 3.838227 3.558866 1.792682 13.851771 -1.574913 0.996189
Car -1 -1 -10 500.000000 180.000000 544.000000 212.000000 1.505285 1.609953 3.878808 -4.264089 1.814449 34.391686 1.619560 0.980234
Car -1 -1 -10 714.000000 181.000000 798.000000 246.000000 1.485660 1.608224 3.732326 3.867808 1.769733 19.420640 -1.526952 0.969776
Car -1 -1 -10 691.000000 180.000000 755.000000 227.000000 1.540912 1.638279 3.930073 3.976073 1.862823 24.965673 -1.590093 0.961012
Car -1 -1 -10 988.000000 204.000000 1244.000000 377.000000 1.500690 1.632592 3.853148 3.647487 1.800596 3.329943 1.570897 0.957883
Car -1 -1 -10 970.000000 176.000000 1073.000000 216.000000 1.618543 1.665827 3.948213 13.818180 1.555004 23.653336 -2.011621 0.271303
Car -1 -1 -10 1051.000000 175.000000 1184.000000 231.000000 1.650678 1.624147 3.943282 13.974120 1.457729 19.535148 -1.816582 0.081881
Car -1 -1 -10 1176.000000 173.000000 1241.000000 233.000000 1.514994 1.585803 3.613075 16.078531 1.189332 20.142507 2.428277 0.045694
Cyclist -1 -1 -10 938.000000 178.000000 995.000000 224.000000 1.696761 0.660764 1.774290 11.413301 1.467342 22.765302 3.407668 0.305441
Cyclist -1 -1 -10 958.000000 178.000000 982.000000 227.000000 1.699453 0.620271 1.698472 11.463445 1.484967 22.876109 3.481716 0.223809
Cyclist -1 -1 -10 905.000000 186.000000 1021.000000 231.000000 1.730984 0.642459 1.742127 11.092576 1.812452 21.501267 1.429176 0.178870
Cyclist -1 -1 -10 989.000000 203.000000 1243.000000 364.000000 1.761973 0.756824 1.888658 2.987437 2.004712 3.926895 1.518697 0.010033
