Pedestrian -1 -1 -10 674.000000 163.000000 701.000000 235.000000 1.731981 0.644494 0.940795 2.126580 1.284515 17.985607 -1.488964 0.998036
Pedestrian -1 -1 -10 651.000000 165.000000 674.000000 236.000000 1.689551 0.586309 0.792544 1.419121 1.336646 17.766143 -1.746953 0.993049
Pedestrian -1 -1 -10 452.000000 164.000000 481.000000 241.000000 1.718265 0.629736 0.939564 -3.280777 1.314906 17.148216 -1.880561 0.986024
Pedestrian -1 -1 -10 538.000000 170.000000 549.000000 205.000000 1.743451 0.562395 0.751481 -2.738603 1.098925 33.597756 -1.795626 0.246690
Pedestrian -1 -1 -10 560.000000 168.000000 573.000000 202.000000 1.738983 0.670663 0.699820 -1.724545 1.099360 38.361253 0.391453 0.087587
Pedestrian -1 -1 -10 955.000000 188.000000 1015.000000 342.000000 1.738900 0.557042 0.488420 3.811747 1.751673 7.161401 0.997412 0.078689
Pedestrian -1 -1 -10 556.000000 169.000000 569.000000 199.000000 1.718668 0.617996 0.698012 -2.075867 1.141140 40.150107 -1.162328 0.034529
Pedestrian -1 -1 -10 847.000000 195.000000 1220.000000 369.000000 1.773029 0.607921 0.868507 2.073140 1.622523 3.330903 0.489759 0.029309
Pedestrian -1 -1 -10 724.000000 164.000000 735.000000 203.000000 1.792855 0.541706 0.584614 5.809394 0.966442 32.356977 2.278526 0.027876
Pedestrian -1 -1 -10 1155.000000 223.000000 1235.000000 376.000000 1.765121 0.646882 0.643662 1.949644 1.228956 2.376408 -1.467363 0.023547
Pedestrian -1 -1 -10 714.000000 162.000000 744.000000 204.000000 1.725064 0.593620 0.719080 5.241337 0.802791 30.007820 -0.960969 0.014484
Car -1 -1 -10 566.000000 167.000000 603.000000 193.000000 1.577696 1.683515 3.968445 -1.007523 0.723058 57.490209 -1.539303 0.062264
Cyclist -1 -1 -10 609.000000 166.000000 633.000000 204.000000 1.716245 0.591825 1.784783 0.880494 1.034760 32.948116 1.895298 0.971825
Cyclist -1 -1 -10 560.000000 168.000000 580.000000 203.000000 1.696897 0.495472 1.760925 -1.707955 1.036494 38.266003 0.905291 0.457757
Cyclist -1 -1 -10 451.000000 166.000000 481.000000 241.000000 1.834137 0.569274 1.743697 -3.328212 1.408974 17.215529 -1.718693 0.343660
Cyclist -1 -1 -10 674.000000 165.000000 702.000000 234.000000 1.792926 0.599952 1.742689 2.090358 1.356872 17.997487 -1.333384 0.317987
Cyclist -1 -1 -10 685.000000 165.000000 736.000000 211.000000 1.700247 0.494255 1.649771 3.778921 1.562749 24.696811 2.512403 0.059366
Cyclist -1 -1 -10 563.000000 167.000000 604.000000 193.000000 1.776730 0.758684 1.782030 -1.320443 1.126161 55.614785 3.104658 0.056768
Cyclist -1 -1 -10 558.000000 168.000000 570.000000 201.000000 1.714322 0.588524 1.601185 -1.793638 1.020269 38.561018 -2.255967 0.037751
Cyclist -1 -1 -10 707.000000 164.000000 737.000000 202.000000 1.760602 0.517305 1.439399 5.455298 0.304314 33.654323 -1.421311 0.031349
Cyclist -1 -1 -10 682.000000 167.000000 709.000000 218.000000 1.674000 0.476957 1.538943 1.145462 0.986368 10.027032 -1.498184 0.025060
Cyclist -1 -1 -10 459.000000 172.000000 498.000000 225.000000 1.670419 0.551973 1.650244 -3.514307 1.577788 22.356258 -1.217787 0.019990
Cyclist -1 -1 -10 712.000000 161.000000 767.000000 212.000000 1.779348 0.528460 1.674978 5.714064 0.826076 29.675930 -1.796699 0.018900
Cyclist -1 -1 -10 722.000000 164.000000 733.000000 203.000000 1.669601 0.471476 1.476492 2.913131 1.309532 17.279566 -1.413817 0.018379
Cyclist -1 -1 -10 691.000000 167.000000 717.000000 204.000000 1.801251 0.691645 1.830202 5.086914 1.121135 34.800109 1.075584 0.015370
Cyclist -1 -1 -10 535.000000 170.000000 550.000000 203.000000 1.728968 0.502794 1.725707 -2.741969 1.109700 33.758099 -1.646198 0.012394
