Pedestrian -1 -1 -10 434.000000 167.000000 469.000000 253.000000 1.704342 0.626990 1.025651 -3.117364 1.368090 14.722336 -1.663190 0.983357
Pedestrian -1 -1 -10 696.000000 161.000000 730.000000 246.000000 1.721710 0.666799 0.933961 2.351043 1.310612 15.230004 -1.496316 0.981946
Pedestrian -1 -1 -10 667.000000 160.000000 696.000000 248.000000 1.651793 0.612165 0.710498 1.634271 1.364380 15.042382 -1.629046 0.971601
Pedestrian -1 -1 -10 1056.000000 222.000000 1165.000000 372.000000 1.651378 0.586802 0.595627 2.456365 1.786259 3.456643 1.130949 0.195484
Pedestrian -1 -1 -10 755.000000 151.000000 772.000000 201.000000 1.866349 0.666803 0.846326 5.820780 0.688677 26.028142 -0.867137 0.051991
Pedestrian -1 -1 -10 745.000000 161.000000 756.000000 201.000000 1.791251 0.729674 0.618484 5.901158 1.073063 28.856320 2.261229 0.037230
Pedestrian -1 -1 -10 728.000000 161.000000 745.000000 203.000000 1.842349 0.714611 0.897682 5.758115 0.913189 30.062003 0.250272 0.022206
Pedestrian -1 -1 -10 684.000000 163.000000 717.000000 241.000000 1.709622 0.619993 0.885169 2.140842 1.248118 15.328883 -1.554103 0.021927
Pedestrian -1 -1 -10 528.000000 169.000000 546.000000 209.000000 1.768610 0.656120 0.886616 -2.764089 1.127772 30.770067 1.476847 0.014583
Pedestrian -1 -1 -10 741.000000 164.000000 752.000000 201.000000 1.765714 0.629418 0.809707 5.968615 0.949760 28.811307 -0.764604 0.012536
Cyclist -1 -1 -10 588.000000 163.000000 619.000000 215.000000 1.789531 0.669407 1.804307 0.013691 1.244507 26.265254 1.749584 0.998663
Cyclist -1 -1 -10 561.000000 166.000000 586.000000 208.000000 1.762747 0.603693 1.814156 -1.362561 1.163443 33.335070 1.163515 0.982999
Cyclist -1 -1 -10 526.000000 169.000000 547.000000 208.000000 1.765336 0.546476 1.760653 -2.830863 1.183453 30.945957 1.480941 0.860609
Cyclist -1 -1 -10 696.000000 163.000000 729.000000 245.000000 1.831530 0.580988 1.719881 2.247794 1.379857 15.237488 -1.404100 0.503858
Cyclist -1 -1 -10 430.000000 169.000000 472.000000 246.000000 1.795630 0.554281 1.709055 -3.168381 1.446316 14.696264 -1.711591 0.438577
Cyclist -1 -1 -10 569.000000 166.000000 609.000000 200.000000 1.697031 0.481972 1.444753 -0.983126 0.728800 34.089966 -1.620750 0.061249
Cyclist -1 -1 -10 515.000000 172.000000 539.000000 206.000000 1.659229 0.442745 1.658402 -3.674263 1.139086 34.411277 -1.224658 0.038104
Cyclist -1 -1 -10 712.000000 165.000000 747.000000 218.000000 1.818044 0.572453 1.513802 4.925551 1.188505 27.219320 -1.910300 0.033189
Cyclist -1 -1 -10 667.000000 160.000000 696.000000 247.000000 1.737700 0.579389 1.707791 1.628370 1.379364 15.048557 -1.604439 0.015051
Cyclist -1 -1 -10 472.000000 172.000000 496.000000 202.000000 1.686751 0.532272 1.578238 -7.508606 1.555522 46.966849 -1.767303 0.014954
Cyclist -1 -1 -10 447.000000 174.000000 491.000000 232.000000 1.657949 0.445305 1.449636 -3.149114 1.768504 16.986292 -1.775797 0.013001
Cyclist -1 -1 -10 996.000000 210.000000 1225.000000 370.000000 1.661001 0.601840 1.665511 2.610906 1.678823 3.716915 0.645698 0.012775
