Car -1 -1 -10 533.000000 184.000000 577.000000 214.000000 1.500990 1.671793 3.839982 -2.942883 2.181424 39.244991 1.594952 0.999134
Car -1 -1 -10 265.000000 194.000000 431.000000 297.000000 1.488401 1.624203 4.025241 -4.459148 1.947055 12.682477 1.567041 0.998841
Car -1 -1 -10 10.000000 202.000000 337.000000 376.000000 1.446494 1.607844 3.901436 -4.615084 1.902223 8.268001 1.556229 0.995735
Car -1 -1 -10 719.000000 187.000000 781.000000 236.000000 1.486052 1.612472 3.841315 4.607278 1.989384 23.478077 -1.478250 0.967262
Car -1 -1 -10 708.000000 183.000000 761.000000 224.000000 1.494630 1.601470 3.691889 4.904831 2.023857 29.050288 -1.564350 0.930062
Car -1 -1 -10 738.000000 175.000000 853.000000 261.000000 1.667853 1.713642 4.419308 4.186739 1.715664 16.954137 -1.533878 0.870531
Car -1 -1 -10 556.000000 183.000000 590.000000 209.000000 1.507999 1.442304 3.127653 -2.772039 2.727055 42.921709 1.647431 0.343073
Car -1 -1 -10 699.000000 183.000000 740.000000 217.000000 1.502510 1.596865 3.744024 5.097445 2.016280 34.175518 -1.503554 0.341940
Car -1 -1 -10 1.000000 180.000000 135.000000 375.000000 1.549924 1.624001 3.943369 -5.163682 1.667151 4.070037 1.539096 0.269163
Car -1 -1 -10 691.000000 182.000000 726.000000 209.000000 1.502825 1.572534 3.591580 5.913588 1.814937 43.855997 1.601363 0.153311
