Car -1 -1 -10 254.000000 181.000000 431.000000 297.000000 1.582942 1.637355 4.006679 -4.421150 1.833292 12.318381 1.576790 0.998500
Car -1 -1 -10 438.000000 183.000000 516.000000 238.000000 1.460270 1.612752 3.901176 -4.047793 1.857005 21.723228 1.625483 0.998432
Car -1 -1 -10 1.000000 184.000000 321.000000 375.000000 1.519865 1.609326 3.859039 -4.533101 1.751657 7.320952 1.588133 0.997560
Car -1 -1 -10 381.000000 188.000000 477.000000 259.000000 1.451879 1.575098 3.780836 -4.355581 1.872888 17.281455 1.606279 0.995797
Car -1 -1 -10 710.000000 171.000000 779.000000 225.000000 1.690222 1.673853 4.106969 4.813686 1.681229 26.025820 -1.516060 0.995686
Car -1 -1 -10 85.000000 173.000000 227.000000 232.000000 1.517644 1.560118 3.518088 -13.724099 1.906878 21.483976 1.018057 0.931187
Car -1 -1 -10 701.000000 175.000000 739.000000 208.000000 1.559388 1.581083 3.737846 5.756473 1.687313 38.047895 -1.553760 0.428148
Car -1 -1 -10 696.000000 174.000000 724.000000 200.000000 1.497568 1.469944 3.223701 6.661876 1.536929 47.209823 1.669401 0.218041
Cyclist -1 -1 -10 83.000000 171.000000 225.000000 236.000000 1.675904 0.508747 1.659651 -12.689163 2.042434 19.608482 0.488437 0.092851
Cyclist -1 -1 -10 88.000000 179.000000 126.000000 251.000000 1.611266 0.425700 1.504784 -9.377970 1.562103 13.106424 -2.211598 0.019012
