Pedestrian -1 -1 -10 331.000000 160.000000 374.000000 272.000000 1.841128 0.673502 1.001077 -4.358024 1.454770 12.197504 1.691107 0.989236
Pedestrian -1 -1 -10 354.000000 161.000000 395.000000 264.000000 1.791873 0.732680 0.832352 -4.186687 1.470214 12.495861 1.198013 0.982870
Pedestrian -1 -1 -10 476.000000 168.000000 483.000000 194.000000 1.822742 0.669475 0.770878 -9.206622 1.011791 52.168564 1.422075 0.227955
Pedestrian -1 -1 -10 352.000000 164.000000 377.000000 248.000000 1.806413 0.701816 0.678797 -5.635893 1.328860 15.583425 1.716832 0.022710
Pedestrian -1 -1 -10 336.000000 164.000000 360.000000 204.000000 1.684350 0.595626 0.522182 -12.357702 0.810646 32.822899 0.636891 0.015410
Pedestrian -1 -1 -10 349.000000 167.000000 382.000000 205.000000 1.792604 0.678337 0.733762 -8.054301 1.370339 24.058945 1.841603 0.015161
Pedestrian -1 -1 -10 332.000000 164.000000 352.000000 226.000000 1.693507 0.578444 0.479978 -12.343877 1.531719 32.863507 1.104086 0.011828
Car -1 -1 -10 529.000000 160.000000 574.000000 210.000000 1.697793 1.672504 3.617906 -2.346778 1.050775 30.223986 -1.677915 0.882304
Cyclist -1 -1 -10 329.000000 161.000000 374.000000 271.000000 1.857512 0.521997 1.737798 -4.338606 1.499653 12.453256 1.707684 0.014642
Cyclist -1 -1 -10 354.000000 162.000000 396.000000 264.000000 1.817539 0.538322 1.740515 -4.112753 1.487171 12.484024 1.384636 0.013277
