Car -1 -1 -10 578.000000 179.000000 612.000000 209.000000 1.524094 1.628853 3.773967 -0.735562 1.297751 39.972517 -1.590277 0.999534
Car -1 -1 -10 450.000000 184.000000 509.000000 227.000000 1.442076 1.593775 3.818908 -4.612871 1.480180 26.041393 -1.574267 0.997769
Car -1 -1 -10 308.000000 192.000000 461.000000 271.000000 1.501045 1.639288 4.079001 -4.321940 1.586539 14.425569 -1.590210 0.997306
Car -1 -1 -10 108.000000 177.000000 292.000000 268.000000 1.623806 1.660445 3.991196 -8.512801 1.586621 15.805307 -1.603187 0.927562
Car -1 -1 -10 306.000000 189.000000 379.000000 228.000000 1.439386 1.623322 3.802953 -8.516092 1.549526 23.943913 -1.464320 0.714957
Car -1 -1 -10 85.000000 188.000000 202.000000 245.000000 1.443683 1.617172 3.828337 -12.969131 1.634088 21.121321 -1.589310 0.608867
Car -1 -1 -10 484.000000 183.000000 524.000000 214.000000 1.497507 1.600723 3.833789 -4.994269 1.349019 35.993088 -1.548819 0.485486
Car -1 -1 -10 397.000000 181.000000 447.000000 213.000000 1.539725 1.613706 3.810376 -8.918239 1.254912 34.564302 -1.674537 0.279317
Car -1 -1 -10 507.000000 182.000000 543.000000 207.000000 1.555006 1.627076 3.914345 -5.241854 1.171269 45.334991 1.450075 0.268452
Car -1 -1 -10 0.000000 200.000000 141.000000 300.000000 1.445404 1.519632 3.749381 -16.679466 1.860125 20.188635 0.233860 0.061968
