Car -1 -1 -10 459.000000 179.000000 516.000000 221.000000 1.518477 1.590190 3.643760 -4.687509 1.800132 27.685795 1.621444 0.999539
Car -1 -1 -10 828.000000 190.000000 1240.000000 375.000000 1.507571 1.652572 4.083711 3.437758 1.679600 6.741496 -1.579249 0.999085
Car -1 -1 -10 193.000000 192.000000 400.000000 301.000000 1.439347 1.646686 4.048114 -4.917828 1.780369 11.746786 1.568188 0.998950
Car -1 -1 -10 750.000000 182.000000 931.000000 293.000000 1.506529 1.624960 3.791084 3.508964 1.702714 11.851737 -1.578950 0.995668
Car -1 -1 -10 490.000000 178.000000 537.000000 213.000000 1.485792 1.622173 3.957224 -4.480699 1.759986 32.300709 1.615132 0.993247
Car -1 -1 -10 -3.000000 194.000000 269.000000 378.000000 1.464592 1.618504 3.896285 -4.811238 1.817530 6.383072 1.582319 0.992583
Car -1 -1 -10 695.000000 178.000000 766.000000 230.000000 1.510071 1.634073 3.966070 3.839940 1.723044 22.906693 -1.589619 0.991373
Car -1 -1 -10 721.000000 179.000000 824.000000 252.000000 1.502313 1.612922 3.793107 3.772358 1.698150 17.377652 -1.548449 0.984371
Car -1 -1 -10 1020.000000 174.000000 1218.000000 237.000000 1.650092 1.658878 3.987758 13.408875 1.476563 18.777574 -1.850773 0.279242
Car -1 -1 -10 981.000000 174.000000 1092.000000 215.000000 1.582841 1.590941 3.886115 12.473188 1.336247 21.856723 -0.209247 0.136753
