Pedestrian -1 -1 -10 1021.000000 135.000000 1149.000000 368.000000 1.705527 0.504365 0.806376 3.246493 1.458990 4.683211 1.599908 0.997366
Pedestrian -1 -1 -10 832.000000 146.000000 892.000000 292.000000 1.717735 0.649351 0.772105 3.145124 1.222996 8.744461 1.430093 0.995897
Pedestrian -1 -1 -10 515.000000 149.000000 538.000000 215.000000 1.648500 0.550172 0.607948 -1.962408 0.888014 17.437788 1.136607 0.993782
Pedestrian -1 -1 -10 490.000000 149.000000 512.000000 216.000000 1.672734 0.522223 0.624856 -2.538037 0.892546 17.028857 0.923487 0.986958
Pedestrian -1 -1 -10 650.000000 141.000000 671.000000 204.000000 1.835446 0.658346 0.659630 1.535156 0.627711 20.865731 -1.996553 0.862418
Pedestrian -1 -1 -10 489.000000 140.000000 505.000000 192.000000 1.750893 0.622888 0.666069 -5.204474 -0.171440 32.738907 -1.700558 0.629430
Pedestrian -1 -1 -10 436.000000 143.000000 468.000000 213.000000 1.707697 0.638891 0.768553 -3.780422 0.728077 17.312903 -0.202834 0.520194
Pedestrian -1 -1 -10 644.000000 145.000000 661.000000 196.000000 1.563431 0.539875 0.612796 1.638266 0.486180 24.811369 2.544319 0.363996
Pedestrian -1 -1 -10 621.000000 146.000000 637.000000 188.000000 1.715699 0.688761 0.762909 0.880127 0.409262 25.322734 -1.247886 0.267587
Pedestrian -1 -1 -10 246.000000 136.000000 283.000000 219.000000 1.705730 0.637387 0.631260 -8.609257 1.188525 17.287140 -2.535304 0.212079
Pedestrian -1 -1 -10 272.000000 135.000000 324.000000 248.000000 1.838519 0.709921 0.762574 -5.267812 1.019217 11.732980 1.561177 0.186340
Pedestrian -1 -1 -10 428.000000 140.000000 452.000000 212.000000 1.762438 0.596317 0.760793 -4.477068 0.779664 18.584868 1.829841 0.081490
Pedestrian -1 -1 -10 416.000000 142.000000 441.000000 206.000000 1.810212 0.634775 0.874396 -4.555870 0.579877 18.554504 0.299679 0.050016
Pedestrian -1 -1 -10 495.000000 143.000000 512.000000 189.000000 1.800946 0.593567 0.664422 -4.536799 0.519024 31.600374 2.945240 0.044191
Pedestrian -1 -1 -10 551.000000 144.000000 565.000000 184.000000 1.736803 0.510033 0.572287 -2.019186 0.315790 29.097630 1.979060 0.034723
Pedestrian -1 -1 -10 410.000000 143.000000 461.000000 218.000000 1.799420 0.679594 0.791864 -4.503441 0.733297 18.428786 0.130848 0.028668
Cyclist -1 -1 -10 268.000000 139.000000 330.000000 245.000000 1.671768 0.635217 1.698908 -5.358120 1.614590 12.398221 0.623214 0.890014
Cyclist -1 -1 -10 428.000000 143.000000 469.000000 220.000000 1.727300 0.591915 1.719725 -3.689126 0.783487 17.362606 1.908695 0.762459
Cyclist -1 -1 -10 377.000000 143.000000 471.000000 222.000000 1.716075 0.487702 1.755198 -4.344192 0.593800 18.101523 0.788983 0.528729
Cyclist -1 -1 -10 489.000000 144.000000 511.000000 196.000000 1.688527 0.475508 1.519179 -1.705681 0.611230 10.437861 -1.777137 0.527571
Cyclist -1 -1 -10 409.000000 141.000000 455.000000 216.000000 1.740654 0.558286 1.782667 -4.518137 0.577298 18.532753 1.776405 0.463695
Cyclist -1 -1 -10 290.000000 148.000000 346.000000 224.000000 1.669910 0.580342 1.588496 -6.661185 1.187928 16.767615 2.655555 0.334751
Cyclist -1 -1 -10 305.000000 150.000000 367.000000 207.000000 1.736283 0.530400 1.551788 -6.081929 1.309476 15.214392 -1.950580 0.331737
Cyclist -1 -1 -10 329.000000 146.000000 365.000000 197.000000 1.709024 0.520559 1.625711 -11.168406 0.871511 30.472035 -1.887461 0.211979
Cyclist -1 -1 -10 343.000000 146.000000 382.000000 199.000000 1.697031 0.481972 1.444753 -7.220837 1.116921 21.410167 -1.933934 0.192665
Cyclist -1 -1 -10 389.000000 146.000000 437.000000 204.000000 1.749256 0.526279 1.690593 -6.580409 0.344294 24.412070 -1.825441 0.186486
Cyclist -1 -1 -10 651.000000 141.000000 671.000000 204.000000 1.819295 0.497342 1.748513 1.464848 0.591766 20.941346 -2.056856 0.163003
Cyclist -1 -1 -10 423.000000 142.000000 448.000000 204.000000 1.719548 0.504503 1.602285 -4.473027 0.116128 19.000123 -2.309006 0.151737
Cyclist -1 -1 -10 242.000000 137.000000 307.000000 232.000000 1.697031 0.481972 1.444753 -6.017644 1.736199 13.580533 -2.040646 0.129107
Cyclist -1 -1 -10 358.000000 148.000000 423.000000 206.000000 1.701709 0.537491 1.599531 -6.708676 0.472263 22.098853 -1.842078 0.115554
Cyclist -1 -1 -10 515.000000 149.000000 538.000000 212.000000 1.722396 0.600512 1.742424 -2.027972 0.907476 17.287561 1.038293 0.100130
Cyclist -1 -1 -10 246.000000 137.000000 281.000000 210.000000 1.790081 0.511434 1.569626 -6.689185 1.001573 13.503639 -1.998755 0.076914
