Car -1 -1 -10 571.000000 179.000000 606.000000 210.000000 1.574419 1.627763 3.843421 -1.175754 1.271454 40.159325 -1.563338 0.999631
Car -1 -1 -10 272.000000 185.000000 365.000000 237.000000 1.489426 1.595134 3.695903 -8.863581 1.562075 22.390648 -1.592322 0.998882
Car -1 -1 -10 371.000000 189.000000 472.000000 244.000000 1.461637 1.635219 3.993076 -5.028838 1.506697 19.841917 -1.597932 0.998769
Car -1 -1 -10 4.000000 207.000000 317.000000 371.000000 1.525565 1.629782 3.910927 -3.405368 1.645792 4.572145 -1.589274 0.985266
Car -1 -1 -10 124.000000 184.000000 302.000000 271.000000 1.472636 1.598916 3.757734 -7.917529 1.553154 14.897273 -1.623220 0.979583
Car -1 -1 -10 388.000000 183.000000 439.000000 210.000000 1.571054 1.613450 3.718054 -8.702877 1.317044 32.023925 -1.737305 0.134026
Car -1 -1 -10 359.000000 179.000000 404.000000 207.000000 1.541605 1.627982 3.761436 -13.419860 1.559115 42.419154 -1.776137 0.068803
Car -1 -1 -10 424.000000 183.000000 471.000000 212.000000 1.490573 1.523830 3.348901 -12.641631 1.760863 56.104548 -1.810279 0.061633
Car -1 -1 -10 280.000000 182.000000 348.000000 216.000000 1.521542 1.494850 3.351938 -14.024481 1.222106 33.429313 0.672625 0.051116
Car -1 -1 -10 382.000000 183.000000 457.000000 224.000000 1.566875 1.613235 3.739145 -8.679513 1.301930 32.032291 -1.719866 0.023460
Car -1 -1 -10 8.000000 201.000000 250.000000 294.000000 1.566234 1.640578 3.878288 -13.291264 1.691010 18.900406 -1.673860 0.017895
Car -1 -1 -10 1.000000 61.000000 232.000000 366.000000 1.750127 1.627716 3.993398 -3.753619 1.258686 2.983434 1.564199 0.013199
Car -1 -1 -10 507.000000 182.000000 544.000000 208.000000 1.535640 1.606852 3.894762 -5.131594 1.414820 44.786641 -1.586765 0.010511
Cyclist -1 -1 -10 -4.000000 0.000000 190.000000 242.000000 1.717464 0.892470 1.896715 -12.382839 1.748526 17.618708 -1.573705 0.093695
Cyclist -1 -1 -10 1.000000 204.000000 308.000000 370.000000 1.691568 0.640271 1.982946 -2.968145 1.695045 4.147418 1.637171 0.017655
