Pedestrian -1 -1 -10 539.000000 171.000000 550.000000 204.000000 1.739187 0.617769 0.796639 -3.643800 1.646812 39.472637 -2.226229 0.389467
Pedestrian -1 -1 -10 697.000000 161.000000 711.000000 205.000000 1.848366 0.661947 0.896352 4.322066 1.360347 33.725239 -1.784433 0.107926
Pedestrian -1 -1 -10 523.000000 171.000000 542.000000 221.000000 1.728945 0.683317 0.783571 -2.720201 1.730977 25.566846 1.568684 0.018050
Car -1 -1 -10 721.000000 168.000000 942.000000 325.000000 1.547015 1.606835 3.699172 2.632419 1.539676 9.211915 -1.598096 0.999206
Car -1 -1 -10 226.000000 184.000000 403.000000 292.000000 1.563082 1.634863 3.915896 -4.990932 1.800530 12.773358 1.572707 0.998994
Car -1 -1 -10 446.000000 182.000000 506.000000 222.000000 1.484260 1.619890 3.732086 -5.223725 1.867380 28.333757 1.557292 0.994258
Car -1 -1 -10 744.000000 173.000000 839.000000 234.000000 1.549128 1.626102 3.770486 6.670335 1.829257 26.451954 -1.327981 0.022409
Cyclist -1 -1 -10 522.000000 170.000000 542.000000 225.000000 1.763897 0.728837 1.837998 -2.784312 1.735344 25.479736 1.631249 0.999480
Cyclist -1 -1 -10 498.000000 173.000000 522.000000 228.000000 1.758456 0.610473 1.828195 -3.468709 1.879943 24.951924 1.699734 0.996474
Cyclist -1 -1 -10 538.000000 171.000000 551.000000 204.000000 1.688814 0.542848 1.686128 -3.592581 1.677851 39.473993 1.520981 0.480327
Cyclist -1 -1 -10 444.000000 181.000000 506.000000 224.000000 1.693643 0.681266 1.715497 -4.933337 2.150571 27.169797 2.402193 0.336770
Cyclist -1 -1 -10 486.000000 180.000000 516.000000 216.000000 1.698593 0.591426 1.701186 -3.538264 1.747890 25.123959 1.861453 0.037135
Cyclist -1 -1 -10 514.000000 176.000000 523.000000 202.000000 1.694796 0.516974 1.577061 -5.760355 2.157002 46.459007 -1.672823 0.010813
