Car -1 -1 -10 397.000000 194.000000 521.000000 262.000000 1.395397 1.598478 3.800568 -3.673631 1.807036 16.446634 -2.140754 0.999444
Car -1 -1 -10 288.000000 187.000000 347.000000 225.000000 1.481932 1.622784 3.850946 -12.077126 1.962419 29.198913 -2.109533 0.998712
Car -1 -1 -10 72.000000 188.000000 123.000000 221.000000 1.549684 1.648065 3.807009 -27.299227 2.438500 38.050816 0.990325 0.998568
Car -1 -1 -10 901.000000 170.000000 1032.000000 236.000000 1.442198 1.657407 3.993090 7.801515 1.391024 16.280771 1.777490 0.996909
Car -1 -1 -10 271.000000 186.000000 324.000000 220.000000 1.477298 1.599247 3.727249 -14.991092 1.915591 34.099104 -2.079088 0.954742
Car -1 -1 -10 786.000000 170.000000 888.000000 230.000000 1.491482 1.593002 3.631323 5.772304 1.394534 17.851836 1.861005 0.872494
Car -1 -1 -10 462.000000 172.000000 560.000000 212.000000 1.508696 1.617464 3.895424 -4.472333 1.644780 32.640067 -3.084888 0.819692
Car -1 -1 -10 534.000000 156.000000 834.000000 332.000000 1.996653 1.741508 4.275340 0.579620 1.823439 10.002494 -2.134631 0.275970
Car -1 -1 -10 414.000000 178.000000 496.000000 212.000000 1.522856 1.593110 3.739463 -6.891141 1.807423 35.525375 -3.339813 0.260026
Car -1 -1 -10 982.000000 161.000000 1188.000000 229.000000 1.537306 1.683170 4.127920 10.964813 1.515800 16.889769 1.563025 0.170310
Car -1 -1 -10 854.000000 170.000000 935.000000 219.000000 1.528720 1.644209 3.909730 11.018388 1.307508 27.556779 1.401229 0.089446
Car -1 -1 -10 -1.000000 191.000000 42.000000 303.000000 1.540169 1.601471 3.825884 -11.190757 2.123711 12.708590 0.952462 0.022166
Car -1 -1 -10 685.000000 169.000000 874.000000 239.000000 1.475570 1.567672 3.745484 5.796252 1.368753 17.806273 1.900997 0.013017
