Car -1 -1 -10 238.000000 186.000000 446.000000 312.000000 1.485206 1.619649 3.945202 -3.731727 1.545493 10.691261 -1.558256 0.999674
Car -1 -1 -10 699.000000 189.000000 807.000000 265.000000 1.440089 1.566603 3.576648 2.920807 1.511462 15.248841 -1.587799 0.999537
Car -1 -1 -10 650.000000 182.000000 703.000000 221.000000 1.476965 1.633002 3.953519 2.761535 1.366718 30.077445 -1.590968 0.999250
Car -1 -1 -10 434.000000 182.000000 514.000000 240.000000 1.538590 1.599298 3.640253 -3.830611 1.465079 20.909852 -1.555437 0.998883
Car -1 -1 -10 3.000000 176.000000 188.000000 310.000000 1.593692 1.652104 3.971806 -8.226797 1.627620 10.350088 -1.588657 0.974715
Car -1 -1 -10 480.000000 184.000000 534.000000 223.000000 1.563273 1.665390 4.139530 -4.092822 1.421953 29.332830 -1.575140 0.936026
Car -1 -1 -10 384.000000 183.000000 441.000000 220.000000 1.484619 1.586992 3.769759 -8.366750 1.444986 30.764867 -1.555387 0.608622
Car -1 -1 -10 -2.000000 142.000000 110.000000 249.000000 1.493040 1.595795 3.756173 -12.332862 1.118741 14.337293 1.505119 0.360932
Car -1 -1 -10 502.000000 182.000000 539.000000 212.000000 1.522962 1.574042 3.683640 -4.435675 1.842293 30.614305 1.992615 0.111112
Car -1 -1 -10 432.000000 182.000000 478.000000 217.000000 1.484162 1.633018 3.818367 -8.460443 1.283513 40.214711 -1.047202 0.070321
Car -1 -1 -10 273.000000 187.000000 359.000000 219.000000 1.570291 1.584869 3.695500 -13.298554 0.966472 30.618316 1.286519 0.062622
