Pedestrian -1 -1 -10 719.000000 185.000000 732.000000 222.000000 1.787807 0.765913 0.869698 4.799472 2.317149 29.521373 2.205551 0.875913
Pedestrian -1 -1 -10 708.000000 173.000000 727.000000 222.000000 1.705730 0.637387 0.631260 4.599419 1.871679 29.496786 -1.939476 0.106898
Pedestrian -1 -1 -10 715.000000 187.000000 741.000000 228.000000 1.789589 0.734735 0.864586 4.729680 2.298207 29.525706 2.247785 0.088226
Pedestrian -1 -1 -10 706.000000 175.000000 714.000000 217.000000 1.777507 0.605769 0.658735 5.485196 1.958846 39.732189 -1.432576 0.073192
Pedestrian -1 -1 -10 725.000000 189.000000 746.000000 224.000000 1.758446 0.628782 0.711805 4.775683 2.256763 29.478535 -1.911960 0.048108
Pedestrian -1 -1 -10 717.000000 183.000000 727.000000 220.000000 1.733021 0.624789 0.705011 4.702995 2.060078 29.548888 -0.865015 0.038076
Pedestrian -1 -1 -10 735.000000 191.000000 747.000000 224.000000 1.582585 0.515485 0.671335 5.366587 1.989705 29.012086 2.721355 0.017106
Car -1 -1 -10 699.000000 192.000000 833.000000 285.000000 1.471603 1.603409 3.762266 2.674565 1.810809 13.112766 -1.551651 0.999519
Car -1 -1 -10 524.000000 184.000000 573.000000 222.000000 1.544355 1.718318 4.262171 -2.564181 2.010269 30.461325 1.573520 0.999183
Car -1 -1 -10 657.000000 184.000000 714.000000 231.000000 1.460051 1.632339 3.949117 2.620898 1.939935 25.948306 1.550040 0.997587
Car -1 -1 -10 561.000000 184.000000 587.000000 209.000000 1.566993 1.609822 3.731025 -2.321426 2.263298 45.724352 1.534075 0.975265
Car -1 -1 -10 0.000000 207.000000 398.000000 375.000000 1.510507 1.639242 3.986179 -2.644290 1.769599 3.805956 1.543569 0.967939
Car -1 -1 -10 644.000000 181.000000 674.000000 209.000000 1.562742 1.643334 3.817180 3.152883 2.246876 45.602370 0.086277 0.141015
Car -1 -1 -10 544.000000 184.000000 580.000000 214.000000 1.581224 1.618432 3.840306 -2.511473 2.285519 45.739615 1.510997 0.015205
Cyclist -1 -1 -10 718.000000 186.000000 737.000000 226.000000 1.697475 0.782049 1.792836 4.718697 2.009325 29.860126 -2.902911 0.029634
Cyclist -1 -1 -10 731.000000 192.000000 743.000000 224.000000 1.660005 0.530665 1.657010 5.273908 2.027205 30.025395 1.731059 0.021536
Cyclist -1 -1 -10 727.000000 189.000000 751.000000 225.000000 1.715850 0.648438 1.684755 5.072047 2.098771 29.012445 -1.939280 0.010781
