Pedestrian -1 -1 -10 256.000000 158.000000 301.000000 291.000000 1.712075 0.696028 0.665384 -4.670888 1.470791 9.955185 -1.526744 0.973693
Pedestrian -1 -1 -10 309.000000 165.000000 342.000000 293.000000 1.723359 0.587731 0.733937 -4.946035 1.510192 12.421468 -1.571238 0.791759
Pedestrian -1 -1 -10 269.000000 166.000000 367.000000 293.000000 1.704044 0.765581 0.611449 -5.069157 1.364164 12.263731 -1.558484 0.132875
Pedestrian -1 -1 -10 320.000000 173.000000 359.000000 283.000000 1.711251 0.560639 0.714773 -4.857626 1.351676 12.560421 -1.970764 0.043988
Pedestrian -1 -1 -10 293.000000 177.000000 465.000000 290.000000 1.709877 0.677514 0.704333 -2.939383 1.780388 9.901903 1.740803 0.037859
Pedestrian -1 -1 -10 289.000000 167.000000 326.000000 294.000000 1.804315 0.658361 0.644956 -4.482059 1.561337 10.191953 -2.415902 0.034187
Car -1 -1 -10 662.000000 174.000000 740.000000 232.000000 1.493772 1.621538 3.876797 2.415801 1.528888 19.932184 -1.595003 0.999210
Car -1 -1 -10 11.000000 187.000000 442.000000 374.000000 1.531005 1.624074 3.884569 -2.797801 1.699532 6.235684 -1.548713 0.997000
Car -1 -1 -10 523.000000 173.000000 563.000000 211.000000 1.575987 1.650840 3.914342 -3.097755 1.636286 33.536225 -1.639344 0.995570
Car -1 -1 -10 291.000000 182.000000 460.000000 283.000000 1.534802 1.678646 3.992277 -3.665021 1.736795 10.747582 1.515698 0.977056
Car -1 -1 -10 640.000000 173.000000 689.000000 210.000000 1.505066 1.606463 3.800807 2.339187 1.510955 32.275430 -1.677765 0.950230
Car -1 -1 -10 804.000000 178.000000 1252.000000 375.000000 1.506683 1.607587 3.876014 2.445609 1.631341 4.131312 -1.587038 0.942688
Car -1 -1 -10 633.000000 173.000000 670.000000 204.000000 1.497285 1.590489 3.762043 2.507136 1.531411 38.110792 -0.554941 0.209692
Car -1 -1 -10 547.000000 176.000000 570.000000 201.000000 1.536411 1.563184 3.556483 -2.683695 2.372722 46.761158 1.488029 0.063726
Car -1 -1 -10 0.000000 194.000000 216.000000 373.000000 1.505335 1.615338 3.841313 -2.767417 1.479782 1.465471 -1.588283 0.043319
Car -1 -1 -10 323.000000 175.000000 363.000000 287.000000 1.512479 1.578214 3.743969 -4.734283 0.979601 13.808477 1.185566 0.010540
Cyclist -1 -1 -10 300.000000 177.000000 440.000000 291.000000 1.745694 0.576287 1.667758 -3.357965 1.603258 10.390569 2.303434 0.215224
Cyclist -1 -1 -10 296.000000 168.000000 359.000000 288.000000 1.694948 0.576271 1.738599 -5.069020 1.214390 12.783665 -2.458821 0.073683
Cyclist -1 -1 -10 218.000000 166.000000 365.000000 295.000000 1.682855 0.384776 1.378520 -2.976569 1.554483 7.017713 -1.921701 0.055889
Cyclist -1 -1 -10 312.000000 167.000000 341.000000 295.000000 1.689383 0.673729 1.780856 -4.792762 1.236333 12.644146 0.613086 0.035164
