Pedestrian -1 -1 -10 667.000000 168.000000 675.000000 195.000000 1.870644 0.668898 0.896029 4.208429 1.737410 50.639854 1.216005 0.565001
Car -1 -1 -10 403.000000 180.000000 483.000000 234.000000 1.515626 1.545300 3.482399 -4.966010 1.718770 21.571342 1.615676 0.999413
Car -1 -1 -10 715.000000 179.000000 835.000000 251.000000 1.493013 1.645090 4.025404 3.652269 1.688723 16.987856 -1.600822 0.997162
Car -1 -1 -10 762.000000 181.000000 950.000000 303.000000 1.529545 1.608860 3.745202 3.549069 1.713508 11.393209 -1.568928 0.994696
Car -1 -1 -10 451.000000 178.000000 513.000000 221.000000 1.498263 1.639072 3.940270 -4.793253 1.694534 26.244675 1.619985 0.993422
Car -1 -1 -10 852.000000 192.000000 1238.000000 374.000000 1.519052 1.635493 3.935505 3.421379 1.704068 5.958801 -1.566077 0.989569
Car -1 -1 -10 704.000000 177.000000 771.000000 226.000000 1.510207 1.561787 3.552857 3.914544 1.708992 22.421176 -1.555834 0.981936
Car -1 -1 -10 3.000000 196.000000 230.000000 374.000000 1.432140 1.613448 3.912367 -4.874209 1.774450 5.867003 1.556028 0.929819
Car -1 -1 -10 1076.000000 175.000000 1200.000000 218.000000 1.444038 1.618544 3.872405 17.235795 1.443416 21.582430 -0.186004 0.076243
Car -1 -1 -10 1181.000000 170.000000 1240.000000 211.000000 1.583644 1.644028 3.815777 17.483075 0.997524 18.329378 1.277502 0.033555
