Pedestrian -1 -1 -10 547.000000 167.000000 555.000000 197.000000 1.691442 0.552304 0.707076 -1.347297 1.436973 13.207906 2.886687 0.039682
Car -1 -1 -10 682.000000 171.000000 851.000000 282.000000 1.493134 1.606545 3.928204 2.127945 1.453530 11.214745 -1.604772 0.999617
Car -1 -1 -10 37.000000 184.000000 257.000000 264.000000 1.508124 1.586067 3.875233 -9.402949 1.733736 14.823927 -3.131931 0.999552
Car -1 -1 -10 633.000000 170.000000 710.000000 221.000000 1.527323 1.619226 3.953864 1.996402 1.419400 23.697299 -1.692850 0.997907
Car -1 -1 -10 477.000000 170.000000 536.000000 223.000000 1.553089 1.640003 3.717256 -3.468178 1.550796 24.618767 -1.613998 0.997656
Car -1 -1 -10 6.000000 217.000000 148.000000 375.000000 1.524062 1.603943 3.875223 -3.691802 1.771996 2.598295 -1.615425 0.657429
Car -1 -1 -10 626.000000 169.000000 677.000000 209.000000 1.493289 1.601602 3.858589 1.654773 1.427431 29.739563 -1.591941 0.637640
Car -1 -1 -10 523.000000 173.000000 551.000000 204.000000 1.522684 1.547425 3.396727 -3.970600 1.567615 38.243907 -1.574450 0.552596
Car -1 -1 -10 619.000000 167.000000 658.000000 201.000000 1.745744 1.678510 4.053873 1.353431 1.340773 40.303922 -1.606570 0.482732
Car -1 -1 -10 0.000000 188.000000 71.000000 323.000000 1.522815 1.609173 3.808808 -3.412828 1.573884 2.347559 -1.652139 0.191919
Car -1 -1 -10 496.000000 169.000000 535.000000 203.000000 1.502974 1.649542 3.711715 -4.037271 1.232606 29.662265 -1.693214 0.056070
