Car -1 -1 -10 317.000000 180.000000 457.000000 272.000000 1.553316 1.620941 3.734411 -4.242928 1.515912 14.421788 -1.557843 0.999318
Car -1 -1 -10 579.000000 172.000000 654.000000 244.000000 1.558202 1.670208 3.682442 0.157861 1.369653 18.220035 -1.566741 0.999232
Car -1 -1 -10 137.000000 186.000000 300.000000 264.000000 1.472675 1.622835 3.984552 -8.494814 1.533246 16.025993 -1.579620 0.999151
Car -1 -1 -10 447.000000 183.000000 506.000000 224.000000 1.439266 1.590392 3.763150 -4.805582 1.371509 26.364051 -1.575571 0.997665
Car -1 -1 -10 487.000000 180.000000 535.000000 212.000000 1.554839 1.638678 4.018257 -4.583071 1.260573 34.376670 -1.587747 0.996437
Car -1 -1 -10 -1.000000 187.000000 223.000000 375.000000 1.550523 1.647570 3.858371 -3.750630 1.723077 3.550879 -1.556289 0.832938
Car -1 -1 -10 260.000000 182.000000 338.000000 220.000000 1.535936 1.593325 3.772418 -12.973070 1.422104 30.326051 -1.579068 0.610718
Car -1 -1 -10 3.000000 183.000000 63.000000 212.000000 1.530731 1.617097 3.765170 -29.162561 1.858945 34.708405 0.407890 0.116831
Car -1 -1 -10 593.000000 169.000000 646.000000 216.000000 1.566380 1.665869 3.592025 0.125450 1.071807 17.397464 1.029289 0.038734
Car -1 -1 -10 612.000000 177.000000 653.000000 205.000000 1.575856 1.654748 3.584684 0.437007 1.140058 17.581558 1.616062 0.014596
