Pedestrian -1 -1 -10 734.000000 178.000000 816.000000 242.000000 1.713355 0.681625 0.752965 3.698846 1.827964 18.555291 0.268497 0.018777
Car -1 -1 -10 828.000000 189.000000 1128.000000 364.000000 1.489986 1.636189 4.060263 4.030391 1.793351 8.654787 1.600428 0.999412
Car -1 -1 -10 757.000000 185.000000 889.000000 269.000000 1.483354 1.602638 3.944189 3.970458 1.765513 14.680488 -1.477203 0.995980
Car -1 -1 -10 544.000000 168.000000 591.000000 204.000000 1.564502 1.655248 3.918861 -1.923570 1.369191 32.457272 1.585561 0.995638
Car -1 -1 -10 732.000000 179.000000 815.000000 239.000000 1.496683 1.549948 3.401620 4.348457 1.760798 19.996537 -1.559263 0.982002
Car -1 -1 -10 711.000000 175.000000 766.000000 222.000000 1.555002 1.602242 3.666566 4.530552 1.681843 26.667355 -1.544146 0.967476
Car -1 -1 -10 691.000000 174.000000 739.000000 211.000000 1.514499 1.561613 3.563368 4.325969 1.563132 31.137054 -1.547421 0.897087
Car -1 -1 -10 467.000000 169.000000 547.000000 249.000000 1.518627 1.617501 3.920347 -2.502358 1.486561 16.479249 1.609064 0.696162
Car -1 -1 -10 1135.000000 229.000000 1241.000000 370.000000 1.492089 1.562981 3.724286 3.469765 1.690329 1.960847 -1.577077 0.378313
Car -1 -1 -10 683.000000 174.000000 719.000000 204.000000 1.501106 1.619801 3.940388 4.619433 1.443820 37.025391 -1.517112 0.310700
Car -1 -1 -10 339.000000 143.000000 527.000000 305.000000 1.876844 1.705095 4.254688 -2.427887 1.569405 11.160764 -1.619149 0.270332
