Pedestrian -1 -1 -10 746.000000 195.000000 773.000000 271.000000 1.723353 0.592001 0.767912 2.582917 1.794541 11.978921 -0.870415 0.054904
Car -1 -1 -10 244.000000 190.000000 458.000000 337.000000 1.575679 1.540446 3.493035 -3.127682 1.826960 9.461247 1.584864 0.999287
Car -1 -1 -10 852.000000 199.000000 1248.000000 377.000000 1.422175 1.584074 3.797653 3.711698 1.691376 6.805974 -1.514083 0.997848
Car -1 -1 -10 757.000000 172.000000 902.000000 290.000000 1.619180 1.628502 3.661694 3.341954 1.705780 12.164893 -1.587769 0.997674
Car -1 -1 -10 680.000000 178.000000 750.000000 228.000000 1.472074 1.620621 3.988022 3.416199 1.684846 24.845664 -1.502188 0.987182
Car -1 -1 -10 709.000000 176.000000 820.000000 250.000000 1.512477 1.578297 3.825041 3.836877 1.693131 19.156788 1.374199 0.981028
Car -1 -1 -10 544.000000 176.000000 580.000000 202.000000 1.557685 1.645525 3.999679 -2.858585 1.743723 42.635214 1.546341 0.966886
Car -1 -1 -10 465.000000 166.000000 552.000000 240.000000 1.809826 1.689970 4.089463 -2.982784 1.783393 20.947878 -1.599674 0.958493
Car -1 -1 -10 2.000000 206.000000 261.000000 374.000000 1.541734 1.680851 4.020564 -3.360045 1.732107 3.231767 1.537856 0.950519
Car -1 -1 -10 675.000000 177.000000 722.000000 216.000000 1.503357 1.576217 3.654548 3.687817 1.640071 30.249877 -1.557981 0.684693
