Car -1 -1 -10 739.000000 197.000000 1003.000000 348.000000 1.439126 1.587568 3.787816 2.751765 1.778277 8.690739 -1.687019 0.999709
Car -1 -1 -10 419.000000 189.000000 464.000000 222.000000 1.574132 1.673022 3.812061 -8.931643 2.506897 38.479039 1.523743 0.999474
Car -1 -1 -10 606.000000 187.000000 669.000000 235.000000 1.400827 1.620813 3.903283 0.780561 1.948798 23.932076 -1.648698 0.998960
Car -1 -1 -10 2.000000 213.000000 259.000000 372.000000 1.499700 1.596485 3.769139 -5.729785 2.083678 8.590098 1.422197 0.996578
Car -1 -1 -10 592.000000 186.000000 645.000000 226.000000 1.468854 1.623169 3.973453 0.165877 1.986695 29.708101 -1.667437 0.994506
Car -1 -1 -10 748.000000 175.000000 858.000000 213.000000 1.541923 1.672317 4.083536 8.008687 1.625285 29.985091 -2.525510 0.944280
Car -1 -1 -10 815.000000 170.000000 952.000000 222.000000 1.527296 1.625636 3.928314 8.991303 1.481801 23.787163 -2.600535 0.912818
Car -1 -1 -10 440.000000 188.000000 476.000000 216.000000 1.513259 1.661858 3.938011 -9.186079 2.560997 43.742295 1.476847 0.850823
Car -1 -1 -10 221.000000 194.000000 290.000000 220.000000 1.439157 1.566644 3.447093 -9.213450 1.649049 18.542862 1.978814 0.847017
Car -1 -1 -10 1179.000000 168.000000 1242.000000 253.000000 1.464079 1.566882 3.926534 11.076608 1.359482 12.427678 2.163361 0.123139
Car -1 -1 -10 0.000000 233.000000 93.000000 375.000000 1.490606 1.603500 3.849083 -5.736521 1.947819 4.629556 -1.763010 0.073149
Cyclist -1 -1 -10 805.000000 168.000000 960.000000 225.000000 1.751294 0.615781 1.815876 8.501841 1.542981 23.050604 0.446929 0.013879
