Car -1 -1 -10 673.000000 184.000000 757.000000 243.000000 1.340147 1.599558 3.860833 2.590167 1.646888 18.678586 -1.573367 0.999663
Car -1 -1 -10 86.000000 178.000000 404.000000 278.000000 1.534221 1.661367 4.186485 -6.193403 1.673139 12.538636 0.020884 0.999385
Car -1 -1 -10 371.000000 176.000000 507.000000 221.000000 1.480277 1.600565 4.079737 -5.714732 1.816701 25.884708 0.372862 0.997755
Car -1 -1 -10 552.000000 176.000000 583.000000 201.000000 1.481603 1.584675 3.553874 -2.473164 1.718488 42.664670 1.609194 0.996959
Car -1 -1 -10 660.000000 179.000000 706.000000 216.000000 1.438192 1.604498 3.859626 2.768288 1.627010 28.086159 -1.579891 0.957482
Car -1 -1 -10 283.000000 175.000000 483.000000 232.000000 1.549034 1.627753 4.127436 -6.334583 1.492072 20.009409 0.078380 0.653092
Car -1 -1 -10 3.000000 202.000000 124.000000 370.000000 1.474153 1.597785 3.885911 -6.835214 1.708906 6.549099 -3.114589 0.529438
Car -1 -1 -10 639.000000 172.000000 669.000000 197.000000 1.526997 1.601816 3.466010 2.882749 1.584559 46.287474 -1.579581 0.335180
Car -1 -1 -10 426.000000 175.000000 516.000000 211.000000 1.489681 1.568352 3.647598 -6.838426 1.406736 33.374443 0.801508 0.249842
Car -1 -1 -10 483.000000 174.000000 548.000000 199.000000 1.525466 1.642297 3.957783 -6.247641 1.659801 49.880422 -3.246037 0.187880
Car -1 -1 -10 219.000000 178.000000 423.000000 253.000000 1.621561 1.609979 3.811443 -6.934157 1.615336 16.004044 -3.193359 0.154900
