Pedestrian -1 -1 -10 826.000000 173.000000 846.000000 224.000000 1.694578 0.632441 0.673923 10.766830 1.870595 33.324599 -0.710196 0.024593
Pedestrian -1 -1 -10 817.000000 172.000000 835.000000 227.000000 1.742002 0.656152 0.734124 10.574710 1.970563 34.510061 2.700758 0.010922
Car -1 -1 -10 324.000000 188.000000 454.000000 264.000000 1.498338 1.627196 4.023261 -4.762887 1.836594 15.931656 1.582913 0.999256
Car -1 -1 -10 484.000000 180.000000 534.000000 216.000000 1.473040 1.570159 3.567934 -4.402784 1.860399 31.817687 1.621687 0.998998
Car -1 -1 -10 761.000000 186.000000 979.000000 305.000000 1.488456 1.646340 4.104189 3.533275 1.660550 10.888296 -1.583829 0.998329
Car -1 -1 -10 145.000000 192.000000 384.000000 320.000000 1.504232 1.610294 3.790765 -4.775511 1.832331 10.537904 1.571617 0.998092
Car -1 -1 -10 727.000000 182.000000 845.000000 259.000000 1.486718 1.637077 3.815426 3.651332 1.742150 15.868648 -1.558692 0.995887
Car -1 -1 -10 886.000000 194.000000 1242.000000 373.000000 1.470033 1.615148 3.871010 3.680952 1.660836 5.706940 -1.548802 0.990621
Car -1 -1 -10 707.000000 179.000000 783.000000 236.000000 1.476513 1.609642 3.762680 3.990185 1.727823 21.525626 -1.529658 0.989399
Car -1 -1 -10 510.000000 179.000000 551.000000 210.000000 1.495663 1.647343 4.120625 -4.161377 1.856389 36.393274 1.643757 0.963900
Car -1 -1 -10 690.000000 178.000000 743.000000 222.000000 1.544150 1.574823 3.520503 3.957458 1.821813 26.909071 -1.595273 0.944339
Car -1 -1 -10 0.000000 203.000000 191.000000 378.000000 1.476353 1.596275 3.873488 -4.788183 1.856292 4.781779 1.584466 0.868945
Car -1 -1 -10 1030.000000 172.000000 1162.000000 231.000000 1.592485 1.638630 4.026188 13.981900 1.516130 20.555816 -1.905905 0.276283
Car -1 -1 -10 951.000000 175.000000 1038.000000 209.000000 1.539250 1.652346 3.728375 17.356884 1.912916 32.364734 -1.073173 0.230292
Car -1 -1 -10 1128.000000 176.000000 1241.000000 236.000000 1.469448 1.643068 3.793900 18.144235 1.749354 21.667804 1.428150 0.115274
Car -1 -1 -10 878.000000 181.000000 927.000000 217.000000 1.526809 1.716276 3.989337 12.458388 1.497759 28.249011 1.404139 0.025476
Cyclist -1 -1 -10 827.000000 177.000000 846.000000 224.000000 1.659219 0.505713 1.637495 10.835459 1.748101 33.639977 -1.712561 0.106028
Cyclist -1 -1 -10 814.000000 174.000000 856.000000 222.000000 1.629766 0.439451 1.477363 4.481186 1.289239 14.906210 -1.292748 0.026108
