Pedestrian -1 -1 -10 553.000000 161.000000 583.000000 224.000000 1.731403 0.594421 0.704730 -1.125804 1.112070 20.782147 0.480865 0.992310
Pedestrian -1 -1 -10 252.000000 169.000000 276.000000 236.000000 1.811759 0.673496 1.064023 -9.399819 1.630321 19.498309 -3.030236 0.910042
Pedestrian -1 -1 -10 216.000000 178.000000 235.000000 233.000000 1.780797 0.530664 0.748991 -12.145427 1.742058 22.732079 0.182886 0.659640
Pedestrian -1 -1 -10 365.000000 162.000000 384.000000 219.000000 1.769331 0.493298 0.752511 -6.871371 1.139743 20.855110 2.207077 0.517981
Pedestrian -1 -1 -10 270.000000 173.000000 302.000000 239.000000 1.765296 0.683272 0.648023 -9.572782 1.593796 21.271717 0.167637 0.389812
Pedestrian -1 -1 -10 408.000000 159.000000 428.000000 226.000000 1.753232 0.616683 0.604077 -4.882821 1.116477 18.259953 0.752205 0.179970
Pedestrian -1 -1 -10 853.000000 154.000000 872.000000 197.000000 1.779360 0.646962 0.972575 10.428637 0.660253 28.757750 -1.304694 0.143372
Pedestrian -1 -1 -10 259.000000 172.000000 329.000000 239.000000 1.807004 0.706546 0.815601 -9.502943 1.729868 21.194650 2.686372 0.052937
Car -1 -1 -10 362.000000 179.000000 495.000000 266.000000 1.475028 1.614520 3.773809 -3.302455 1.442675 13.691828 -1.576006 0.999532
Car -1 -1 -10 1102.000000 141.000000 1220.000000 184.000000 1.629432 1.626032 3.806077 23.886444 0.124386 29.550095 0.096206 0.145365
Car -1 -1 -10 398.000000 175.000000 450.000000 219.000000 1.526304 1.537698 3.611184 -6.568262 0.906252 24.531830 1.372341 0.048993
Car -1 -1 -10 1016.000000 137.000000 1123.000000 200.000000 1.591496 1.588313 3.684221 11.182704 0.557832 17.576271 0.238955 0.019805
Cyclist -1 -1 -10 943.000000 140.000000 1011.000000 203.000000 1.756630 0.500275 1.764853 11.485146 0.640639 22.014338 -0.624035 0.997824
Cyclist -1 -1 -10 268.000000 170.000000 355.000000 240.000000 1.708586 0.559653 1.746120 -7.341038 1.416876 18.078316 -0.529301 0.996985
Cyclist -1 -1 -10 758.000000 155.000000 802.000000 198.000000 1.727967 0.604691 1.721885 7.890281 0.634642 31.808082 -0.226788 0.996238
Cyclist -1 -1 -10 853.000000 154.000000 873.000000 197.000000 1.768370 0.573513 1.826552 10.461361 0.685423 28.859944 -1.119662 0.946324
Cyclist -1 -1 -10 268.000000 174.000000 304.000000 240.000000 1.719833 0.611348 1.719854 -9.586455 1.578646 21.068687 0.536855 0.864609
Cyclist -1 -1 -10 1019.000000 135.000000 1119.000000 208.000000 1.709927 0.577005 1.758709 10.761324 0.653527 16.718811 3.320137 0.739049
Cyclist -1 -1 -10 255.000000 171.000000 282.000000 236.000000 1.802958 0.651386 1.773803 -9.524428 1.609737 19.500962 -2.895658 0.126620
Cyclist -1 -1 -10 294.000000 170.000000 337.000000 230.000000 1.695652 0.592351 1.756144 -7.415323 1.369572 17.990251 -0.829948 0.054025
Cyclist -1 -1 -10 363.000000 162.000000 387.000000 222.000000 1.734847 0.502457 1.709164 -6.721479 1.087554 20.784352 -2.263324 0.028157
Cyclist -1 -1 -10 404.000000 168.000000 439.000000 217.000000 1.642785 0.637493 1.703729 -4.956740 1.024320 18.500468 1.345963 0.022872
Cyclist -1 -1 -10 385.000000 175.000000 415.000000 214.000000 1.731857 0.644758 1.710786 -6.365920 1.008071 20.240463 2.310186 0.013321
Cyclist -1 -1 -10 409.000000 158.000000 428.000000 227.000000 1.695926 0.701072 1.734675 -4.654810 0.903275 18.422820 0.704897 0.010328
