Car -1 -1 -10 748.000000 177.000000 1025.000000 364.000000 1.517774 1.624126 3.763777 2.743046 1.630766 8.092798 -1.590398 0.999398
Car -1 -1 -10 376.000000 197.000000 486.000000 279.000000 1.484669 1.608073 3.985456 -3.730041 1.970467 14.898797 1.559665 0.997411
Car -1 -1 -10 692.000000 181.000000 822.000000 272.000000 1.437934 1.621635 3.988771 2.668015 1.644765 13.939401 -1.576172 0.994588
Car -1 -1 -10 174.000000 200.000000 432.000000 362.000000 1.496726 1.624041 3.881618 -3.583399 1.921849 9.207998 1.541778 0.992365
Car -1 -1 -10 920.000000 191.000000 1250.000000 376.000000 1.499354 1.604722 3.791400 3.063827 1.673208 3.148513 -1.584664 0.991360
Car -1 -1 -10 678.000000 179.000000 755.000000 240.000000 1.451124 1.608101 3.795913 2.916579 1.600270 19.966531 -1.587199 0.980425
Car -1 -1 -10 469.000000 187.000000 528.000000 233.000000 1.453944 1.573399 3.828258 -3.912708 1.980272 25.130933 1.576741 0.901581
Car -1 -1 -10 666.000000 178.000000 723.000000 228.000000 1.474746 1.588672 3.687819 2.872355 1.665645 25.644631 -1.567513 0.893468
Car -1 -1 -10 433.000000 188.000000 498.000000 250.000000 1.460300 1.580202 3.651517 -4.141960 1.980136 20.613365 1.546590 0.869237
Car -1 -1 -10 630.000000 178.000000 666.000000 204.000000 1.556764 1.604771 3.539727 3.001429 2.101459 46.825211 -1.540812 0.569432
Cyclist -1 -1 -10 892.000000 193.000000 1245.000000 377.000000 1.736256 0.746465 1.820447 2.381747 1.768345 3.621676 1.502068 0.012601
