Pedestrian -1 -1 -10 311.000000 179.000000 325.000000 217.000000 1.779930 0.533202 0.934568 -14.693511 1.896253 36.432626 0.230944 0.314824
Pedestrian -1 -1 -10 318.000000 179.000000 331.000000 216.000000 1.815635 0.613907 0.934256 -14.552842 1.880550 36.906562 0.276177 0.124795
Pedestrian -1 -1 -10 439.000000 169.000000 456.000000 210.000000 1.787393 0.553845 0.874174 -7.332913 1.258426 31.923207 0.299661 0.053824
Pedestrian -1 -1 -10 745.000000 156.000000 757.000000 188.000000 1.729459 0.579171 0.908207 6.568101 0.631095 31.523527 -0.333238 0.010359
Car -1 -1 -10 481.000000 176.000000 539.000000 217.000000 1.431607 1.610778 3.742096 -3.651264 1.257030 27.235327 -1.591129 0.999082
Car -1 -1 -10 951.000000 150.000000 1040.000000 179.000000 1.730076 1.699175 4.048941 23.941260 0.003484 43.681518 -0.522730 0.013285
Cyclist -1 -1 -10 332.000000 176.000000 376.000000 223.000000 1.766602 0.530241 1.843057 -9.903060 1.572825 27.862038 -1.329988 0.996012
Cyclist -1 -1 -10 670.000000 160.000000 716.000000 201.000000 1.725723 0.586906 1.767131 4.369026 0.809609 35.428726 0.009425 0.983456
Cyclist -1 -1 -10 735.000000 154.000000 780.000000 198.000000 1.658458 0.447958 1.389168 6.670633 1.401885 31.028173 3.232835 0.798975
Cyclist -1 -1 -10 586.000000 169.000000 617.000000 197.000000 1.742485 0.620128 1.793174 -0.296764 0.977124 42.546847 -0.544292 0.575748
