Pedestrian -1 -1 -10 926.000000 143.000000 1065.000000 371.000000 1.731947 0.659980 0.755854 2.391213 1.435881 4.431752 -1.584333 0.997120
Pedestrian -1 -1 -10 505.000000 161.000000 563.000000 295.000000 1.722447 0.763495 0.765486 -0.930265 1.519177 9.791942 1.663709 0.993658
Pedestrian -1 -1 -10 1157.000000 191.000000 1236.000000 360.000000 1.703309 0.606712 0.612200 4.801400 1.620689 5.913729 3.429068 0.753637
Pedestrian -1 -1 -10 755.000000 160.000000 769.000000 208.000000 1.742673 0.621879 0.779656 6.072112 0.939507 27.515359 -1.297064 0.564666
Pedestrian -1 -1 -10 1029.000000 190.000000 1106.000000 341.000000 1.685574 0.615697 0.633859 4.380877 1.658796 6.799813 3.543745 0.508513
Pedestrian -1 -1 -10 987.000000 176.000000 1091.000000 365.000000 1.769386 0.577614 0.672895 3.331565 1.600177 5.465001 -0.501831 0.207082
Pedestrian -1 -1 -10 919.000000 184.000000 949.000000 272.000000 1.669821 0.653041 0.688885 6.187565 1.162062 13.478570 -0.544570 0.079321
Pedestrian -1 -1 -10 1015.000000 179.000000 1061.000000 341.000000 1.738942 0.533546 0.824718 4.192931 1.760128 6.648663 3.045800 0.053294
Pedestrian -1 -1 -10 937.000000 167.000000 984.000000 336.000000 1.639152 0.574387 0.589590 2.226746 1.357155 4.372999 2.967586 0.012596
Car -1 -1 -10 303.000000 143.000000 531.000000 302.000000 1.845925 1.760473 4.125283 -2.525253 1.417924 10.719965 1.667838 0.817257
Car -1 -1 -10 500.000000 165.000000 567.000000 288.000000 1.604613 1.606130 3.362158 -0.673263 1.392588 10.705877 -0.121206 0.034516
Cyclist -1 -1 -10 1154.000000 193.000000 1238.000000 357.000000 1.619554 0.638405 1.680032 4.315379 1.791028 5.333009 1.707673 0.063281
Cyclist -1 -1 -10 505.000000 168.000000 570.000000 287.000000 1.709988 0.537849 1.712085 -1.028779 1.500460 9.763850 1.516955 0.018305
