Pedestrian -1 -1 -10 326.000000 180.000000 338.000000 215.000000 1.748894 0.549906 0.726928 -15.308730 1.862166 39.572736 -2.051691 0.189786
Pedestrian -1 -1 -10 333.000000 180.000000 345.000000 213.000000 1.744939 0.590687 0.811281 -14.919555 1.888338 39.694557 -0.313254 0.033222
Pedestrian -1 -1 -10 464.000000 170.000000 476.000000 203.000000 1.726322 0.636346 0.771493 -7.021263 1.021323 36.263322 -2.303713 0.015686
Pedestrian -1 -1 -10 571.000000 168.000000 588.000000 195.000000 1.822078 0.631536 0.822763 -1.712848 0.996427 44.903066 0.569376 0.012706
Car -1 -1 -10 494.000000 175.000000 543.000000 212.000000 1.484895 1.636741 3.823820 -3.724835 1.210289 30.516152 -1.569034 0.997939
Car -1 -1 -10 1099.000000 134.000000 1224.000000 203.000000 1.593770 1.663755 4.062947 13.730456 0.423912 16.413332 3.157153 0.128830
Car -1 -1 -10 922.000000 151.000000 1006.000000 176.000000 1.607072 1.575127 3.787692 23.225229 -0.170745 46.513777 3.149668 0.011595
Cyclist -1 -1 -10 347.000000 175.000000 381.000000 220.000000 1.756934 0.473484 1.826597 -10.189138 1.600634 30.039996 -1.469659 0.982211
Cyclist -1 -1 -10 642.000000 162.000000 679.000000 199.000000 1.736229 0.724540 1.853638 2.879555 0.911320 38.453270 -0.013019 0.957033
Cyclist -1 -1 -10 704.000000 160.000000 745.000000 195.000000 1.675171 0.764072 1.851134 5.778518 0.687165 34.855281 0.359585 0.925788
