Pedestrian -1 -1 -10 272.000000 140.000000 393.000000 373.000000 1.740440 0.607506 0.953349 -1.896537 1.450917 4.768539 2.720647 0.997896
Pedestrian -1 -1 -10 1.000000 170.000000 91.000000 373.000000 1.749837 0.676436 0.804208 -3.498494 1.742432 4.265994 -2.813978 0.572822
Pedestrian -1 -1 -10 289.000000 170.000000 315.000000 225.000000 1.732150 0.597623 0.859987 -9.885439 1.312776 23.522119 -3.005440 0.222806
Pedestrian -1 -1 -10 294.000000 172.000000 306.000000 221.000000 1.738019 0.603882 0.745157 -9.909448 1.327611 23.505986 -3.021217 0.114613
Pedestrian -1 -1 -10 287.000000 159.000000 319.000000 257.000000 1.773487 0.581363 0.508134 -5.321664 1.955988 12.784399 -1.925209 0.071783
Pedestrian -1 -1 -10 299.000000 173.000000 310.000000 219.000000 1.761327 0.649136 0.764947 -9.828868 1.331894 23.506657 -2.965916 0.051239
Pedestrian -1 -1 -10 280.000000 156.000000 358.000000 307.000000 1.687279 0.548215 0.668622 -1.761771 1.218241 4.744819 -2.564844 0.017922
Pedestrian -1 -1 -10 300.000000 172.000000 326.000000 215.000000 1.764144 0.620292 0.756901 -10.065765 1.453771 24.267616 1.202936 0.011576
Car -1 -1 -10 359.000000 187.000000 644.000000 314.000000 1.492955 1.604703 3.812210 -1.340874 1.597837 9.630541 -0.228804 0.999213
Car -1 -1 -10 272.000000 152.000000 401.000000 370.000000 1.573801 1.608061 3.247192 -2.206173 1.258492 5.240850 -0.879000 0.010399
Cyclist -1 -1 -10 1.000000 173.000000 92.000000 374.000000 1.707000 0.733605 1.839434 -3.720174 1.617068 4.209719 -3.740731 0.082145
Cyclist -1 -1 -10 290.000000 171.000000 318.000000 229.000000 1.743293 0.539787 1.718287 -10.009677 1.295589 23.539275 -1.915247 0.051365
Cyclist -1 -1 -10 262.000000 147.000000 393.000000 373.000000 1.745645 0.569099 1.732786 -1.935641 1.466059 4.824029 2.289587 0.021660
Cyclist -1 -1 -10 284.000000 162.000000 323.000000 262.000000 1.673070 0.603043 1.689208 -5.441700 1.686129 12.978209 0.594809 0.017348
