Car -1 -1 -10 684.000000 187.000000 761.000000 242.000000 1.450830 1.579266 3.562387 3.135596 1.839181 20.816406 -1.605276 0.996675
Car -1 -1 -10 37.000000 184.000000 368.000000 289.000000 1.503444 1.662447 3.835821 -6.673081 1.765660 11.270695 -3.196183 0.995963
Car -1 -1 -10 290.000000 180.000000 473.000000 246.000000 1.520963 1.607700 4.115960 -5.970960 1.759933 18.825136 0.111414 0.985864
Car -1 -1 -10 179.000000 183.000000 420.000000 266.000000 1.586592 1.614460 4.061886 -6.277206 1.812993 15.112739 -3.353054 0.949503
Car -1 -1 -10 792.000000 178.000000 1141.000000 378.000000 1.577137 1.626604 3.744782 3.163093 1.677553 7.311228 -1.586622 0.915016
Car -1 -1 -10 405.000000 179.000000 513.000000 222.000000 1.513443 1.623184 3.817081 -5.294624 1.652618 26.920720 -1.360443 0.709993
Car -1 -1 -10 1031.000000 206.000000 1242.000000 374.000000 1.528446 1.604936 3.719669 3.122886 1.597809 2.367248 -1.538332 0.674226
Car -1 -1 -10 723.000000 185.000000 840.000000 222.000000 1.488968 1.620072 3.922832 7.052944 1.999856 28.198154 3.134121 0.633843
Car -1 -1 -10 2.000000 202.000000 112.000000 379.000000 1.516384 1.640298 4.063789 -6.622695 1.690187 5.675557 -3.221295 0.388883
Car -1 -1 -10 439.000000 180.000000 524.000000 210.000000 1.566536 1.584949 3.795130 -6.355871 1.911893 34.900574 -0.119909 0.145233
Cyclist -1 -1 -10 1019.000000 189.000000 1245.000000 375.000000 1.687514 0.534033 1.666188 2.536262 1.731474 3.111350 -1.429462 0.018450
