Car -1 -1 -10 760.000000 184.000000 1075.000000 372.000000 1.478850 1.627922 3.990957 2.766610 1.583544 7.578682 -1.575838 0.999697
Car -1 -1 -10 653.000000 173.000000 698.000000 207.000000 1.467096 1.572000 3.470176 2.687309 1.497293 30.271235 -1.571278 0.999051
Car -1 -1 -10 682.000000 164.000000 780.000000 247.000000 1.621821 1.595163 3.902694 2.732662 1.506396 16.807062 -1.617809 0.986778
Car -1 -1 -10 383.000000 169.000000 512.000000 211.000000 1.510117 1.573391 4.083989 -6.000860 1.462274 27.662991 0.181296 0.986209
Car -1 -1 -10 185.000000 173.000000 432.000000 251.000000 1.586686 1.634073 4.017865 -6.118247 1.633049 15.377298 0.087272 0.968217
Car -1 -1 -10 992.000000 212.000000 1247.000000 374.000000 1.544237 1.616266 3.818017 2.724047 1.587285 1.689846 -1.593829 0.688036
Car -1 -1 -10 432.000000 167.000000 522.000000 201.000000 1.567111 1.603513 4.080169 -6.272837 1.356321 33.121579 0.104548 0.405305
Car -1 -1 -10 -4.000000 172.000000 316.000000 276.000000 1.661875 1.684600 4.133338 -7.436348 1.608486 11.219276 -3.098320 0.146805
Car -1 -1 -10 313.000000 169.000000 470.000000 229.000000 1.735987 1.663584 4.001410 -6.959225 1.424261 20.423260 -3.169940 0.050605
Car -1 -1 -10 149.000000 181.000000 361.000000 277.000000 1.517189 1.631747 3.960155 -6.756846 1.754191 12.599811 -2.064198 0.035172
Car -1 -1 -10 3.000000 175.000000 148.000000 230.000000 1.436808 1.619175 3.918408 -13.645602 0.980811 17.483007 1.440080 0.029544
