Pedestrian -1 -1 -10 893.000000 134.000000 975.000000 298.000000 1.794254 0.656032 0.976427 3.886371 1.295354 8.419957 -1.782487 0.998177
Pedestrian -1 -1 -10 477.000000 157.000000 545.000000 312.000000 1.708814 0.659678 0.955775 -1.201187 1.494803 8.132222 -2.757795 0.985842
Pedestrian -1 -1 -10 502.000000 167.000000 556.000000 286.000000 1.635496 0.577881 0.660410 -0.970006 1.468359 10.448647 2.561952 0.918769
Pedestrian -1 -1 -10 1148.000000 137.000000 1228.000000 309.000000 1.688794 0.611511 0.638199 6.168750 1.265856 7.546339 3.392962 0.671399
Pedestrian -1 -1 -10 688.000000 172.000000 715.000000 233.000000 1.744437 0.630898 0.697303 2.464625 1.354714 17.952983 3.199425 0.275560
Pedestrian -1 -1 -10 718.000000 173.000000 740.000000 221.000000 1.759271 0.681215 0.656108 3.007979 1.428018 17.385460 -2.021464 0.176718
Pedestrian -1 -1 -10 573.000000 163.000000 591.000000 222.000000 1.723056 0.608732 0.790782 -0.605596 1.177981 21.386939 -1.663434 0.171824
Pedestrian -1 -1 -10 384.000000 150.000000 393.000000 193.000000 1.669585 0.568428 0.644432 -6.397528 0.891126 21.105362 0.288336 0.168623
Pedestrian -1 -1 -10 510.000000 167.000000 535.000000 250.000000 1.719796 0.553208 0.713253 -1.939901 1.273354 17.265426 2.519127 0.050185
Pedestrian -1 -1 -10 631.000000 161.000000 648.000000 199.000000 1.737785 0.628498 0.544074 1.453757 0.636650 28.214877 -2.060089 0.049644
Pedestrian -1 -1 -10 386.000000 151.000000 402.000000 202.000000 1.754909 0.570422 0.499808 -5.466859 1.076709 18.529571 -1.901594 0.034223
Pedestrian -1 -1 -10 477.000000 162.000000 513.000000 242.000000 1.779915 0.544258 0.699374 -2.165109 1.329825 13.289178 0.003151 0.025322
Pedestrian -1 -1 -10 598.000000 164.000000 617.000000 224.000000 1.763343 0.663135 0.947515 0.139527 1.187679 21.291227 1.682466 0.024765
Pedestrian -1 -1 -10 432.000000 157.000000 517.000000 223.000000 1.776669 0.666174 0.755926 -4.551147 1.329944 25.819171 -2.225843 0.017935
Pedestrian -1 -1 -10 503.000000 166.000000 526.000000 224.000000 1.569072 0.532312 0.641288 -2.044576 0.732153 17.435076 -1.675787 0.015180
Pedestrian -1 -1 -10 670.000000 172.000000 686.000000 211.000000 1.705730 0.637387 0.631260 3.048335 1.719575 25.884451 -1.980369 0.013756
Pedestrian -1 -1 -10 1205.000000 126.000000 1231.000000 182.000000 1.755406 0.675331 0.687658 9.783214 0.675581 11.420752 -0.961931 0.013452
Pedestrian -1 -1 -10 930.000000 157.000000 972.000000 225.000000 1.810314 0.538519 0.810771 7.843258 1.190898 15.671275 1.094124 0.011609
Car -1 -1 -10 3.000000 151.000000 429.000000 374.000000 1.647256 1.675556 4.111000 -2.719650 1.462844 5.556317 1.544095 0.982665
Car -1 -1 -10 374.000000 156.000000 469.000000 230.000000 1.945810 1.770903 4.259957 -5.038770 1.244373 21.044701 1.518384 0.908234
Car -1 -1 -10 405.000000 159.000000 498.000000 219.000000 1.754994 1.609933 3.624840 -5.145113 1.239649 24.215884 -1.626857 0.066118
Car -1 -1 -10 246.000000 164.000000 418.000000 276.000000 1.518375 1.609645 4.021670 -6.027791 1.273204 16.163237 -1.024564 0.010102
Cyclist -1 -1 -10 496.000000 171.000000 541.000000 255.000000 1.732147 0.571531 1.565585 -2.154429 1.184469 18.142874 -1.670007 0.033347
Cyclist -1 -1 -10 474.000000 160.000000 546.000000 307.000000 1.739092 0.670309 1.795169 -1.331461 1.506689 8.161624 -2.615605 0.027162
Cyclist -1 -1 -10 503.000000 167.000000 558.000000 288.000000 1.729525 0.622695 1.764400 -1.076510 1.509665 10.379564 -1.652288 0.020772
Cyclist -1 -1 -10 503.000000 166.000000 526.000000 224.000000 1.659291 0.473377 1.549831 -1.115343 0.996172 8.091845 -1.759678 0.014499
Cyclist -1 -1 -10 1142.000000 135.000000 1229.000000 306.000000 1.709674 0.528860 1.795494 6.049779 1.235333 7.483156 2.687374 0.010598
