Pedestrian -1 -1 -10 423.000000 172.000000 439.000000 244.000000 1.776557 0.671848 0.589541 -4.215909 1.725682 16.744996 -1.825290 0.606976
Pedestrian -1 -1 -10 434.000000 172.000000 454.000000 250.000000 1.790372 0.810270 0.621901 -4.575954 1.616637 19.220024 -1.483948 0.526876
Pedestrian -1 -1 -10 415.000000 174.000000 465.000000 245.000000 1.781423 0.795087 0.510818 -4.562049 1.692072 18.986820 -1.834050 0.197207
Pedestrian -1 -1 -10 442.000000 178.000000 463.000000 251.000000 1.829413 0.772962 0.791177 -4.397668 1.852892 19.436846 2.316534 0.010741
Car -1 -1 -10 282.000000 185.000000 499.000000 333.000000 1.544814 1.638538 4.045393 -2.560585 1.701451 9.359106 -1.582831 0.998755
Car -1 -1 -10 666.000000 182.000000 717.000000 221.000000 1.448977 1.607506 3.793869 3.110650 1.742116 27.871478 -1.563138 0.998488
Car -1 -1 -10 753.000000 174.000000 1107.000000 376.000000 1.544087 1.621975 3.764239 2.466265 1.549554 6.618629 -1.561717 0.997849
Car -1 -1 -10 710.000000 182.000000 863.000000 293.000000 1.443418 1.601676 3.741093 2.743128 1.689674 12.015556 -1.562545 0.992894
Car -1 -1 -10 424.000000 185.000000 547.000000 273.000000 1.514798 1.643572 4.026665 -2.513876 1.774035 14.597324 -1.506392 0.992836
Car -1 -1 -10 559.000000 180.000000 592.000000 210.000000 1.604620 1.634775 4.026194 -2.007441 2.003793 41.849109 -1.632498 0.991816
Car -1 -1 -10 652.000000 181.000000 693.000000 210.000000 1.538044 1.664388 3.992120 3.442111 1.954169 40.810983 -1.633448 0.655319
Car -1 -1 -10 647.000000 180.000000 675.000000 206.000000 1.528691 1.552475 3.475461 2.544029 2.339459 43.362710 -1.507645 0.132967
Car -1 -1 -10 745.000000 179.000000 952.000000 338.000000 1.488973 1.617872 3.816187 2.482451 1.496991 6.518264 -1.565292 0.046647
Car -1 -1 -10 418.000000 180.000000 478.000000 257.000000 1.601498 1.556615 3.698101 -4.265587 1.438789 17.838106 0.812725 0.013782
Cyclist -1 -1 -10 416.000000 173.000000 437.000000 245.000000 1.742781 0.615665 1.597946 -4.280494 1.378118 17.625803 -1.816703 0.073155
Cyclist -1 -1 -10 407.000000 178.000000 465.000000 241.000000 1.733113 0.720091 1.760819 -4.612364 1.395621 18.642650 -0.076458 0.042015
Cyclist -1 -1 -10 369.000000 182.000000 453.000000 233.000000 1.643869 0.545329 1.608339 -4.721940 1.499658 17.655661 2.344756 0.032326
Cyclist -1 -1 -10 406.000000 178.000000 426.000000 240.000000 1.656640 0.447131 1.565162 -4.803443 1.339231 18.199761 0.297314 0.026247
Cyclist -1 -1 -10 426.000000 173.000000 442.000000 247.000000 1.746192 0.627022 1.582237 -4.322442 1.365528 17.262425 2.408952 0.024695
Cyclist -1 -1 -10 390.000000 180.000000 411.000000 238.000000 1.682895 0.483483 1.650335 -5.228277 1.306650 17.231041 -1.729468 0.015649
