Car -1 -1 -10 593.000000 192.000000 747.000000 283.000000 1.402418 1.573494 3.820526 0.811257 1.716603 12.905118 -1.858652 0.999880
Car -1 -1 -10 308.000000 186.000000 351.000000 217.000000 1.598340 1.663190 3.911200 -15.755909 2.362236 40.269371 1.312720 0.998979
Car -1 -1 -10 488.000000 183.000000 546.000000 224.000000 1.384770 1.624999 3.835610 -3.708303 1.849188 27.571121 -1.807018 0.998864
Car -1 -1 -10 40.000000 207.000000 217.000000 318.000000 1.518811 1.602053 3.825744 -7.512164 2.070601 11.422095 1.260067 0.992750
Car -1 -1 -10 478.000000 183.000000 524.000000 216.000000 1.522482 1.611707 3.964909 -5.345969 1.913497 33.403081 -1.840200 0.933334
Car -1 -1 -10 93.000000 192.000000 173.000000 220.000000 1.437827 1.567363 3.435940 -11.563935 1.813118 17.471298 1.838090 0.873119
Car -1 -1 -10 -2.000000 218.000000 141.000000 370.000000 1.418284 1.607009 3.868925 -5.965274 1.970355 6.696981 1.224045 0.864422
Car -1 -1 -10 664.000000 166.000000 775.000000 210.000000 1.579483 1.641568 3.898127 4.430835 1.421699 28.882648 -2.806635 0.846593
Car -1 -1 -10 617.000000 176.000000 703.000000 205.000000 1.593337 1.668722 4.147042 2.510786 1.690743 34.754617 0.471117 0.452794
Car -1 -1 -10 327.000000 184.000000 359.000000 212.000000 1.461813 1.607387 3.915742 -17.640213 2.376699 44.624385 -3.370601 0.330327
Car -1 -1 -10 764.000000 111.000000 1247.000000 372.000000 1.963097 1.692403 4.242811 3.079608 1.653567 5.691302 -1.849299 0.194056
