Pedestrian -1 -1 -10 500.000000 174.000000 518.000000 224.000000 1.695444 0.624392 0.660445 -3.674135 1.826887 25.630622 1.501609 0.122148
Pedestrian -1 -1 -10 708.000000 159.000000 726.000000 212.000000 1.795238 0.635255 0.854804 3.951642 1.378018 26.827014 -1.829507 0.076366
Pedestrian -1 -1 -10 365.000000 182.000000 373.000000 212.000000 1.709595 0.560464 0.748550 -8.803894 1.930878 26.168756 2.218568 0.059927
Pedestrian -1 -1 -10 364.000000 182.000000 391.000000 227.000000 1.748860 0.631651 0.755899 -8.372176 1.754162 25.114478 2.785193 0.015004
Pedestrian -1 -1 -10 411.000000 178.000000 448.000000 229.000000 1.768887 0.691780 0.643427 -5.627703 1.721174 21.423422 -2.428885 0.010631
Car -1 -1 -10 637.000000 175.000000 672.000000 201.000000 1.526829 1.617958 3.594599 2.463345 1.636942 40.817850 -1.517844 0.964688
Car -1 -1 -10 1.000000 212.000000 127.000000 374.000000 1.506483 1.615009 3.857971 -5.171089 1.736151 4.419916 1.562823 0.538366
Car -1 -1 -10 489.000000 179.000000 530.000000 211.000000 1.433977 1.637216 3.873952 -5.461901 2.091087 38.586645 1.917294 0.317335
Car -1 -1 -10 369.000000 189.000000 459.000000 247.000000 1.506967 1.621447 3.986217 -5.563515 2.006049 20.122447 1.635449 0.280081
Car -1 -1 -10 406.000000 182.000000 450.000000 231.000000 1.529684 1.551226 3.645748 -5.869729 1.701735 21.510585 1.908174 0.019313
Car -1 -1 -10 360.000000 188.000000 411.000000 237.000000 1.597173 1.626097 3.720485 -8.861321 1.975021 24.473658 1.717325 0.010582
Cyclist -1 -1 -10 396.000000 176.000000 457.000000 293.000000 1.751288 0.630785 1.801022 -2.998380 1.815073 11.746617 1.620860 0.999583
Cyclist -1 -1 -10 339.000000 179.000000 410.000000 301.000000 1.753420 0.572760 1.815742 -3.635172 1.880774 11.330540 1.554942 0.999460
Cyclist -1 -1 -10 499.000000 174.000000 520.000000 226.000000 1.717831 0.611711 1.790278 -3.667035 1.836095 25.515624 1.505008 0.998274
Cyclist -1 -1 -10 377.000000 188.000000 459.000000 249.000000 1.718732 0.533120 1.681780 -5.135860 2.074185 18.880655 1.760206 0.564034
Cyclist -1 -1 -10 492.000000 178.000000 528.000000 212.000000 1.685345 0.517631 1.564577 -5.501755 2.489337 37.147194 -1.750203 0.315302
Cyclist -1 -1 -10 353.000000 188.000000 429.000000 262.000000 1.689406 0.540935 1.606572 -5.299753 2.378200 18.135271 -1.862228 0.125874
Cyclist -1 -1 -10 709.000000 160.000000 727.000000 212.000000 1.828606 0.541325 1.704375 3.977984 1.414097 27.019710 -1.438301 0.060789
Cyclist -1 -1 -10 360.000000 184.000000 399.000000 234.000000 1.704973 0.595639 1.775579 -8.253197 1.877542 23.651788 -1.731790 0.043182
Cyclist -1 -1 -10 406.000000 182.000000 450.000000 231.000000 1.669995 0.467349 1.563508 -5.671405 1.499532 21.561450 -1.839281 0.028755
Cyclist -1 -1 -10 417.000000 173.000000 439.000000 242.000000 1.691509 0.451235 1.490479 -5.120731 1.956698 19.702050 -1.851133 0.010878
