Pedestrian -1 -1 -10 2.000000 159.000000 103.000000 369.000000 1.805938 0.633564 0.885963 -4.716055 1.586570 6.024407 -2.781535 0.018626
Car -1 -1 -10 779.000000 193.000000 1079.000000 376.000000 1.517086 1.609408 3.706943 2.909307 1.718899 7.585318 -1.584696 0.999468
Car -1 -1 -10 675.000000 183.000000 756.000000 243.000000 1.405253 1.597607 3.746174 2.819145 1.736863 19.753747 -1.575773 0.999418
Car -1 -1 -10 17.000000 170.000000 347.000000 298.000000 1.626652 1.665294 4.021019 -6.493470 1.645048 10.533868 -3.113547 0.997266
Car -1 -1 -10 231.000000 175.000000 443.000000 243.000000 1.594869 1.642727 4.042693 -6.599653 1.740828 18.257183 0.101281 0.977835
Car -1 -1 -10 653.000000 176.000000 697.000000 217.000000 1.590633 1.634074 3.853360 2.681796 1.745035 30.512928 -1.583845 0.962861
Car -1 -1 -10 420.000000 178.000000 511.000000 216.000000 1.501025 1.618905 3.896562 -6.091084 1.761986 30.859899 -3.179374 0.877822
Car -1 -1 -10 1000.000000 216.000000 1247.000000 369.000000 1.540844 1.609931 3.728717 2.944745 1.644126 2.154101 -1.613065 0.782319
Car -1 -1 -10 308.000000 169.000000 486.000000 228.000000 1.726417 1.705242 3.971536 -6.127694 1.604195 23.021207 -3.125050 0.580605
Car -1 -1 -10 163.000000 180.000000 355.000000 263.000000 1.561014 1.634917 3.780110 -6.607826 1.700285 14.250416 -2.689524 0.575191
Car -1 -1 -10 2.000000 165.000000 132.000000 360.000000 1.755868 1.660379 3.991122 -6.113151 1.572261 5.524716 1.617037 0.481262
