Car -1 -1 -10 634.000000 181.000000 688.000000 219.000000 1.426180 1.548863 3.549835 2.070656 1.851976 29.655500 -1.712543 0.998606
Car -1 -1 -10 795.000000 180.000000 957.000000 245.000000 1.510772 1.556288 3.732888 6.269113 1.696261 17.405081 -2.081932 0.996142
Car -1 -1 -10 318.000000 183.000000 477.000000 230.000000 1.483220 1.596270 3.998182 -7.092074 1.961743 25.313865 -3.095193 0.970856
Car -1 -1 -10 32.000000 194.000000 308.000000 300.000000 1.508979 1.617006 3.906558 -6.685540 1.735146 10.452473 -3.146495 0.936081
Car -1 -1 -10 -2.000000 187.000000 206.000000 333.000000 1.560246 1.587715 3.884928 -7.285267 1.747154 8.736280 -3.116243 0.775515
Car -1 -1 -10 378.000000 182.000000 491.000000 217.000000 1.458618 1.587374 3.782657 -7.145233 1.771972 34.099172 1.444076 0.688178
Car -1 -1 -10 269.000000 185.000000 430.000000 244.000000 1.508192 1.676316 4.068345 -6.909362 1.853909 20.269824 -3.091608 0.556835
Car -1 -1 -10 617.000000 179.000000 660.000000 208.000000 1.648139 1.666709 4.069494 1.360967 1.808408 39.158840 1.530932 0.360334
Car -1 -1 -10 130.000000 177.000000 367.000000 284.000000 1.767548 1.744237 4.076005 -6.475804 1.790766 12.989521 -3.144736 0.310195
Car -1 -1 -10 422.000000 182.000000 511.000000 212.000000 1.542489 1.553240 3.691017 -6.936193 2.035643 35.965472 1.594217 0.214161
