Pedestrian -1 -1 -10 669.000000 170.000000 683.000000 207.000000 1.793777 0.651669 0.731744 3.421321 1.823626 36.890853 1.217002 0.914826
Car -1 -1 -10 755.000000 183.000000 964.000000 312.000000 1.435780 1.578150 3.612458 3.200201 1.611606 10.069939 -1.610603 0.998263
Car -1 -1 -10 223.000000 185.000000 385.000000 277.000000 1.505879 1.608230 3.894504 -5.612180 1.748812 13.656000 1.555149 0.997696
Car -1 -1 -10 475.000000 179.000000 528.000000 204.000000 1.429957 1.616551 3.868878 -6.446465 1.866378 42.737175 0.864392 0.994830
Car -1 -1 -10 -7.000000 189.000000 279.000000 346.000000 1.482369 1.552712 3.566717 -5.506008 1.742626 8.969369 1.551990 0.992155
Car -1 -1 -10 845.000000 185.000000 1249.000000 372.000000 1.545323 1.628706 3.924877 3.140169 1.699663 4.725868 -1.638250 0.985702
Car -1 -1 -10 238.000000 177.000000 305.000000 215.000000 1.466981 1.609696 3.892752 -14.479171 1.751735 31.123219 1.554070 0.048438
Car -1 -1 -10 827.000000 186.000000 1010.000000 358.000000 1.545838 1.547592 3.751566 3.268959 1.622388 9.365929 3.531407 0.030034
Car -1 -1 -10 302.000000 180.000000 337.000000 205.000000 1.505606 1.629165 3.912626 -11.942878 1.056460 29.942516 -3.377040 0.018202
Car -1 -1 -10 295.000000 185.000000 360.000000 226.000000 1.450978 1.557051 3.757537 -10.569298 1.753117 28.482678 0.566161 0.010606
