Pedestrian -1 -1 -10 700.000000 164.000000 710.000000 192.000000 1.762953 0.598771 0.608737 6.456445 1.469265 48.813356 1.181416 0.084622
Car -1 -1 -10 771.000000 176.000000 842.000000 241.000000 1.579571 1.593907 3.336921 5.129740 1.713576 18.878660 -1.431823 0.999551
Car -1 -1 -10 617.000000 166.000000 665.000000 208.000000 1.605721 1.645670 3.876983 1.416860 1.494629 31.766569 1.713103 0.999496
Car -1 -1 -10 448.000000 173.000000 594.000000 281.000000 1.492895 1.600061 3.771618 -1.338685 1.580048 12.265775 -1.413756 0.999070
Car -1 -1 -10 -10.000000 176.000000 451.000000 372.000000 1.557193 1.606765 3.815748 -2.470694 1.611696 5.457325 1.708402 0.988311
Car -1 -1 -10 875.000000 204.000000 1241.000000 372.000000 1.508500 1.590536 3.725052 2.811051 1.718969 4.374948 -1.469385 0.974316
Car -1 -1 -10 644.000000 169.000000 680.000000 200.000000 1.448699 1.556637 3.435883 1.320910 1.336696 19.583438 2.515601 0.960512
Car -1 -1 -10 762.000000 177.000000 807.000000 226.000000 1.481936 1.577802 3.702571 5.933130 1.648271 23.846243 -1.406994 0.950329
Car -1 -1 -10 475.000000 163.000000 577.000000 225.000000 1.528839 1.594225 3.857717 -3.139213 1.200869 26.178663 0.221868 0.935248
Cyclist -1 -1 -10 700.000000 164.000000 710.000000 192.000000 1.758995 0.617794 1.688705 6.510294 1.287545 48.736227 1.731429 0.179160
Cyclist -1 -1 -10 469.000000 162.000000 575.000000 229.000000 1.685385 0.549080 1.687641 -2.327945 1.318785 21.484935 -1.598821 0.012060
