Pedestrian -1 -1 -10 674.000000 167.000000 682.000000 206.000000 1.823282 0.635584 0.818103 3.313265 1.554038 34.908824 1.649267 0.230747
Car -1 -1 -10 774.000000 183.000000 1056.000000 346.000000 1.483222 1.570985 3.624327 3.112280 1.611931 8.212869 -1.614920 0.999477
Car -1 -1 -10 471.000000 177.000000 524.000000 204.000000 1.392465 1.637384 3.918447 -6.356038 1.681928 39.793613 0.945162 0.996914
Car -1 -1 -10 139.000000 183.000000 346.000000 293.000000 1.499532 1.608148 3.875042 -5.746611 1.725684 11.709000 1.533335 0.996542
Car -1 -1 -10 2.000000 195.000000 208.000000 375.000000 1.526247 1.609955 3.761891 -5.616732 1.778055 7.167717 1.514145 0.952925
Car -1 -1 -10 935.000000 170.000000 1248.000000 378.000000 1.495910 1.580839 3.804093 3.027626 1.784037 2.904052 -1.598061 0.911962
Car -1 -1 -10 202.000000 175.000000 276.000000 218.000000 1.472717 1.549138 3.962541 -14.558288 1.757302 29.043115 0.655053 0.614992
Car -1 -1 -10 264.000000 183.000000 340.000000 236.000000 1.561937 1.628492 3.877617 -10.555905 1.600890 27.229573 -2.009151 0.112602
Car -1 -1 -10 172.000000 178.000000 240.000000 218.000000 1.445063 1.595771 3.843570 -15.298823 1.568457 28.818629 0.516904 0.024069
Cyclist -1 -1 -10 939.000000 171.000000 1247.000000 376.000000 1.725653 0.698604 1.837433 2.426341 1.919602 3.487907 1.562912 0.020119
