Pedestrian -1 -1 -10 749.000000 163.000000 766.000000 218.000000 1.714828 0.642910 0.700814 5.182574 0.919921 24.144941 -0.827770 0.079592
Pedestrian -1 -1 -10 755.000000 162.000000 764.000000 207.000000 1.635249 0.565869 0.555102 5.106885 0.762037 24.305445 2.653758 0.059475
Pedestrian -1 -1 -10 746.000000 168.000000 757.000000 209.000000 1.760784 0.655045 0.647318 5.261750 1.174294 26.657020 -1.910956 0.031325
Pedestrian -1 -1 -10 751.000000 169.000000 761.000000 207.000000 1.613709 0.481181 0.474291 5.256055 1.122941 26.702711 0.767380 0.029789
Pedestrian -1 -1 -10 739.000000 169.000000 772.000000 207.000000 1.819824 0.747516 0.679962 5.170421 1.420973 26.264793 -0.963511 0.019616
Pedestrian -1 -1 -10 741.000000 173.000000 752.000000 211.000000 1.726499 0.647261 0.717773 5.231088 1.113539 26.851601 -0.821920 0.018870
Car -1 -1 -10 362.000000 187.000000 522.000000 296.000000 1.502974 1.659515 4.118346 -2.691440 1.774696 12.330482 1.576341 0.999671
Car -1 -1 -10 718.000000 159.000000 913.000000 296.000000 1.907387 1.741928 4.292339 3.109880 1.721457 12.340629 -1.604353 0.996649
Car -1 -1 -10 678.000000 185.000000 762.000000 247.000000 1.497513 1.628616 3.946738 2.991815 1.814327 19.797394 -1.599022 0.991310
Car -1 -1 -10 660.000000 185.000000 719.000000 228.000000 1.449875 1.622124 3.923984 2.838625 1.841635 25.793762 -1.584961 0.983985
Car -1 -1 -10 468.000000 181.000000 513.000000 207.000000 1.528690 1.552477 3.475459 -7.410983 1.810805 48.628464 -1.742282 0.054016
Car -1 -1 -10 735.000000 173.000000 757.000000 236.000000 1.528690 1.552477 3.475459 3.405715 1.220549 19.699296 -1.391836 0.042767
