Car -1 -1 -10 478.000000 180.000000 532.000000 227.000000 1.520258 1.639660 3.699888 -3.813669 1.415490 26.609237 -1.716617 0.999710
Car -1 -1 -10 580.000000 179.000000 678.000000 255.000000 1.540879 1.631762 3.933217 0.360537 1.466912 17.559486 -1.702340 0.999526
Car -1 -1 -10 29.000000 193.000000 274.000000 320.000000 1.430084 1.581146 3.721419 -6.153919 1.577674 10.153348 -1.701512 0.999109
Car -1 -1 -10 246.000000 185.000000 374.000000 261.000000 1.467717 1.605491 3.898968 -6.726777 1.546712 16.585974 -1.678901 0.998285
Car -1 -1 -10 332.000000 183.000000 405.000000 231.000000 1.521094 1.648273 4.018362 -8.328424 1.539812 24.862845 -1.737779 0.993853
Car -1 -1 -10 395.000000 183.000000 435.000000 213.000000 1.477953 1.601197 3.741050 -9.948819 1.345492 36.620074 -1.789933 0.986392
Car -1 -1 -10 31.000000 171.000000 220.000000 259.000000 1.691201 1.646994 3.989880 -10.858567 1.276675 15.445825 -1.680146 0.399841
Car -1 -1 -10 215.000000 185.000000 310.000000 245.000000 1.521757 1.655055 3.858301 -11.599053 1.520420 24.775195 -1.779177 0.284800
Car -1 -1 -10 -1.000000 163.000000 113.000000 266.000000 1.801108 1.679136 3.958072 -11.557747 1.395782 15.023580 -1.757065 0.204925
Car -1 -1 -10 476.000000 183.000000 511.000000 217.000000 1.494694 1.623348 3.726869 -5.762809 1.448411 35.753437 -1.752919 0.090924
Car -1 -1 -10 413.000000 183.000000 447.000000 209.000000 1.540737 1.649688 3.889514 -11.353922 1.230062 45.516092 -1.824571 0.061126
Car -1 -1 -10 286.000000 173.000000 349.000000 210.000000 1.558596 1.678188 4.037690 -14.093878 0.717150 34.629590 -1.785296 0.046784
