Pedestrian -1 -1 -10 430.000000 179.000000 447.000000 227.000000 1.808085 0.685772 0.672807 -6.533420 2.077867 27.459588 1.891956 0.949982
Pedestrian -1 -1 -10 412.000000 182.000000 427.000000 221.000000 1.745885 0.636919 0.677192 -7.239054 2.077861 27.369797 -1.695266 0.906605
Pedestrian -1 -1 -10 706.000000 184.000000 731.000000 215.000000 1.789702 0.672960 0.597689 5.070491 2.271096 35.398335 -1.405760 0.019907
Pedestrian -1 -1 -10 422.000000 185.000000 431.000000 217.000000 1.640013 0.488870 0.504891 -8.404176 1.945154 32.918834 2.355371 0.019904
Pedestrian -1 -1 -10 413.000000 181.000000 446.000000 225.000000 1.765753 0.598126 0.963395 -7.057223 1.916094 27.265527 -1.718674 0.017740
Pedestrian -1 -1 -10 408.000000 195.000000 479.000000 248.000000 1.734055 0.725558 0.921207 -4.485515 2.153018 19.107824 2.839562 0.012039
Pedestrian -1 -1 -10 427.000000 181.000000 437.000000 223.000000 1.666619 0.551252 0.556757 -8.375260 1.555358 32.948762 -2.414372 0.011429
Car -1 -1 -10 686.000000 184.000000 803.000000 271.000000 1.508088 1.607761 3.663353 2.570896 1.739118 14.803003 -1.613681 0.999635
Car -1 -1 -10 406.000000 194.000000 482.000000 248.000000 1.453426 1.577040 3.716800 -4.733736 2.026699 20.861248 -1.633437 0.998409
Car -1 -1 -10 648.000000 183.000000 700.000000 228.000000 1.483051 1.593500 3.557824 2.096493 1.840371 24.968361 -1.602166 0.993041
Car -1 -1 -10 625.000000 181.000000 657.000000 210.000000 1.568587 1.638491 3.927642 1.706863 2.014545 40.800078 -1.584302 0.958781
Car -1 -1 -10 451.000000 181.000000 508.000000 227.000000 1.584847 1.608153 3.921189 -5.217328 2.051310 29.939566 -1.603814 0.956256
Car -1 -1 -10 0.000000 214.000000 218.000000 372.000000 1.555775 1.652408 3.927524 -4.654015 1.896452 4.872767 1.560158 0.937890
Car -1 -1 -10 491.000000 185.000000 527.000000 213.000000 1.634024 1.613741 3.885117 -5.976147 2.305066 44.055642 1.461890 0.414310
Car -1 -1 -10 984.000000 195.000000 1243.000000 370.000000 1.574525 1.651505 3.810146 3.150162 1.449441 2.696214 -1.541928 0.279049
Car -1 -1 -10 430.000000 184.000000 492.000000 235.000000 1.786077 1.742179 4.258688 -6.135372 2.169746 29.145151 -3.346432 0.054937
Car -1 -1 -10 412.000000 182.000000 458.000000 230.000000 1.545368 1.624983 3.915963 -6.910549 1.757863 28.555897 -1.801409 0.026701
Car -1 -1 -10 705.000000 185.000000 731.000000 216.000000 1.567843 1.650530 3.956667 5.472642 1.594486 36.979552 0.031937 0.023066
Car -1 -1 -10 471.000000 185.000000 520.000000 221.000000 1.477337 1.584070 3.925630 -5.141745 1.963619 29.957905 -1.595519 0.011518
Cyclist -1 -1 -10 706.000000 185.000000 731.000000 216.000000 1.723169 0.684080 1.735005 5.110019 2.052832 35.542611 -1.383950 0.031978
Cyclist -1 -1 -10 982.000000 191.000000 1229.000000 374.000000 1.826296 0.597427 1.901863 2.647312 1.670450 3.268644 -1.567121 0.022793
Cyclist -1 -1 -10 412.000000 183.000000 432.000000 223.000000 1.730566 0.642763 1.577304 -7.460817 1.862935 28.357841 -0.211121 0.014685
Cyclist -1 -1 -10 412.000000 182.000000 458.000000 230.000000 1.729492 0.617882 1.813463 -4.865304 2.065988 19.592963 2.857764 0.014257
Cyclist -1 -1 -10 425.000000 181.000000 448.000000 221.000000 1.669371 0.637809 1.672913 -6.543352 1.723841 27.573945 2.461943 0.010547
