Car -1 -1 -10 573.000000 174.000000 611.000000 209.000000 1.578294 1.648067 3.873048 -0.782099 1.025389 36.330066 -1.578942 0.999450
Car -1 -1 -10 438.000000 181.000000 504.000000 225.000000 1.399056 1.592878 3.830305 -4.707402 1.257134 25.339232 -1.577695 0.998874
Car -1 -1 -10 327.000000 183.000000 453.000000 260.000000 1.501138 1.623237 4.076844 -4.744598 1.424538 16.080409 -1.574620 0.998860
Car -1 -1 -10 286.000000 182.000000 379.000000 231.000000 1.460662 1.635272 3.893551 -8.686643 1.402201 23.224826 -1.480397 0.977761
Car -1 -1 -10 -1.000000 194.000000 294.000000 372.000000 1.479655 1.602142 3.787253 -4.239214 1.641032 6.272770 -1.552954 0.955107
Car -1 -1 -10 55.000000 175.000000 259.000000 274.000000 1.502524 1.598986 3.754680 -8.477473 1.390052 14.182699 -1.572747 0.947184
Car -1 -1 -10 191.000000 175.000000 293.000000 219.000000 1.507544 1.624555 3.701696 -12.255585 1.232495 24.045930 -1.588429 0.299796
Car -1 -1 -10 368.000000 179.000000 434.000000 205.000000 1.528690 1.552477 3.475459 -12.964347 1.275703 40.982486 -1.857973 0.130645
Car -1 -1 -10 463.000000 178.000000 509.000000 212.000000 1.573118 1.612683 3.915122 -6.014447 1.443347 32.483228 -2.365281 0.021783
Car -1 -1 -10 1.000000 194.000000 135.000000 370.000000 1.517610 1.639914 3.908921 -5.178724 1.566071 5.185152 -2.793862 0.014829
Car -1 -1 -10 108.000000 203.000000 259.000000 256.000000 1.547489 1.603925 3.762837 -8.414921 1.766747 14.246317 1.555058 0.011313
