Pedestrian -1 -1 -10 453.000000 178.000000 465.000000 204.000000 1.699591 0.625405 0.694022 -7.227821 1.397221 33.401213 -2.335815 0.499947
Car -1 -1 -10 416.000000 186.000000 493.000000 240.000000 1.496869 1.634335 3.933612 -4.577507 1.866250 21.695019 1.527875 0.999392
Car -1 -1 -10 694.000000 180.000000 804.000000 263.000000 1.492224 1.604060 3.889985 2.693455 1.683240 14.834113 -1.569448 0.998800
Car -1 -1 -10 798.000000 185.000000 1100.000000 373.000000 1.525540 1.549874 3.496064 3.066681 1.666619 7.298748 -1.574286 0.998269
Car -1 -1 -10 675.000000 179.000000 751.000000 238.000000 1.562345 1.590577 3.669039 2.896189 1.774424 21.139807 -1.590540 0.992100
Car -1 -1 -10 950.000000 196.000000 1247.000000 377.000000 1.492957 1.613983 3.876072 2.950713 1.697486 2.796910 -1.541122 0.986839
Car -1 -1 -10 103.000000 186.000000 305.000000 252.000000 1.503814 1.625029 4.011006 -9.629046 1.830167 17.037369 0.015654 0.981558
Car -1 -1 -10 657.000000 178.000000 706.000000 218.000000 1.488859 1.600240 3.785009 2.878801 1.705961 29.755269 -1.570192 0.975628
Car -1 -1 -10 457.000000 177.000000 515.000000 227.000000 1.653808 1.608158 3.927540 -4.573113 1.831993 27.185440 1.591816 0.969100
Car -1 -1 -10 491.000000 178.000000 535.000000 217.000000 1.595725 1.632997 4.161996 -4.471140 1.956671 32.821722 1.577284 0.761690
Car -1 -1 -10 4.000000 209.000000 149.000000 378.000000 1.522032 1.609351 3.879904 -4.390567 1.795021 3.420407 1.560350 0.435546
Cyclist -1 -1 -10 1.000000 209.000000 145.000000 375.000000 1.737001 0.608452 1.783723 -3.943650 1.948022 4.445066 1.476333 0.016945
