Car -1 -1 -10 184.000000 192.000000 397.000000 313.000000 1.477436 1.605008 3.785040 -4.689388 1.818035 11.088222 1.578770 0.999346
Car -1 -1 -10 514.000000 179.000000 554.000000 208.000000 1.584063 1.609274 3.690570 -3.998279 1.842576 38.198714 1.591466 0.999245
Car -1 -1 -10 769.000000 184.000000 944.000000 289.000000 1.486696 1.625644 3.742230 3.770880 1.662633 11.831183 -1.546782 0.999148
Car -1 -1 -10 347.000000 185.000000 465.000000 260.000000 1.511023 1.557070 3.653963 -4.546713 1.863582 16.693639 1.603239 0.999064
Car -1 -1 -10 419.000000 185.000000 501.000000 236.000000 1.418526 1.605678 3.986803 -4.565758 1.841108 21.957187 1.585034 0.998933
Car -1 -1 -10 877.000000 194.000000 1236.000000 374.000000 1.485532 1.618401 3.902839 3.764707 1.685819 6.283889 -1.544290 0.996303
Car -1 -1 -10 702.000000 179.000000 770.000000 230.000000 1.521822 1.613319 3.863617 3.860576 1.762384 22.225918 -1.540200 0.995520
Car -1 -1 -10 719.000000 181.000000 831.000000 250.000000 1.451558 1.637305 4.052665 3.709498 1.678718 17.087839 -1.575720 0.993992
Car -1 -1 -10 692.000000 178.000000 746.000000 217.000000 1.503859 1.602572 3.713119 4.183707 1.728261 27.625228 -1.541817 0.950122
Car -1 -1 -10 531.000000 178.000000 564.000000 205.000000 1.494442 1.641197 4.020487 -4.410594 1.910235 42.506113 1.632691 0.851347
