Pedestrian -1 -1 -10 532.000000 175.000000 544.000000 212.000000 1.792741 0.625569 0.778638 -3.586558 2.000190 35.677289 0.546891 0.688300
Pedestrian -1 -1 -10 683.000000 164.000000 693.000000 204.000000 1.815727 0.663581 0.638943 4.194182 1.500966 39.120026 1.203335 0.127244
Pedestrian -1 -1 -10 545.000000 175.000000 558.000000 212.000000 1.764229 0.603670 0.807129 -2.987451 1.932159 36.228910 1.504811 0.036283
Pedestrian -1 -1 -10 525.000000 177.000000 550.000000 206.000000 1.760359 0.780634 0.752541 -3.433874 1.894844 35.684811 0.983021 0.034446
Pedestrian -1 -1 -10 678.000000 168.000000 698.000000 200.000000 1.811859 0.644817 0.694129 4.129315 1.510712 39.116021 1.243410 0.021707
Car -1 -1 -10 678.000000 172.000000 780.000000 256.000000 1.565942 1.570668 3.634959 2.458628 1.620639 15.970965 -1.598795 0.999182
Car -1 -1 -10 366.000000 182.000000 463.000000 251.000000 1.527284 1.615846 3.786623 -5.145723 1.848812 19.305555 1.547380 0.998742
Car -1 -1 -10 474.000000 183.000000 518.000000 215.000000 1.518987 1.622494 3.745443 -5.655200 2.002996 34.899910 1.490216 0.998301
Car -1 -1 -10 1.000000 179.000000 248.000000 372.000000 1.677847 1.664401 4.010475 -4.641751 1.849866 5.293404 -1.563991 0.930985
Car -1 -1 -10 527.000000 178.000000 547.000000 205.000000 1.567500 1.583765 3.701383 -5.503488 2.607856 53.045378 1.531667 0.043976
Cyclist -1 -1 -10 532.000000 175.000000 544.000000 213.000000 1.849983 0.633436 1.834837 -3.596089 2.062195 35.631549 1.424804 0.927112
Cyclist -1 -1 -10 544.000000 174.000000 562.000000 212.000000 1.751386 0.676331 1.838567 -2.941922 1.895158 36.097617 1.580947 0.585781
Cyclist -1 -1 -10 525.000000 178.000000 548.000000 204.000000 1.700447 0.506242 1.557774 -5.843260 2.580695 52.457582 -1.685276 0.063106
Cyclist -1 -1 -10 544.000000 178.000000 554.000000 205.000000 1.704695 0.592831 1.799770 -3.028277 1.841607 36.111458 1.478443 0.010566
