Car -1 -1 -10 758.000000 177.000000 975.000000 315.000000 1.534178 1.647063 3.987343 3.302021 1.626528 10.204772 -1.572930 0.999532
Car -1 -1 -10 36.000000 199.000000 332.000000 333.000000 1.482134 1.654339 4.134794 -5.754292 1.927430 10.604173 1.610181 0.999518
Car -1 -1 -10 697.000000 182.000000 770.000000 237.000000 1.467433 1.547536 3.779384 3.306240 1.707037 20.052066 1.525808 0.998946
Car -1 -1 -10 288.000000 191.000000 415.000000 265.000000 1.520081 1.531911 3.691271 -5.755072 1.970866 16.368815 1.578390 0.998423
Car -1 -1 -10 417.000000 185.000000 489.000000 231.000000 1.449391 1.615248 3.940963 -5.645834 1.977682 25.436722 1.661742 0.997076
Car -1 -1 -10 880.000000 192.000000 1236.000000 372.000000 1.524365 1.640644 3.946613 3.252085 1.712318 4.576433 -1.582771 0.955331
Car -1 -1 -10 671.000000 180.000000 736.000000 223.000000 1.552682 1.670133 4.026457 3.375829 1.794343 25.846121 -1.635221 0.953748
Car -1 -1 -10 658.000000 179.000000 700.000000 211.000000 1.504053 1.583518 3.695231 3.222188 1.798753 34.382470 -1.573314 0.779311
Car -1 -1 -10 492.000000 179.000000 529.000000 207.000000 1.514028 1.582151 3.731307 -5.616721 1.900346 40.258802 1.598803 0.639300
Car -1 -1 -10 192.000000 190.000000 300.000000 224.000000 1.493127 1.569222 3.776572 -10.762703 1.747100 25.873148 -1.398104 0.012891
