Pedestrian -1 -1 -10 685.000000 171.000000 710.000000 227.000000 1.782176 0.603738 0.756506 2.560472 1.630118 21.410103 -0.025219 0.014490
Car -1 -1 -10 75.000000 194.000000 315.000000 314.000000 1.625848 1.679566 4.092537 -6.569745 2.009007 12.126472 1.546766 0.999489
Car -1 -1 -10 470.000000 187.000000 530.000000 232.000000 1.490816 1.689740 4.094316 -4.073783 2.058965 26.665791 1.564644 0.998796
Car -1 -1 -10 503.000000 185.000000 548.000000 216.000000 1.553395 1.598921 3.823913 -4.119507 2.207182 37.653920 1.536129 0.977839
Car -1 -1 -10 708.000000 168.000000 805.000000 202.000000 1.610403 1.684992 4.285116 7.668063 1.576868 37.659927 3.107559 0.963085
Car -1 -1 -10 454.000000 189.000000 502.000000 218.000000 1.469126 1.615450 3.838366 -6.854519 2.356409 37.567735 1.751079 0.873938
Car -1 -1 -10 350.000000 196.000000 433.000000 243.000000 1.505437 1.600148 3.875210 -6.913383 2.217049 22.824019 1.551369 0.826254
Car -1 -1 -10 2.000000 200.000000 101.000000 375.000000 1.636877 1.648589 4.076299 -6.231814 1.974635 5.665203 1.540763 0.467264
Car -1 -1 -10 1162.000000 151.000000 1240.000000 209.000000 1.485816 1.591289 3.713803 18.551772 1.151310 23.025613 0.560019 0.045165
Car -1 -1 -10 1134.000000 215.000000 1238.000000 368.000000 1.522660 1.515488 3.438154 3.251526 1.723363 2.807181 -1.394092 0.043451
Car -1 -1 -10 174.000000 193.000000 273.000000 225.000000 1.523725 1.599894 3.905885 -18.274447 2.129551 33.809338 -0.042585 0.023150
Car -1 -1 -10 895.000000 150.000000 955.000000 179.000000 1.554034 1.656324 3.822617 20.046780 0.241642 47.842383 -1.621238 0.018355
