Car -1 -1 -10 411.000000 184.000000 496.000000 246.000000 1.522730 1.636792 3.920525 -4.288757 1.852573 20.128554 1.516630 0.999318
Car -1 -1 -10 769.000000 186.000000 1052.000000 372.000000 1.517490 1.588814 3.570171 2.953705 1.750917 8.007615 -1.615502 0.998689
Car -1 -1 -10 691.000000 182.000000 810.000000 272.000000 1.542299 1.560842 3.453635 2.675283 1.791203 14.606854 -1.628602 0.998002
Car -1 -1 -10 652.000000 179.000000 740.000000 246.000000 1.516380 1.614029 3.813411 2.127870 1.776585 19.341771 -1.638748 0.995758
Car -1 -1 -10 633.000000 180.000000 695.000000 227.000000 1.489367 1.628382 3.994595 1.848694 1.847560 25.345405 -1.629612 0.987362
Car -1 -1 -10 920.000000 194.000000 1259.000000 378.000000 1.449505 1.610595 3.958706 2.980289 1.750555 2.891815 -1.559204 0.979670
Car -1 -1 -10 16.000000 196.000000 271.000000 376.000000 1.505041 1.629371 3.813768 -3.488316 1.667664 4.038914 1.516380 0.955516
Car -1 -1 -10 458.000000 184.000000 510.000000 229.000000 1.453419 1.592334 3.840276 -4.611338 1.966667 25.792535 1.551426 0.918533
Car -1 -1 -10 487.000000 183.000000 524.000000 215.000000 1.519098 1.664857 4.032247 -5.755319 2.014268 35.887959 1.449364 0.588583
Car -1 -1 -10 629.000000 180.000000 670.000000 217.000000 1.748355 1.690641 3.767377 1.981380 2.104070 31.441941 -1.604464 0.276414
