Pedestrian -1 -1 -10 161.000000 182.000000 183.000000 227.000000 1.705729 0.637387 0.631259 -19.974351 1.744907 32.931210 -2.632332 0.752718
Pedestrian -1 -1 -10 193.000000 185.000000 206.000000 217.000000 1.775519 0.569533 0.620267 -21.558446 1.978699 37.798238 -2.126556 0.498455
Pedestrian -1 -1 -10 187.000000 184.000000 212.000000 223.000000 1.807625 0.684499 0.754402 -21.557857 2.218380 37.410912 0.070491 0.089768
Pedestrian -1 -1 -10 157.000000 187.000000 207.000000 230.000000 1.805485 0.639540 0.905678 -15.693042 2.739448 26.135263 -2.654786 0.028060
Pedestrian -1 -1 -10 188.000000 186.000000 199.000000 220.000000 1.794070 0.639959 0.739876 -21.629164 2.145847 37.433806 0.566496 0.014058
Pedestrian -1 -1 -10 137.000000 197.000000 223.000000 237.000000 1.776269 0.605565 0.833384 -15.647276 2.819711 25.925705 2.019777 0.013807
Car -1 -1 -10 597.000000 173.000000 631.000000 204.000000 1.542516 1.663293 4.137177 0.297233 1.727049 43.953289 -1.536018 0.999039
Car -1 -1 -10 132.000000 198.000000 231.000000 240.000000 1.565830 1.638460 3.901090 -16.173236 2.520350 27.372958 1.558122 0.998528
Cyclist -1 -1 -10 152.000000 188.000000 202.000000 228.000000 1.719428 0.497763 1.587037 -16.031880 2.335524 26.685047 -1.549436 0.057690
Cyclist -1 -1 -10 134.000000 197.000000 227.000000 240.000000 1.714084 1.012945 1.940174 -15.702337 2.616810 26.816128 1.970426 0.026876
Cyclist -1 -1 -10 160.000000 183.000000 183.000000 225.000000 1.658588 0.661728 1.666460 -19.978432 1.923812 33.145613 2.094419 0.026037
Cyclist -1 -1 -10 185.000000 186.000000 212.000000 218.000000 1.698774 0.538241 1.710912 -21.530943 1.894723 37.785504 -1.633878 0.017327
