Car -1 -1 -10 701.000000 176.000000 842.000000 277.000000 1.633447 1.682297 3.971685 2.819835 1.739084 13.628190 -1.611196 0.999722
Car -1 -1 -10 320.000000 185.000000 476.000000 242.000000 1.548898 1.591525 4.130563 -6.094453 1.833400 20.493952 0.131392 0.946629
Car -1 -1 -10 689.000000 177.000000 757.000000 207.000000 1.526207 1.563529 3.587743 5.829220 1.756373 38.922911 -2.095766 0.882143
Car -1 -1 -10 201.000000 182.000000 429.000000 262.000000 1.558170 1.629786 3.733987 -5.772770 1.799531 15.201706 -1.393985 0.770403
Car -1 -1 -10 405.000000 180.000000 487.000000 220.000000 1.554315 1.629969 3.809351 -6.778761 1.401547 30.866832 -2.900801 0.534703
Car -1 -1 -10 124.000000 191.000000 369.000000 282.000000 1.528934 1.590628 3.770655 -5.781174 1.761461 11.701741 2.647815 0.248952
Car -1 -1 -10 331.000000 177.000000 395.000000 220.000000 1.493500 1.598811 3.840551 -6.032315 1.340329 18.151246 -1.804138 0.090324
Car -1 -1 -10 244.000000 177.000000 392.000000 229.000000 1.457779 1.569723 3.904115 -6.676339 1.397406 17.493933 2.720757 0.054725
Car -1 -1 -10 347.000000 178.000000 414.000000 204.000000 1.528691 1.552477 3.475459 -10.281922 1.178348 28.211140 -1.885942 0.036398
Car -1 -1 -10 117.000000 185.000000 267.000000 244.000000 1.484287 1.578371 3.563533 -6.771722 1.356754 10.834669 1.954524 0.035964
Car -1 -1 -10 75.000000 193.000000 347.000000 347.000000 1.609234 1.625678 3.687476 -4.058395 1.695505 8.630427 -1.592233 0.033919
