Car -1 -1 -10 635.000000 180.000000 762.000000 274.000000 1.582491 1.650387 3.978846 1.642665 1.567217 14.771384 -1.663048 0.999726
Car -1 -1 -10 521.000000 181.000000 567.000000 224.000000 1.576521 1.644940 3.627794 -2.591391 1.459663 28.649767 -1.662043 0.999263
Car -1 -1 -10 238.000000 188.000000 381.000000 276.000000 1.452698 1.578451 3.673325 -5.737947 1.575762 14.149504 -1.657188 0.999042
Car -1 -1 -10 348.000000 189.000000 435.000000 242.000000 1.435626 1.608877 3.967265 -6.055296 1.470622 20.644793 -1.677823 0.998290
Car -1 -1 -10 439.000000 184.000000 475.000000 210.000000 1.509478 1.599009 3.736392 -8.208396 1.191108 40.532093 1.380124 0.985315
Car -1 -1 -10 116.000000 166.000000 284.000000 254.000000 1.816311 1.723070 4.244047 -10.424400 1.459191 18.511179 -1.667454 0.971774
Car -1 -1 -10 397.000000 184.000000 454.000000 224.000000 1.503313 1.612203 3.991834 -7.416563 1.541349 28.623760 -1.698982 0.918232
Car -1 -1 -10 512.000000 184.000000 541.000000 214.000000 1.509932 1.618040 3.810879 -4.215378 1.499895 38.153762 -1.683044 0.766062
Car -1 -1 -10 0.000000 189.000000 201.000000 380.000000 1.488939 1.641640 3.868809 -4.993541 1.598223 5.754416 -1.657119 0.686386
Car -1 -1 -10 300.000000 187.000000 358.000000 212.000000 1.509691 1.617935 3.725777 -16.870325 1.348786 40.672045 -1.924306 0.580152
