Car -1 -1 -10 338.000000 193.000000 433.000000 251.000000 1.514420 1.572821 3.672254 -6.265126 2.080424 20.253103 1.593049 0.999446
Car -1 -1 -10 667.000000 176.000000 737.000000 225.000000 1.514835 1.634294 3.920964 2.909612 1.617572 23.885907 -1.610578 0.997779
Car -1 -1 -10 399.000000 189.000000 471.000000 234.000000 1.504636 1.625675 3.929087 -6.199328 2.116790 25.796107 1.566061 0.996624
Car -1 -1 -10 453.000000 177.000000 502.000000 218.000000 1.567434 1.607311 3.792310 -6.131803 2.004247 33.900571 1.582907 0.918195
Car -1 -1 -10 0.000000 202.000000 109.000000 246.000000 1.539956 1.629886 3.848804 -20.755330 2.596830 27.120025 -1.553823 0.845482
Car -1 -1 -10 478.000000 181.000000 519.000000 210.000000 1.499362 1.632987 3.878331 -6.610250 2.007561 40.708158 1.574825 0.406728
Car -1 -1 -10 1078.000000 132.000000 1204.000000 183.000000 1.922061 1.616514 4.163089 24.716289 0.255507 34.118906 -1.832309 0.102360
Car -1 -1 -10 1123.000000 132.000000 1236.000000 175.000000 1.731225 1.688410 4.103733 27.219996 0.017920 34.505913 -1.935162 0.017296
Car -1 -1 -10 33.000000 203.000000 170.000000 243.000000 1.473721 1.637590 4.218078 -21.144655 2.505414 27.062849 -1.589362 0.014316
Car -1 -1 -10 680.000000 167.000000 726.000000 196.000000 1.530278 1.570380 3.545260 5.757522 0.880101 43.942859 1.694639 0.013941
