Pedestrian -1 -1 -10 692.000000 161.000000 758.000000 336.000000 1.746039 0.733970 1.051038 1.267222 1.494464 7.524887 -1.894556 0.996828
Pedestrian -1 -1 -10 196.000000 161.000000 265.000000 341.000000 1.774690 0.672443 0.964519 -3.882220 1.548965 7.434804 -1.939811 0.995546
Pedestrian -1 -1 -10 640.000000 167.000000 697.000000 341.000000 1.681590 0.589732 0.762152 0.624180 1.565373 7.309554 -1.900603 0.992253
Pedestrian -1 -1 -10 -1.000000 183.000000 188.000000 374.000000 1.792964 0.708249 0.668676 -2.185202 1.837146 3.003819 1.070804 0.840897
Pedestrian -1 -1 -10 802.000000 166.000000 832.000000 243.000000 1.789458 0.697079 0.856691 5.158656 1.352588 16.767514 2.394724 0.804437
Pedestrian -1 -1 -10 754.000000 163.000000 780.000000 238.000000 1.755944 0.654884 0.834926 4.161020 1.320646 18.335006 -1.515500 0.643810
Pedestrian -1 -1 -10 690.000000 173.000000 709.000000 236.000000 1.723834 0.570146 0.631862 2.486801 1.389659 18.654450 -1.547825 0.117644
Pedestrian -1 -1 -10 8.000000 192.000000 119.000000 283.000000 1.722948 0.717127 0.784184 -8.089266 1.676823 10.773431 1.025409 0.061731
Pedestrian -1 -1 -10 786.000000 163.000000 823.000000 262.000000 1.702486 0.672569 0.833515 4.099491 1.350001 14.232113 1.823859 0.051937
Pedestrian -1 -1 -10 46.000000 209.000000 162.000000 345.000000 1.763991 0.698886 0.467441 -2.213230 1.849714 3.044948 -1.809526 0.051819
Pedestrian -1 -1 -10 751.000000 162.000000 790.000000 276.000000 1.716786 0.543491 0.699016 3.108335 1.477833 14.199448 0.379544 0.043262
Pedestrian -1 -1 -10 708.000000 164.000000 821.000000 309.000000 1.796336 0.511871 0.824249 1.701381 1.706518 7.876677 0.802157 0.027117
Pedestrian -1 -1 -10 0.000000 180.000000 91.000000 353.000000 1.691606 0.652146 0.765538 -5.895343 1.939442 7.362340 0.962338 0.024975
Pedestrian -1 -1 -10 79.000000 208.000000 137.000000 299.000000 1.755362 0.648043 0.609932 -7.863950 1.993838 11.031135 0.000325 0.020626
Pedestrian -1 -1 -10 33.000000 212.000000 148.000000 267.000000 1.784213 0.697943 0.547985 -7.889582 2.075879 11.009421 0.381872 0.011079
Cyclist -1 -1 -10 335.000000 161.000000 433.000000 328.000000 1.793776 0.588238 1.774140 -2.661211 1.604335 8.576070 1.651643 0.999759
Cyclist -1 -1 -10 0.000000 188.000000 187.000000 373.000000 1.649372 0.682751 1.715029 -2.355682 1.430167 2.927256 1.462620 0.576368
Cyclist -1 -1 -10 394.000000 175.000000 444.000000 236.000000 1.752599 0.551284 1.816238 -5.110338 1.528233 20.473525 1.343560 0.511355
Cyclist -1 -1 -10 360.000000 175.000000 437.000000 264.000000 1.679911 0.480814 1.480789 -4.200859 1.894470 15.012972 -1.855201 0.134539
Cyclist -1 -1 -10 0.000000 179.000000 88.000000 361.000000 1.752393 0.512876 1.670549 -2.283238 1.506278 3.152625 1.461514 0.091295
Cyclist -1 -1 -10 751.000000 162.000000 786.000000 254.000000 1.798036 0.554441 1.723548 4.180932 1.335765 18.280323 -2.046329 0.071239
Cyclist -1 -1 -10 748.000000 167.000000 817.000000 297.000000 1.717105 0.553522 1.779150 1.705728 1.706763 7.992424 -0.770305 0.061680
Cyclist -1 -1 -10 780.000000 165.000000 821.000000 262.000000 1.792008 0.540158 1.798245 4.085236 1.421703 14.430101 -1.639625 0.054176
Cyclist -1 -1 -10 5.000000 202.000000 116.000000 270.000000 1.733504 0.612234 1.726857 -8.618048 1.677811 10.943967 -3.767813 0.040300
Cyclist -1 -1 -10 696.000000 163.000000 768.000000 331.000000 1.755438 0.625513 1.683352 1.189332 1.589677 7.460630 -0.966170 0.016953
Cyclist -1 -1 -10 825.000000 169.000000 1001.000000 368.000000 1.725519 0.474113 1.814986 2.560871 1.791294 6.200549 -0.111788 0.012856
