Car -1 -1 -10 573.000000 181.000000 609.000000 214.000000 1.507770 1.589962 3.565931 -0.912265 1.323015 37.799524 -1.587012 0.999647
Car -1 -1 -10 293.000000 197.000000 474.000000 304.000000 1.457655 1.611315 3.977063 -3.415393 1.621206 11.545571 -1.572451 0.999621
Car -1 -1 -10 128.000000 193.000000 306.000000 277.000000 1.425242 1.593531 3.858579 -7.613418 1.615801 14.511237 -1.598157 0.999492
Car -1 -1 -10 442.000000 187.000000 503.000000 227.000000 1.492119 1.663383 4.085499 -5.073207 1.547422 27.112739 -1.600094 0.998192
Car -1 -1 -10 109.000000 193.000000 235.000000 248.000000 1.444270 1.627100 3.826332 -12.512676 1.720497 21.235518 -1.525031 0.976784
Car -1 -1 -10 318.000000 189.000000 374.000000 228.000000 1.478470 1.622019 3.793055 -7.966306 1.546060 23.213207 -1.869740 0.798936
Car -1 -1 -10 233.000000 181.000000 325.000000 223.000000 1.586568 1.650504 3.952235 -12.972638 1.574315 28.668757 -1.555499 0.571509
Car -1 -1 -10 366.000000 195.000000 423.000000 221.000000 1.442299 1.550409 3.796948 -9.201544 1.444312 30.917020 1.789740 0.144351
Car -1 -1 -10 401.000000 192.000000 441.000000 221.000000 1.545347 1.625413 3.887067 -8.888044 1.234215 31.819769 1.532166 0.040854
Car -1 -1 -10 338.000000 194.000000 376.000000 219.000000 1.409835 1.470325 3.069754 -7.345150 1.484921 21.288982 2.026197 0.029474
Car -1 -1 -10 437.000000 185.000000 480.000000 216.000000 1.561927 1.624321 3.771866 -8.787559 1.461118 41.073855 -1.738484 0.022673
