Pedestrian -1 -1 -10 628.000000 161.000000 665.000000 290.000000 1.755884 0.580134 0.734597 0.475630 1.531370 9.957486 -0.015471 0.996733
Pedestrian -1 -1 -10 645.000000 170.000000 781.000000 299.000000 1.750493 0.738868 0.823253 1.078760 1.666414 8.279385 0.095550 0.022634
Car -1 -1 -10 631.000000 169.000000 791.000000 297.000000 1.603812 1.646793 3.954509 1.358830 1.496532 10.192206 -1.584949 0.998701
Car -1 -1 -10 265.000000 176.000000 388.000000 244.000000 1.515054 1.583813 3.848166 -6.891742 1.585434 17.177282 1.359620 0.810790
Car -1 -1 -10 647.000000 168.000000 683.000000 198.000000 1.449149 1.585708 3.698751 2.044037 1.160851 27.799318 -1.502203 0.109208
Car -1 -1 -10 627.000000 164.000000 677.000000 282.000000 1.619835 1.657781 3.885873 1.420116 1.467870 10.419867 -0.844085 0.061335
Car -1 -1 -10 268.000000 165.000000 311.000000 204.000000 1.528794 1.671542 3.815143 -18.181038 1.778858 41.435257 -1.954565 0.017339
Car -1 -1 -10 320.000000 180.000000 356.000000 240.000000 1.538132 1.466240 3.097335 -7.606194 1.526910 20.195177 1.163337 0.016603
Car -1 -1 -10 -14.000000 122.000000 326.000000 367.000000 1.606908 1.752631 4.253262 -3.391443 1.449552 4.402497 1.458971 0.011685
Car -1 -1 -10 630.000000 160.000000 660.000000 191.000000 1.587395 1.653109 3.916311 2.202237 0.799397 44.380940 -1.518098 0.010903
Cyclist -1 -1 -10 624.000000 165.000000 671.000000 282.000000 1.686999 0.655252 1.684251 0.637316 1.445289 10.010273 1.044878 0.022447
