Pedestrian -1 -1 -10 909.000000 155.000000 959.000000 285.000000 1.709998 0.621624 0.775631 4.302667 1.351812 9.386539 -1.692417 0.996961
Pedestrian -1 -1 -10 588.000000 161.000000 598.000000 195.000000 1.772298 0.664467 0.800360 -0.450399 0.605896 39.961357 1.572195 0.382607
Pedestrian -1 -1 -10 650.000000 161.000000 660.000000 188.000000 1.775194 0.646319 0.894237 3.563219 0.296963 47.642154 -1.573632 0.266190
Pedestrian -1 -1 -10 1040.000000 147.000000 1099.000000 279.000000 1.733522 0.639888 0.615310 5.393265 1.974393 8.274329 -0.435645 0.126531
Pedestrian -1 -1 -10 571.000000 161.000000 585.000000 195.000000 1.705032 0.707205 0.748392 -1.362040 0.446732 39.327513 -1.114261 0.104380
Pedestrian -1 -1 -10 1017.000000 139.000000 1055.000000 247.000000 1.732989 0.546731 0.630027 7.760369 1.804164 12.693257 3.548909 0.093252
Pedestrian -1 -1 -10 768.000000 155.000000 792.000000 235.000000 1.814867 0.660970 0.664774 4.299446 1.248485 17.597963 -1.528931 0.060590
Pedestrian -1 -1 -10 662.000000 160.000000 667.000000 189.000000 1.815357 0.665439 0.699150 4.190059 0.344527 48.140341 -3.034375 0.024364
Pedestrian -1 -1 -10 1131.000000 137.000000 1227.000000 311.000000 1.735664 0.687862 0.785933 5.403843 1.621883 6.692848 0.817959 0.022244
Pedestrian -1 -1 -10 577.000000 161.000000 593.000000 195.000000 1.797874 0.604629 1.073555 -0.836570 0.520961 39.700155 -2.104517 0.020137
Car -1 -1 -10 606.000000 167.000000 642.000000 197.000000 1.546359 1.658661 3.953054 0.981161 0.969579 36.561415 -1.506361 0.998603
Cyclist -1 -1 -10 172.000000 167.000000 405.000000 372.000000 1.695249 0.499715 1.708394 -2.080908 1.552079 4.798386 1.650580 0.999902
