Pedestrian -1 -1 -10 639.000000 171.000000 655.000000 212.000000 1.727038 0.637352 0.902112 1.905377 1.376976 28.947082 -0.591266 0.761467
Pedestrian -1 -1 -10 877.000000 199.000000 921.000000 279.000000 1.623941 0.562122 0.584843 5.753603 1.516592 13.750144 2.838654 0.391166
Pedestrian -1 -1 -10 0.000000 236.000000 156.000000 373.000000 1.755855 0.787579 0.549516 -2.574001 1.957166 3.406185 1.020583 0.354881
Pedestrian -1 -1 -10 892.000000 188.000000 915.000000 258.000000 1.634069 0.543777 0.773458 5.960456 1.497290 14.127349 2.865724 0.032504
Pedestrian -1 -1 -10 828.000000 204.000000 867.000000 255.000000 1.694352 0.654895 0.693974 5.751642 1.895953 15.977661 -0.698711 0.020655
Pedestrian -1 -1 -10 832.000000 205.000000 906.000000 256.000000 1.708355 0.591603 0.760624 5.740195 1.919230 15.533263 2.846019 0.015391
Car -1 -1 -10 0.000000 228.000000 210.000000 373.000000 1.532979 1.515976 3.713898 -3.330089 1.354904 3.872752 0.072812 0.021541
Car -1 -1 -10 823.000000 207.000000 872.000000 254.000000 1.528690 1.552477 3.475459 5.757761 2.055016 16.032616 -1.247172 0.014397
Cyclist -1 -1 -10 1.000000 227.000000 165.000000 373.000000 1.667928 0.696979 1.712697 -2.609891 1.745071 3.439086 1.389192 0.438972
Cyclist -1 -1 -10 489.000000 184.000000 546.000000 230.000000 1.721872 0.606410 1.693341 -2.580127 1.612864 21.833511 -3.244556 0.417197
Cyclist -1 -1 -10 873.000000 198.000000 927.000000 277.000000 1.821726 0.705475 1.840970 6.031761 1.587828 13.423435 -1.805435 0.049179
