Pedestrian -1 -1 -10 945.000000 168.000000 1068.000000 373.000000 1.663769 0.773074 0.727463 2.385881 1.549241 4.480319 1.898374 0.863191
Pedestrian -1 -1 -10 980.000000 194.000000 1122.000000 369.000000 1.687725 0.659125 0.628728 2.476931 1.654565 4.597206 1.115043 0.613825
Pedestrian -1 -1 -10 462.000000 179.000000 490.000000 262.000000 1.772289 0.605597 0.693822 -2.648303 1.558028 13.710760 0.446800 0.450823
Pedestrian -1 -1 -10 960.000000 196.000000 1060.000000 303.000000 1.705730 0.637387 0.631260 8.037726 1.447211 14.175620 -1.580650 0.019686
Car -1 -1 -10 844.000000 175.000000 917.000000 228.000000 1.404045 1.610811 3.832211 8.108568 1.556914 21.472151 -1.329405 0.999467
Car -1 -1 -10 393.000000 179.000000 531.000000 257.000000 1.522378 1.567062 3.809941 -2.971482 1.695312 13.968553 1.832150 0.938434
Car -1 -1 -10 962.000000 200.000000 1228.000000 367.000000 1.519248 1.620259 3.906954 2.895030 1.501352 4.150263 1.591325 0.777281
Car -1 -1 -10 1019.000000 213.000000 1143.000000 367.000000 1.502640 1.660044 3.858408 2.965920 1.377813 3.189796 1.720287 0.033788
Car -1 -1 -10 450.000000 179.000000 498.000000 260.000000 1.455288 1.555854 3.835423 -2.604352 1.637094 13.828985 1.341529 0.017233
Cyclist -1 -1 -10 936.000000 171.000000 1079.000000 374.000000 1.647512 0.527460 1.683154 2.401791 1.475917 4.387055 1.575222 0.759476
Cyclist -1 -1 -10 963.000000 192.000000 1177.000000 371.000000 1.695007 0.609007 1.737881 2.431313 1.594246 4.140748 1.552042 0.466956
Cyclist -1 -1 -10 954.000000 182.000000 1050.000000 306.000000 1.717277 0.760890 1.829749 2.480751 1.468018 4.515401 1.003823 0.071875
Cyclist -1 -1 -10 960.000000 195.000000 1059.000000 247.000000 1.694221 0.520713 1.679543 9.554717 1.808718 17.751680 3.599311 0.022128
Cyclist -1 -1 -10 994.000000 176.000000 1037.000000 247.000000 1.730357 0.441252 1.573939 9.716165 1.744132 17.747083 -1.092907 0.015553
Cyclist -1 -1 -10 950.000000 211.000000 1071.000000 266.000000 1.695465 0.498637 1.509028 2.780794 1.232320 5.121571 -1.072322 0.014852
