Car -1 -1 -10 225.000000 187.000000 416.000000 297.000000 1.443046 1.594099 3.797609 -4.431212 1.523478 11.732542 -1.566114 0.999627
Car -1 -1 -10 573.000000 174.000000 614.000000 210.000000 1.527640 1.623946 3.985063 -0.800955 1.055414 33.685715 -1.598366 0.999526
Car -1 -1 -10 365.000000 178.000000 461.000000 241.000000 1.482095 1.604260 3.749764 -5.280045 1.365829 19.621059 -1.572046 0.998477
Car -1 -1 -10 218.000000 183.000000 319.000000 242.000000 1.463714 1.622326 3.735178 -8.915059 1.434764 19.594537 -1.597497 0.987130
Car -1 -1 -10 -2.000000 191.000000 157.000000 310.000000 1.426617 1.631150 4.018856 -8.481175 1.559267 9.898501 -1.590030 0.813769
Car -1 -1 -10 361.000000 171.000000 425.000000 214.000000 1.522610 1.556420 3.746081 -8.752966 0.725144 28.109110 1.734067 0.442027
Car -1 -1 -10 501.000000 173.000000 547.000000 203.000000 1.623320 1.645544 3.837826 -5.450123 0.836855 46.942923 -1.662974 0.021964
Car -1 -1 -10 533.000000 164.000000 561.000000 192.000000 1.510865 1.524936 3.406520 -5.031111 0.885789 45.810956 1.496436 0.020049
Car -1 -1 -10 255.000000 182.000000 336.000000 229.000000 1.619475 1.581448 3.726660 -12.397298 1.278472 28.906850 1.601971 0.016685
Car -1 -1 -10 482.000000 168.000000 536.000000 208.000000 1.575461 1.559657 3.540568 -4.321586 0.931852 31.043338 -1.574979 0.011982
