Car -1 -1 -10 685.000000 182.000000 767.000000 244.000000 1.433545 1.588302 3.671763 2.893745 1.663821 18.480354 -1.564053 0.999471
Car -1 -1 -10 233.000000 179.000000 460.000000 251.000000 1.555746 1.621731 4.091016 -5.723204 1.620381 16.152055 0.017859 0.998578
Car -1 -1 -10 731.000000 172.000000 873.000000 223.000000 1.560692 1.654126 3.831942 6.331291 1.590391 23.630165 0.063871 0.994526
Car -1 -1 -10 331.000000 175.000000 483.000000 230.000000 1.537427 1.575258 3.909751 -5.859346 1.632932 21.186176 0.158380 0.948178
Car -1 -1 -10 393.000000 175.000000 500.000000 214.000000 1.506389 1.613270 3.828231 -5.914072 1.509293 28.981363 -2.888288 0.900999
Car -1 -1 -10 837.000000 168.000000 1225.000000 374.000000 1.584105 1.564357 3.597665 2.797196 1.607615 4.756567 -1.607877 0.883555
Car -1 -1 -10 33.000000 184.000000 294.000000 294.000000 1.599909 1.652879 4.008647 -7.101379 1.697045 10.837226 -3.245873 0.768648
Car -1 -1 -10 -1.000000 147.000000 238.000000 331.000000 1.808177 1.675577 3.956866 -6.594967 1.635938 9.021793 -3.145546 0.558783
Car -1 -1 -10 687.000000 173.000000 741.000000 201.000000 1.541187 1.600449 4.080690 5.516620 1.541528 38.075302 -0.059984 0.453353
Car -1 -1 -10 1.000000 197.000000 177.000000 383.000000 1.526023 1.569178 3.845529 -5.783579 1.752977 7.050880 1.014211 0.266456
Car -1 -1 -10 432.000000 175.000000 536.000000 207.000000 1.521144 1.608131 3.938685 -6.298925 1.661009 34.907315 -3.104193 0.120505
Car -1 -1 -10 152.000000 186.000000 394.000000 264.000000 1.487037 1.589742 3.979646 -6.197955 1.744129 13.980665 0.040839 0.078906
