Car -1 -1 -10 172.000000 202.000000 346.000000 306.000000 1.478314 1.568907 3.731914 -6.023182 2.028150 12.745910 1.543282 0.998537
Car -1 -1 -10 408.000000 188.000000 483.000000 234.000000 1.465668 1.632913 3.976761 -5.918729 2.094910 26.270690 1.625304 0.998262
Car -1 -1 -10 317.000000 194.000000 428.000000 258.000000 1.451880 1.633969 4.010499 -6.029848 2.040090 18.695438 1.568968 0.998020
Car -1 -1 -10 689.000000 175.000000 765.000000 231.000000 1.492105 1.595141 3.884196 3.142631 1.530893 20.575343 -1.584894 0.997601
Car -1 -1 -10 923.000000 140.000000 1187.000000 221.000000 1.525040 1.670646 4.065363 9.159065 0.917688 14.618954 3.185831 0.991383
Car -1 -1 -10 672.000000 175.000000 735.000000 222.000000 1.531038 1.608121 3.837431 3.160408 1.579107 26.131307 -1.574213 0.985726
Car -1 -1 -10 654.000000 177.000000 700.000000 207.000000 1.528847 1.533608 3.649980 3.156127 1.709779 35.820012 1.540629 0.882168
Car -1 -1 -10 451.000000 186.000000 505.000000 223.000000 1.531461 1.588451 3.768185 -5.915269 2.223518 32.300809 1.557335 0.845697
Car -1 -1 -10 2.000000 216.000000 228.000000 375.000000 1.452164 1.598177 3.788268 -5.898604 1.993184 7.991240 1.581005 0.834509
Car -1 -1 -10 803.000000 154.000000 948.000000 210.000000 1.552765 1.647586 4.086688 8.224240 1.200260 22.683092 3.017445 0.676955
Car -1 -1 -10 863.000000 151.000000 1027.000000 211.000000 1.511959 1.610701 3.896482 8.927493 0.942510 19.335277 2.697578 0.575441
Car -1 -1 -10 643.000000 178.000000 682.000000 204.000000 1.588366 1.663340 3.935746 3.394776 1.891659 40.286782 -1.988725 0.296166
Car -1 -1 -10 490.000000 184.000000 530.000000 209.000000 1.548591 1.573639 3.903155 -5.871463 2.035487 41.246872 1.697263 0.224305
