Pedestrian -1 -1 -10 763.000000 162.000000 775.000000 202.000000 1.746525 0.649841 0.631931 4.809751 1.180639 22.005540 -1.283651 0.178132
Pedestrian -1 -1 -10 758.000000 162.000000 786.000000 205.000000 1.680536 0.541429 0.749361 5.004785 0.985704 22.617867 2.878256 0.012145
Car -1 -1 -10 745.000000 172.000000 883.000000 256.000000 1.469249 1.615904 3.899164 3.823097 1.400913 14.320267 -1.528723 0.998894
Car -1 -1 -10 560.000000 182.000000 614.000000 218.000000 1.423506 1.624609 4.010738 -0.808505 1.715369 29.120466 1.685647 0.997367
Car -1 -1 -10 942.000000 179.000000 1227.000000 372.000000 1.538659 1.637904 3.965048 3.253963 1.581270 3.472861 -1.516329 0.980265
Car -1 -1 -10 593.000000 178.000000 627.000000 207.000000 1.437186 1.593506 3.909647 -0.023277 1.744349 37.979949 -1.478753 0.955310
Car -1 -1 -10 700.000000 174.000000 731.000000 201.000000 1.560729 1.599907 3.821246 6.031998 1.550372 42.123381 -1.505510 0.049913
Car -1 -1 -10 694.000000 171.000000 722.000000 196.000000 1.483426 1.599064 3.684287 6.083608 1.213089 42.331576 2.127413 0.020500
Car -1 -1 -10 2.000000 206.000000 112.000000 344.000000 1.488645 1.554845 3.400767 -10.579896 1.429139 13.488312 1.779104 0.019686
Cyclist -1 -1 -10 758.000000 165.000000 778.000000 202.000000 1.713044 0.585789 1.637592 4.815593 1.134459 21.599082 -1.401666 0.012371
