Car -1 -1 -10 313.000000 197.000000 436.000000 263.000000 1.387847 1.603991 3.902992 -5.869036 1.997939 17.269260 -2.260010 0.999447
Car -1 -1 -10 189.000000 191.000000 255.000000 231.000000 1.439921 1.621253 3.987279 -15.803782 2.208004 29.006893 -2.192196 0.998730
Car -1 -1 -10 783.000000 178.000000 886.000000 237.000000 1.461025 1.672831 4.140317 5.632808 1.558258 18.576179 1.642418 0.998535
Car -1 -1 -10 169.000000 191.000000 231.000000 223.000000 1.518625 1.587728 3.797929 -19.143355 2.285226 33.327873 -2.193938 0.987240
Car -1 -1 -10 698.000000 178.000000 771.000000 232.000000 1.453234 1.557041 3.723150 3.292544 1.635637 19.692234 1.704702 0.983120
Car -1 -1 -10 374.000000 178.000000 472.000000 218.000000 1.515634 1.637051 3.907188 -8.646754 1.876367 33.314712 -3.176896 0.898451
Car -1 -1 -10 447.000000 166.000000 713.000000 312.000000 2.006568 1.737256 4.295314 -0.812374 1.942058 11.355422 -2.270017 0.753729
Car -1 -1 -10 848.000000 170.000000 1016.000000 229.000000 1.509067 1.655416 4.052077 8.348126 1.788482 19.217111 1.467120 0.379941
Car -1 -1 -10 320.000000 185.000000 408.000000 210.000000 1.515518 1.654829 4.116173 -12.952559 1.930289 37.952405 0.016798 0.206762
Car -1 -1 -10 745.000000 177.000000 811.000000 220.000000 1.553060 1.637497 3.917926 7.176794 1.640771 30.260354 1.308588 0.137893
Car -1 -1 -10 560.000000 175.000000 711.000000 262.000000 1.480497 1.538251 3.524367 1.139723 2.249825 16.070720 1.622117 0.022864
