Pedestrian -1 -1 -10 523.000000 165.000000 546.000000 210.000000 1.761460 0.652771 0.841241 -2.944921 1.097007 28.746981 1.837246 0.940928
Pedestrian -1 -1 -10 394.000000 167.000000 414.000000 215.000000 1.801784 0.641960 0.948145 -7.910232 1.268372 27.520701 -2.772618 0.709250
Pedestrian -1 -1 -10 425.000000 162.000000 446.000000 212.000000 1.806590 0.524062 0.906727 -6.343876 1.243427 26.239793 0.234653 0.275009
Pedestrian -1 -1 -10 286.000000 175.000000 299.000000 217.000000 1.753638 0.539570 0.736722 -13.663999 1.671765 30.954392 0.133682 0.174929
Pedestrian -1 -1 -10 279.000000 177.000000 292.000000 218.000000 1.737225 0.556999 0.743762 -13.723069 1.616006 30.422519 0.061723 0.046104
Pedestrian -1 -1 -10 827.000000 155.000000 839.000000 185.000000 1.775888 0.575745 0.745788 3.002887 1.006420 9.654755 0.421605 0.011858
Pedestrian -1 -1 -10 325.000000 173.000000 343.000000 200.000000 1.747964 0.550919 0.731708 -4.625341 1.271917 11.574055 -0.239638 0.011484
Car -1 -1 -10 451.000000 175.000000 527.000000 227.000000 1.446527 1.606639 3.809072 -3.478102 1.275956 21.616458 -1.589733 0.999393
Car -1 -1 -10 925.000000 162.000000 1012.000000 187.000000 1.474888 1.586758 3.940404 19.059836 0.402235 37.199329 3.164649 0.806527
Car -1 -1 -10 1001.000000 151.000000 1112.000000 185.000000 1.777020 1.711712 4.091895 24.168087 0.206789 37.817670 0.058611 0.470591
Car -1 -1 -10 481.000000 173.000000 517.000000 199.000000 1.415099 1.483175 3.099718 -3.287627 1.248507 21.778363 -2.373138 0.092223
Cyclist -1 -1 -10 637.000000 162.000000 672.000000 198.000000 1.733788 0.655460 1.781067 2.548801 0.885621 38.030196 2.778741 0.997944
Cyclist -1 -1 -10 751.000000 154.000000 800.000000 202.000000 1.747731 0.623373 1.781264 7.178456 0.745222 29.759374 -0.152075 0.997740
Cyclist -1 -1 -10 814.000000 153.000000 872.000000 201.000000 1.743596 0.599408 1.756081 8.358655 0.775865 25.346164 3.439611 0.664799
Cyclist -1 -1 -10 394.000000 167.000000 415.000000 213.000000 1.782696 0.648694 1.752236 -7.977904 1.233896 27.494530 1.898250 0.015397
