Pedestrian -1 -1 -10 594.000000 168.000000 606.000000 200.000000 1.678915 0.661142 0.555688 -0.536628 1.482124 34.813366 1.489420 0.010124
Car -1 -1 -10 491.000000 169.000000 553.000000 221.000000 1.648338 1.660296 3.981886 -3.057388 1.607224 25.914537 1.584977 0.999636
Car -1 -1 -10 696.000000 175.000000 794.000000 270.000000 1.579208 1.581667 3.384983 2.645627 1.710271 13.745980 -1.526773 0.999292
Car -1 -1 -10 12.000000 194.000000 424.000000 372.000000 1.464034 1.612962 3.836044 -2.980905 1.633790 6.334320 -1.576660 0.997849
Car -1 -1 -10 670.000000 182.000000 731.000000 242.000000 1.494809 1.594360 3.796235 2.483763 1.704686 18.774928 -1.530864 0.994161
Car -1 -1 -10 274.000000 167.000000 437.000000 225.000000 1.446826 1.638399 3.999904 -7.042687 1.365197 19.687935 -3.160044 0.986305
Car -1 -1 -10 532.000000 172.000000 573.000000 208.000000 1.527904 1.637215 3.993108 -2.797975 1.629648 34.041384 -1.543999 0.985731
Car -1 -1 -10 172.000000 199.000000 412.000000 309.000000 1.445463 1.583662 3.768502 -2.958143 1.597379 6.010297 -1.604096 0.012227
Car -1 -1 -10 593.000000 167.000000 605.000000 199.000000 1.520891 1.633918 3.716077 0.232730 1.095494 36.025598 -1.584720 0.011113
Cyclist -1 -1 -10 591.000000 167.000000 607.000000 205.000000 1.760564 0.618688 1.811912 -0.509901 1.572719 34.685217 1.620216 0.991817
