Car -1 -1 -10 320.000000 187.000000 457.000000 268.000000 1.503974 1.583495 3.710103 -4.513588 1.813239 15.298683 1.598525 0.999309
Car -1 -1 -10 531.000000 179.000000 565.000000 206.000000 1.564769 1.582771 3.506827 -3.582216 1.913393 42.181509 1.629986 0.999148
Car -1 -1 -10 412.000000 184.000000 499.000000 241.000000 1.511964 1.595493 3.844197 -4.425709 1.886859 21.029347 1.599395 0.998372
Car -1 -1 -10 790.000000 187.000000 1001.000000 311.000000 1.486087 1.618046 3.813159 3.863032 1.708074 10.486425 -1.548414 0.998268
Car -1 -1 -10 705.000000 180.000000 784.000000 235.000000 1.451610 1.661277 4.146393 3.870529 1.709398 21.316832 -1.573442 0.997515
Car -1 -1 -10 739.000000 182.000000 851.000000 258.000000 1.498304 1.616742 3.779578 3.897564 1.735295 16.056646 -1.539434 0.997159
Car -1 -1 -10 458.000000 184.000000 524.000000 226.000000 1.436627 1.609484 3.993725 -4.286845 1.843111 26.330354 1.585257 0.994880
Car -1 -1 -10 693.000000 178.000000 741.000000 221.000000 1.545718 1.611541 3.851437 4.509334 1.832385 31.842406 -1.524676 0.979008
Car -1 -1 -10 915.000000 183.000000 1242.000000 372.000000 1.578824 1.627662 3.738710 3.853447 1.747323 5.408497 -1.645107 0.947142
Car -1 -1 -10 686.000000 178.000000 724.000000 211.000000 1.512484 1.542326 3.416852 4.608014 1.963743 34.475282 -1.497675 0.410545
