Car -1 -1 -10 405.000000 189.000000 473.000000 233.000000 1.470817 1.590087 3.639605 -6.262303 2.126380 26.598099 1.619764 0.998504
Car -1 -1 -10 445.000000 188.000000 498.000000 222.000000 1.462263 1.602503 3.875829 -6.214953 2.153266 32.132747 1.568929 0.990266
Car -1 -1 -10 110.000000 200.000000 200.000000 235.000000 1.527385 1.653629 3.993300 -20.948924 2.860187 33.508118 -1.566116 0.961410
Car -1 -1 -10 654.000000 175.000000 708.000000 214.000000 1.514798 1.625081 3.905276 2.764940 1.579895 30.296594 -1.618665 0.905693
Car -1 -1 -10 65.000000 205.000000 144.000000 238.000000 1.460766 1.608776 3.851138 -23.496233 2.920096 34.315988 -1.548006 0.849630
Car -1 -1 -10 175.000000 200.000000 248.000000 235.000000 1.537109 1.635200 3.876404 -18.760340 2.747265 33.651764 0.943401 0.683831
Car -1 -1 -10 1010.000000 134.000000 1099.000000 178.000000 1.959876 1.746630 4.239791 24.462152 0.115278 39.726818 1.491123 0.673955
Car -1 -1 -10 479.000000 179.000000 519.000000 211.000000 1.594222 1.654496 3.875602 -6.231930 2.043867 40.188749 1.517146 0.412514
Car -1 -1 -10 11.000000 207.000000 98.000000 242.000000 1.538451 1.609196 3.753862 -25.803769 3.136749 34.274277 -1.563021 0.387265
Car -1 -1 -10 493.000000 181.000000 530.000000 206.000000 1.517896 1.568080 3.701094 -7.045858 2.175127 44.253896 -2.376981 0.025034
