Pedestrian -1 -1 -10 515.000000 166.000000 560.000000 275.000000 1.762055 0.615591 0.779381 -1.112432 1.551323 11.575584 0.450218 0.989224
Pedestrian -1 -1 -10 1117.000000 131.000000 1187.000000 299.000000 1.829129 0.631107 0.802914 6.211959 1.217204 8.104255 0.151736 0.971949
Pedestrian -1 -1 -10 499.000000 168.000000 535.000000 277.000000 1.769794 0.569747 0.931574 -1.367464 1.514965 11.321470 0.369912 0.941347
Pedestrian -1 -1 -10 1138.000000 126.000000 1219.000000 308.000000 1.869011 0.644787 1.072392 6.080772 1.279743 7.312192 0.174770 0.937805
Pedestrian -1 -1 -10 1003.000000 149.000000 1024.000000 213.000000 1.712674 0.532115 0.763694 10.449504 0.773568 18.303193 3.006677 0.172542
Pedestrian -1 -1 -10 1152.000000 134.000000 1222.000000 220.000000 1.794208 0.521948 0.693572 8.273441 1.326626 10.280403 0.843410 0.024301
Pedestrian -1 -1 -10 881.000000 153.000000 898.000000 196.000000 1.793145 0.544271 0.685073 13.513441 0.600540 33.549018 1.512554 0.022626
Car -1 -1 -10 448.000000 173.000000 481.000000 198.000000 1.606182 1.681355 3.998272 -8.709508 1.094296 44.056109 1.500249 0.997425
Car -1 -1 -10 0.000000 205.000000 295.000000 365.000000 1.513294 1.613898 3.822044 -3.233346 1.671359 3.276488 -1.531991 0.971807
Cyclist -1 -1 -10 1148.000000 129.000000 1222.000000 304.000000 1.841895 0.564789 1.747308 6.320851 1.234068 7.475470 0.115822 0.096247
Cyclist -1 -1 -10 501.000000 166.000000 540.000000 284.000000 1.741977 0.569983 1.752743 -1.417154 1.484670 11.294826 0.410093 0.023899
Cyclist -1 -1 -10 1149.000000 138.000000 1222.000000 207.000000 1.701351 0.516115 1.544974 11.545896 1.239200 14.413719 -0.925199 0.015552
Cyclist -1 -1 -10 515.000000 166.000000 559.000000 278.000000 1.766905 0.536039 1.826691 -1.329529 1.443976 11.405380 1.931127 0.014904
Cyclist -1 -1 -10 502.000000 171.000000 538.000000 213.000000 1.745072 0.600744 1.664683 -4.631724 1.228434 39.164563 -1.752454 0.010873
