Car -1 -1 -10 573.000000 175.000000 614.000000 212.000000 1.509369 1.627163 3.849121 -0.712003 1.086614 34.120975 -1.589105 0.999681
Car -1 -1 -10 303.000000 187.000000 446.000000 271.000000 1.454438 1.595779 3.869673 -4.509291 1.487244 14.500667 -1.562898 0.999622
Car -1 -1 -10 397.000000 180.000000 474.000000 233.000000 1.494871 1.602718 3.913342 -5.379005 1.348545 22.498698 -1.604943 0.996346
Car -1 -1 -10 -3.000000 187.000000 232.000000 294.000000 1.480235 1.611220 3.944998 -8.501146 1.528215 12.633122 -1.538520 0.981243
Car -1 -1 -10 266.000000 180.000000 362.000000 235.000000 1.502114 1.642663 3.903561 -8.995472 1.392780 22.416600 -1.632996 0.968492
Car -1 -1 -10 -4.000000 208.000000 229.000000 376.000000 1.517204 1.657776 3.992034 -4.679793 1.680587 5.166422 -1.569301 0.825316
Car -1 -1 -10 536.000000 166.000000 561.000000 192.000000 1.553757 1.629158 3.814360 -4.380820 0.994241 49.492860 -1.648062 0.093688
Car -1 -1 -10 387.000000 173.000000 437.000000 207.000000 1.528232 1.636490 3.972887 -8.339943 0.884703 32.293294 -1.262105 0.047552
Car -1 -1 -10 3.000000 209.000000 112.000000 335.000000 1.464649 1.588096 3.866083 -8.621445 1.341830 12.489641 -1.541919 0.023311
Car -1 -1 -10 494.000000 170.000000 544.000000 206.000000 1.581061 1.594608 3.709584 -4.388969 0.863452 33.845972 -1.581412 0.015174
