Pedestrian -1 -1 -10 1123.000000 205.000000 1242.000000 378.000000 1.750493 0.654553 0.735512 3.202368 1.931004 3.710625 -0.458141 0.018741
Car -1 -1 -10 920.000000 196.000000 1236.000000 374.000000 1.429981 1.625766 3.850407 4.494979 1.644455 6.090476 -0.015263 0.996662
Car -1 -1 -10 -5.000000 163.000000 229.000000 293.000000 1.657841 1.624485 3.807070 -7.844696 1.574033 10.361858 -3.310597 0.963296
Car -1 -1 -10 464.000000 174.000000 507.000000 203.000000 1.576098 1.650148 4.070541 -7.550997 1.706702 43.142864 -1.966273 0.961327
Car -1 -1 -10 1101.000000 195.000000 1237.000000 375.000000 1.506999 1.678785 3.977603 3.699666 1.550683 4.181884 0.039282 0.699152
Car -1 -1 -10 1.000000 168.000000 119.000000 326.000000 1.585932 1.642746 3.914619 -7.678322 1.551850 7.485402 -3.253266 0.367073
Car -1 -1 -10 257.000000 174.000000 358.000000 219.000000 1.509928 1.622009 3.729913 -10.641223 1.603383 25.806659 -3.386222 0.259735
Car -1 -1 -10 59.000000 148.000000 199.000000 230.000000 1.499060 1.617196 3.781609 -8.752752 0.624165 13.880480 1.439256 0.244186
Car -1 -1 -10 84.000000 174.000000 293.000000 266.000000 1.511640 1.628325 4.003226 -8.215520 1.623709 12.883337 -0.057500 0.154301
Car -1 -1 -10 144.000000 166.000000 334.000000 238.000000 1.664502 1.707899 3.963305 -9.551465 1.482409 19.008536 -3.411242 0.121158
