Pedestrian -1 -1 -10 374.000000 186.000000 434.000000 332.000000 1.669267 0.662171 0.679189 -2.238700 1.651788 7.957597 1.707498 0.997018
Pedestrian -1 -1 -10 891.000000 169.000000 931.000000 271.000000 1.665431 0.653124 0.728349 4.951180 1.511159 11.450087 -1.571925 0.995972
Pedestrian -1 -1 -10 331.000000 180.000000 369.000000 301.000000 1.750078 0.596890 0.634003 -3.400691 1.620507 9.702567 -0.219129 0.985416
Pedestrian -1 -1 -10 584.000000 171.000000 606.000000 239.000000 1.796297 0.602663 0.815967 -0.199701 1.580937 19.517880 1.538275 0.956945
Pedestrian -1 -1 -10 473.000000 177.000000 511.000000 273.000000 1.739286 0.579038 0.745344 -2.078072 1.625487 13.148457 1.956510 0.933747
Pedestrian -1 -1 -10 548.000000 173.000000 566.000000 232.000000 1.792074 0.614415 0.822570 -1.401191 1.614051 22.735882 1.960464 0.095065
Pedestrian -1 -1 -10 600.000000 173.000000 614.000000 223.000000 1.836591 0.612381 0.794686 0.298126 1.450908 30.431080 -1.573281 0.077274
Pedestrian -1 -1 -10 562.000000 172.000000 579.000000 226.000000 1.795549 0.615547 0.831997 -1.176018 1.562162 25.963514 1.482319 0.048780
Pedestrian -1 -1 -10 610.000000 174.000000 624.000000 216.000000 1.778232 0.577763 0.694150 0.684049 1.507669 31.478189 1.040668 0.036796
Pedestrian -1 -1 -10 624.000000 174.000000 639.000000 217.000000 1.725395 0.620809 0.648080 1.260035 1.306959 30.584733 2.566731 0.017560
Pedestrian -1 -1 -10 346.000000 187.000000 407.000000 302.000000 1.747261 0.694158 0.609302 -3.457505 1.599629 9.758605 0.296045 0.010599
Car -1 -1 -10 1159.000000 211.000000 1236.000000 363.000000 1.543072 1.607812 3.715681 2.019709 1.137348 0.406988 -1.473776 0.012280
Cyclist -1 -1 -10 328.000000 180.000000 372.000000 296.000000 1.749195 0.592698 1.783105 -3.573321 1.629035 9.522606 -1.384170 0.463412
Cyclist -1 -1 -10 471.000000 176.000000 512.000000 274.000000 1.719932 0.554199 1.752711 -2.011565 1.585926 13.227411 1.610404 0.067140
Cyclist -1 -1 -10 284.000000 185.000000 403.000000 281.000000 1.709900 0.627255 1.778650 -4.370896 1.803241 11.912785 0.208383 0.058169
Cyclist -1 -1 -10 370.000000 188.000000 434.000000 326.000000 1.710761 0.532608 1.691681 -2.250345 1.680858 7.998508 1.856370 0.044996
Cyclist -1 -1 -10 687.000000 169.000000 725.000000 243.000000 1.710910 0.499594 1.746096 2.582284 1.551618 18.248645 1.305456 0.038657
Cyclist -1 -1 -10 358.000000 197.000000 414.000000 279.000000 1.754526 0.670522 1.668931 -4.166646 1.762157 14.176557 2.248887 0.013600
