Pedestrian -1 -1 -10 1115.000000 117.000000 1228.000000 345.000000 1.714848 0.538643 0.648990 4.785469 1.348614 6.122167 1.644894 0.990039
Pedestrian -1 -1 -10 1194.000000 108.000000 1240.000000 306.000000 1.705730 0.637387 0.631260 6.774369 1.781008 7.997637 -1.386998 0.537337
Pedestrian -1 -1 -10 1121.000000 126.000000 1169.000000 274.000000 1.661066 0.605305 0.672036 6.592595 2.082438 8.697309 -0.375418 0.070727
Pedestrian -1 -1 -10 1088.000000 140.000000 1222.000000 240.000000 1.589920 0.546385 0.654569 9.358838 1.675380 13.934187 3.158382 0.056481
Pedestrian -1 -1 -10 1217.000000 85.000000 1241.000000 339.000000 1.743275 0.579371 0.741018 5.541942 0.766477 6.702016 3.712095 0.053614
Pedestrian -1 -1 -10 1149.000000 126.000000 1240.000000 255.000000 1.713273 0.571100 0.734795 7.018791 1.623287 8.631211 -0.491308 0.015669
Car -1 -1 -10 846.000000 166.000000 963.000000 212.000000 1.513174 1.595919 3.923907 10.077655 1.435724 24.732709 3.112625 0.993815
Car -1 -1 -10 979.000000 157.000000 1146.000000 206.000000 1.483199 1.665034 4.191827 14.905720 1.269155 24.746318 2.722399 0.977028
Car -1 -1 -10 132.000000 179.000000 302.000000 244.000000 1.862865 1.757767 4.171522 -12.876501 2.297936 23.894776 -3.108502 0.726268
Car -1 -1 -10 245.000000 185.000000 340.000000 218.000000 1.469461 1.604041 3.860826 -13.875549 1.977576 33.123002 1.003671 0.113325
Car -1 -1 -10 55.000000 198.000000 131.000000 227.000000 1.502857 1.603611 3.889794 -21.087116 3.102058 29.393118 1.451758 0.092545
Car -1 -1 -10 0.000000 207.000000 60.000000 251.000000 1.486530 1.659306 4.076803 -20.808261 2.609707 23.815935 -3.116199 0.091903
Car -1 -1 -10 1099.000000 133.000000 1224.000000 250.000000 1.574478 1.629719 3.856052 11.747515 1.181362 16.380142 2.724597 0.037136
Car -1 -1 -10 130.000000 194.000000 196.000000 223.000000 1.462966 1.643481 3.866417 -20.205704 2.318528 32.846454 0.769394 0.031623
Car -1 -1 -10 132.000000 189.000000 239.000000 229.000000 1.511986 1.611417 3.839067 -13.746431 2.139694 24.344752 -3.115518 0.021363
Car -1 -1 -10 305.000000 182.000000 385.000000 210.000000 1.559750 1.597525 3.925764 -11.787084 2.114684 35.024170 0.655329 0.012991
Car -1 -1 -10 1048.000000 154.000000 1228.000000 205.000000 1.482759 1.610113 3.781892 15.882198 1.190344 24.966244 0.450973 0.012220
Cyclist -1 -1 -10 1118.000000 126.000000 1236.000000 279.000000 1.697785 0.685479 1.780491 7.142750 1.678750 8.488063 3.425492 0.075241
Cyclist -1 -1 -10 1178.000000 117.000000 1239.000000 314.000000 1.716296 0.753367 1.751240 4.943349 1.227386 6.091325 2.854193 0.049183
