Car -1 -1 -10 667.000000 177.000000 731.000000 225.000000 1.423295 1.612326 3.713248 2.827841 1.630531 23.683951 -1.578013 0.999025
Car -1 -1 -10 330.000000 174.000000 473.000000 227.000000 1.534703 1.605463 3.954163 -6.442028 1.693697 22.425274 0.147973 0.995624
Car -1 -1 -10 727.000000 179.000000 896.000000 297.000000 1.496777 1.654765 3.843225 2.957893 1.664242 11.718711 -1.584306 0.995606
Car -1 -1 -10 801.000000 204.000000 1221.000000 375.000000 1.452238 1.575656 3.611008 2.917193 1.735121 6.056817 -1.617981 0.995580
Car -1 -1 -10 0.000000 156.000000 313.000000 301.000000 1.702157 1.651091 3.906948 -6.294106 1.521943 9.858018 -3.222957 0.984948
Car -1 -1 -10 185.000000 172.000000 411.000000 263.000000 1.571081 1.564733 3.700055 -6.120688 1.632038 14.489599 -3.109191 0.968041
Car -1 -1 -10 647.000000 172.000000 691.000000 209.000000 1.552868 1.594185 3.897225 2.686748 1.648232 34.751562 -1.573368 0.877389
Car -1 -1 -10 259.000000 174.000000 439.000000 236.000000 1.544614 1.621721 3.784461 -6.336425 1.743149 17.598659 1.704828 0.635660
Car -1 -1 -10 378.000000 170.000000 508.000000 216.000000 1.665047 1.658411 3.925850 -6.276720 1.584760 27.135966 -3.081239 0.369129
Car -1 -1 -10 436.000000 175.000000 520.000000 210.000000 1.568751 1.613717 3.821680 -5.806749 1.734079 35.132296 -3.177528 0.247446
Car -1 -1 -10 -1.000000 184.000000 87.000000 375.000000 1.542756 1.646249 3.993898 -6.204219 1.629210 5.631272 -3.349312 0.092616
