Pedestrian -1 -1 -10 937.000000 190.000000 972.000000 276.000000 1.684466 0.550627 0.676677 5.832487 1.728430 12.425114 2.990286 0.084448
Car -1 -1 -10 688.000000 179.000000 814.000000 261.000000 1.490834 1.635222 4.095522 2.659637 1.606438 14.854212 -1.582703 0.999223
Car -1 -1 -10 0.000000 170.000000 338.000000 277.000000 1.548600 1.555499 4.026832 -6.634352 1.583834 11.365832 0.007706 0.986672
Car -1 -1 -10 417.000000 168.000000 517.000000 207.000000 1.465736 1.582573 4.219359 -6.237353 1.365635 28.987512 -3.138300 0.984501
Car -1 -1 -10 754.000000 172.000000 917.000000 235.000000 1.475520 1.604477 3.852096 6.469709 1.564283 19.946302 0.068872 0.975246
Car -1 -1 -10 229.000000 167.000000 462.000000 241.000000 1.614548 1.679911 4.000699 -5.282799 1.432847 17.042260 0.727384 0.963831
Car -1 -1 -10 706.000000 171.000000 781.000000 211.000000 1.523382 1.611790 3.981260 6.012551 1.277276 33.725154 1.292103 0.859048
Car -1 -1 -10 672.000000 169.000000 726.000000 195.000000 1.482432 1.619159 3.768767 5.360524 1.347008 43.827505 -0.068872 0.659832
Car -1 -1 -10 326.000000 168.000000 486.000000 223.000000 1.500078 1.622525 3.930079 -5.343376 1.334169 19.208997 -2.991338 0.516890
Car -1 -1 -10 179.000000 161.000000 332.000000 245.000000 1.544414 1.640307 4.005662 -6.936713 1.265253 14.867071 -1.899928 0.157507
Car -1 -1 -10 452.000000 165.000000 531.000000 199.000000 1.544053 1.634730 3.935281 -5.937109 1.530817 33.675905 -0.131500 0.087834
