Pedestrian -1 -1 -10 707.000000 168.000000 734.000000 247.000000 1.748920 0.588397 0.757830 2.084833 1.590325 14.274005 2.630329 0.614976
Pedestrian -1 -1 -10 727.000000 167.000000 769.000000 255.000000 1.717704 0.599447 0.796485 2.361994 1.457095 12.553115 1.244582 0.080091
Pedestrian -1 -1 -10 712.000000 173.000000 755.000000 248.000000 1.677414 0.517276 0.627247 2.113372 1.478315 12.471546 2.322777 0.046434
Pedestrian -1 -1 -10 744.000000 162.000000 786.000000 241.000000 1.688302 0.589224 0.801357 2.982580 1.203718 13.516200 -0.867016 0.029979
Pedestrian -1 -1 -10 718.000000 162.000000 807.000000 260.000000 1.767569 0.624499 0.904383 2.449648 1.393944 12.807592 -2.884274 0.026079
Pedestrian -1 -1 -10 758.000000 155.000000 787.000000 217.000000 1.757248 0.536575 0.620740 2.777915 1.435709 13.072131 -2.013818 0.023777
Pedestrian -1 -1 -10 736.000000 169.000000 766.000000 215.000000 1.800498 0.643800 0.650463 4.446237 1.877656 23.987818 -1.957410 0.010032
Car -1 -1 -10 596.000000 173.000000 624.000000 200.000000 1.596854 1.632432 4.041223 -0.058431 1.694116 46.653339 -1.559566 0.998299
Car -1 -1 -10 2.000000 169.000000 415.000000 373.000000 1.547998 1.604919 3.785054 -2.762707 1.571755 5.051583 -1.588406 0.993662
Car -1 -1 -10 429.000000 181.000000 468.000000 207.000000 1.493581 1.638527 3.868434 -9.757711 2.184505 43.867629 1.529218 0.978059
Car -1 -1 -10 0.000000 175.000000 178.000000 367.000000 1.530395 1.621590 3.929566 -2.664547 1.253502 4.392679 -3.394210 0.051310
Car -1 -1 -10 3.000000 162.000000 107.000000 197.000000 1.533909 1.637487 3.856729 -32.340081 1.570760 40.440323 1.552545 0.019895
Car -1 -1 -10 3.000000 172.000000 125.000000 213.000000 1.831315 1.667198 4.188816 -31.980883 2.253735 41.328209 2.080309 0.010518
Cyclist -1 -1 -10 730.000000 148.000000 867.000000 275.000000 1.773463 0.680833 1.759476 2.871223 1.485256 11.073001 3.311413 0.999835
Cyclist -1 -1 -10 731.000000 156.000000 797.000000 265.000000 1.773632 0.619272 1.791606 2.639011 1.442378 12.924790 3.199084 0.968169
Cyclist -1 -1 -10 900.000000 177.000000 944.000000 227.000000 1.623745 0.511077 1.694776 7.932193 1.491912 18.092676 1.617375 0.881917
Cyclist -1 -1 -10 717.000000 166.000000 775.000000 252.000000 1.730553 0.565965 1.758160 2.340507 1.450447 12.542030 2.223689 0.818988
Cyclist -1 -1 -10 707.000000 169.000000 743.000000 248.000000 1.701774 0.485213 1.641273 2.101522 1.549450 14.486522 -1.757246 0.800082
Cyclist -1 -1 -10 722.000000 176.000000 751.000000 250.000000 1.719924 0.467498 1.452887 2.791917 1.749063 15.555376 -1.447350 0.334011
Cyclist -1 -1 -10 744.000000 162.000000 786.000000 241.000000 1.722898 0.557733 1.749427 2.938920 1.290761 13.711597 -1.479267 0.147570
Cyclist -1 -1 -10 735.000000 166.000000 761.000000 254.000000 1.711207 0.604785 1.736728 2.376773 1.355178 12.483105 1.796163 0.065904
Cyclist -1 -1 -10 760.000000 157.000000 830.000000 210.000000 1.658231 0.473980 1.520979 2.609326 0.968639 10.724371 -1.371532 0.047963
Cyclist -1 -1 -10 761.000000 154.000000 787.000000 220.000000 1.731320 0.516002 1.492597 3.787209 1.391338 17.928676 -1.362673 0.012301
