Pedestrian -1 -1 -10 741.000000 168.000000 753.000000 200.000000 1.809906 0.586975 0.989929 7.181124 1.531646 38.273034 -1.365996 0.186811
Pedestrian -1 -1 -10 745.000000 170.000000 756.000000 200.000000 1.771807 0.640881 0.707049 7.314911 1.346308 38.539003 -1.888062 0.071725
Car -1 -1 -10 774.000000 176.000000 918.000000 279.000000 1.514845 1.586005 3.721747 3.736352 1.623520 12.106664 -1.438812 0.998952
Car -1 -1 -10 173.000000 200.000000 428.000000 332.000000 1.466486 1.654535 4.113038 -4.102535 1.912378 10.447978 1.659586 0.998819
Car -1 -1 -10 760.000000 177.000000 824.000000 229.000000 1.527295 1.640194 3.845344 5.517425 1.626537 22.217163 -1.350860 0.979782
Car -1 -1 -10 746.000000 177.000000 796.000000 216.000000 1.545645 1.587271 3.909473 6.231330 1.615224 28.366519 1.732657 0.950230
Car -1 -1 -10 649.000000 171.000000 688.000000 197.000000 1.578651 1.629588 3.853219 4.180175 1.657504 50.523532 2.060609 0.896531
Car -1 -1 -10 815.000000 179.000000 876.000000 226.000000 1.556367 1.467509 3.196647 10.423208 1.345441 30.607920 1.816411 0.035279
Car -1 -1 -10 769.000000 177.000000 871.000000 244.000000 1.475908 1.569777 3.580262 6.195228 1.446389 22.148919 2.731513 0.012803
Cyclist -1 -1 -10 744.000000 169.000000 755.000000 201.000000 1.699700 0.533670 1.634250 7.348857 1.172943 38.818242 -2.949150 0.011893
