Pedestrian -1 -1 -10 686.000000 155.000000 718.000000 238.000000 1.826564 0.736856 0.971112 2.202354 1.192550 16.147149 -1.459882 0.997831
Pedestrian -1 -1 -10 660.000000 158.000000 689.000000 238.000000 1.712777 0.648500 0.760857 1.580377 1.233525 15.984260 1.156874 0.994619
Pedestrian -1 -1 -10 442.000000 164.000000 471.000000 243.000000 1.721524 0.643367 0.836763 -3.188153 1.277959 15.556325 -1.833096 0.970026
Pedestrian -1 -1 -10 55.000000 177.000000 99.000000 265.000000 1.750357 0.775428 0.755869 -11.562830 2.296082 15.748383 -1.777450 0.808095
Pedestrian -1 -1 -10 531.000000 164.000000 545.000000 203.000000 1.780918 0.641090 0.768912 -2.818229 0.966084 31.726293 -2.044429 0.683941
Pedestrian -1 -1 -10 560.000000 163.000000 580.000000 201.000000 1.805213 0.696873 0.997624 -1.622732 0.958791 35.163377 0.997197 0.074288
Pedestrian -1 -1 -10 1124.000000 183.000000 1239.000000 372.000000 1.667140 0.439319 0.653254 3.217967 1.589615 3.964297 -0.874169 0.050227
Pedestrian -1 -1 -10 674.000000 158.000000 708.000000 223.000000 1.705730 0.637387 0.631260 2.013760 1.236672 16.469229 -1.962504 0.035795
Pedestrian -1 -1 -10 736.000000 159.000000 748.000000 196.000000 1.770155 0.619765 0.737858 5.845762 0.740934 29.679799 0.243667 0.030104
Pedestrian -1 -1 -10 745.000000 147.000000 761.000000 201.000000 1.882466 0.670284 0.937681 5.671496 0.627465 26.904205 2.274919 0.015470
Pedestrian -1 -1 -10 25.000000 201.000000 48.000000 267.000000 1.808766 0.721407 0.760387 -12.288378 2.194908 15.388641 -1.927066 0.012211
Pedestrian -1 -1 -10 896.000000 203.000000 1239.000000 365.000000 1.817079 0.659488 0.971471 1.919026 1.802869 3.219349 -0.501201 0.010568
Cyclist -1 -1 -10 591.000000 159.000000 621.000000 208.000000 1.697887 0.606779 1.766666 0.213442 0.892954 28.404034 1.860687 0.970203
Cyclist -1 -1 -10 558.000000 164.000000 581.000000 201.000000 1.777795 0.582986 1.836324 -1.564014 0.927541 35.112016 0.960820 0.940935
Cyclist -1 -1 -10 440.000000 164.000000 472.000000 244.000000 1.788706 0.534767 1.743292 -3.312916 1.340941 15.564738 -1.913062 0.290648
Cyclist -1 -1 -10 585.000000 162.000000 603.000000 200.000000 1.739449 0.481550 1.731321 -0.499535 0.920118 36.131003 -2.070138 0.148028
Cyclist -1 -1 -10 530.000000 165.000000 545.000000 202.000000 1.764479 0.598560 1.749078 -2.808618 0.946448 31.812776 1.494348 0.142776
Cyclist -1 -1 -10 686.000000 158.000000 722.000000 233.000000 1.801913 0.596531 1.748563 2.112165 1.221615 16.385870 -1.921629 0.077118
Cyclist -1 -1 -10 566.000000 164.000000 587.000000 194.000000 1.759644 0.648479 1.797422 -1.511763 0.816192 35.089427 1.126275 0.048575
Cyclist -1 -1 -10 1129.000000 179.000000 1237.000000 376.000000 1.780152 0.521559 1.550569 2.544537 1.532885 3.372908 1.306268 0.037471
Cyclist -1 -1 -10 965.000000 196.000000 1224.000000 373.000000 1.646627 0.751856 1.729490 2.120722 1.495074 3.048080 0.680602 0.021784
Cyclist -1 -1 -10 42.000000 174.000000 111.000000 269.000000 1.719735 0.483885 1.722446 -11.550087 1.723365 15.724359 -2.871960 0.013969
