Car -1 -1 -10 381.000000 190.000000 459.000000 240.000000 1.464994 1.629521 3.975252 -6.112451 2.062202 23.222552 1.561803 0.997832
Car -1 -1 -10 444.000000 187.000000 499.000000 224.000000 1.458263 1.594392 3.948463 -5.978680 2.103013 30.774033 1.602730 0.997329
Car -1 -1 -10 673.000000 175.000000 740.000000 220.000000 1.497917 1.606802 3.979402 3.088006 1.545606 25.215638 -1.575926 0.997296
Car -1 -1 -10 298.000000 195.000000 411.000000 266.000000 1.509434 1.571952 3.779893 -6.048246 2.054576 17.302478 1.546320 0.994904
Car -1 -1 -10 855.000000 147.000000 1038.000000 210.000000 1.561237 1.661885 4.113342 9.064237 0.976559 19.281098 3.142175 0.993429
Car -1 -1 -10 152.000000 200.000000 342.000000 308.000000 1.462699 1.587303 3.870543 -5.965805 2.001489 12.507468 1.551013 0.981019
Car -1 -1 -10 -1.000000 211.000000 204.000000 375.000000 1.520176 1.606410 3.810273 -5.967654 2.073104 7.221394 1.618195 0.968676
Car -1 -1 -10 659.000000 175.000000 716.000000 212.000000 1.497890 1.613480 3.904251 3.083451 1.547520 30.762980 -1.570158 0.940090
Car -1 -1 -10 1168.000000 132.000000 1239.000000 179.000000 1.542047 1.634605 3.939888 23.313382 0.142940 26.767777 -0.005950 0.732870
Car -1 -1 -10 767.000000 157.000000 937.000000 203.000000 1.586106 1.557501 3.899869 8.623856 1.112121 23.925357 2.999809 0.449461
Car -1 -1 -10 649.000000 177.000000 686.000000 205.000000 1.459599 1.611327 3.830389 3.233243 1.852042 40.693388 1.538350 0.374975
Car -1 -1 -10 472.000000 185.000000 514.000000 215.000000 1.541636 1.619285 3.929856 -5.913932 2.108503 36.918710 1.543958 0.084185
