Pedestrian -1 -1 -10 20.000000 174.000000 101.000000 352.000000 1.733326 0.668004 0.662507 -5.422839 1.470809 6.865194 -1.838525 0.401249
Pedestrian -1 -1 -10 98.000000 179.000000 149.000000 290.000000 1.803846 0.667121 0.658332 -13.345981 2.166270 19.650656 -1.818159 0.369711
Pedestrian -1 -1 -10 703.000000 174.000000 723.000000 212.000000 1.705730 0.637387 0.631260 2.960217 1.174871 22.603284 -1.945587 0.061999
Pedestrian -1 -1 -10 81.000000 176.000000 171.000000 320.000000 1.751372 0.640555 0.465485 -4.618645 1.435789 6.564849 -2.124314 0.051115
Pedestrian -1 -1 -10 39.000000 188.000000 222.000000 330.000000 1.770642 0.596562 0.920627 -3.237624 1.744401 4.813023 -2.705264 0.038655
Pedestrian -1 -1 -10 -4.000000 208.000000 319.000000 370.000000 1.735285 0.703490 1.021368 -2.933349 1.951992 4.440283 -3.367649 0.013028
Pedestrian -1 -1 -10 711.000000 173.000000 729.000000 219.000000 1.656289 0.559046 0.789366 4.267130 1.460026 27.047780 2.651673 0.011582
Car -1 -1 -10 671.000000 176.000000 800.000000 265.000000 1.479248 1.591632 3.815470 2.154126 1.556911 13.573718 -1.613501 0.999089
Car -1 -1 -10 634.000000 175.000000 700.000000 221.000000 1.529872 1.651945 4.002122 1.949652 1.624717 26.241092 -1.685414 0.997888
Car -1 -1 -10 492.000000 175.000000 543.000000 223.000000 1.560854 1.655777 3.713090 -3.382774 1.764679 27.171635 -1.674411 0.997130
Car -1 -1 -10 150.000000 187.000000 304.000000 254.000000 1.502102 1.618616 3.733856 -9.319741 1.876606 17.316552 -3.140460 0.996029
Car -1 -1 -10 -3.000000 199.000000 320.000000 372.000000 1.479848 1.642604 3.952059 -3.510897 1.684871 4.669981 -1.650397 0.992366
Car -1 -1 -10 624.000000 176.000000 671.000000 211.000000 1.515624 1.567771 3.784353 1.611320 1.690625 32.265695 -1.655098 0.575617
Car -1 -1 -10 619.000000 171.000000 653.000000 203.000000 1.680545 1.661592 3.934384 1.476466 1.570152 42.727064 -1.614119 0.549280
Car -1 -1 -10 528.000000 178.000000 556.000000 206.000000 1.571842 1.620552 3.695850 -3.956146 1.922813 40.999316 -1.662365 0.433243
Car -1 -1 -10 11.000000 180.000000 141.000000 349.000000 1.490804 1.575635 3.743329 -4.669147 1.266481 7.043825 0.275560 0.139422
Car -1 -1 -10 45.000000 188.000000 221.000000 346.000000 1.507448 1.653826 3.902628 -3.509574 1.635521 4.004622 1.507458 0.106709
Car -1 -1 -10 79.000000 186.000000 175.000000 318.000000 1.543646 1.589310 3.959330 -4.301105 1.357636 3.995929 0.084878 0.035775
Car -1 -1 -10 511.000000 176.000000 549.000000 209.000000 1.449428 1.556795 3.376979 -2.175656 1.185410 18.889575 2.337822 0.027748
Car -1 -1 -10 610.000000 172.000000 637.000000 197.000000 1.498737 1.634300 3.877638 2.188734 1.632999 42.067425 -0.913124 0.026081
Car -1 -1 -10 94.000000 192.000000 155.000000 270.000000 1.504304 1.544310 3.330268 -8.120597 1.330582 11.637266 1.537578 0.026049
Cyclist -1 -1 -10 87.000000 192.000000 161.000000 277.000000 1.670499 0.649393 1.670316 -13.503618 1.732501 19.837981 -2.234568 0.214619
Cyclist -1 -1 -10 58.000000 189.000000 194.000000 311.000000 1.675955 0.607738 1.757379 -3.295172 1.347293 4.110363 -1.695183 0.084244
Cyclist -1 -1 -10 707.000000 174.000000 720.000000 213.000000 1.616471 0.460016 1.632717 4.363633 1.390210 29.133850 -1.593488 0.047783
Cyclist -1 -1 -10 24.000000 166.000000 115.000000 329.000000 1.686667 0.657658 1.774987 -5.399218 1.219628 7.034859 -2.143099 0.034932
Cyclist -1 -1 -10 705.000000 176.000000 733.000000 214.000000 1.679297 0.512040 1.725162 4.583203 1.271148 27.702774 1.188972 0.029974
Cyclist -1 -1 -10 10.000000 199.000000 265.000000 359.000000 1.732428 0.623788 1.924745 -3.012956 1.793021 4.124621 1.625759 0.014548
