Car -1 -1 -10 710.000000 183.000000 833.000000 278.000000 1.446736 1.576238 3.554711 2.846655 1.726437 13.483690 -1.565923 0.999278
Car -1 -1 -10 6.000000 196.000000 302.000000 323.000000 1.486437 1.621226 4.112284 -6.292672 1.753674 9.127275 0.010953 0.998523
Car -1 -1 -10 763.000000 174.000000 948.000000 243.000000 1.578168 1.663825 3.931169 6.424630 1.694003 18.660531 0.011960 0.998093
Car -1 -1 -10 113.000000 182.000000 398.000000 278.000000 1.496118 1.591772 4.109230 -6.338224 1.635367 13.481928 -0.029814 0.993005
Car -1 -1 -10 636.000000 176.000000 666.000000 203.000000 1.551201 1.661108 4.047948 2.921203 1.840440 47.526852 -1.516994 0.990141
Car -1 -1 -10 368.000000 180.000000 475.000000 226.000000 1.527131 1.633735 4.004493 -6.119000 1.695994 23.334352 -3.200271 0.960636
Car -1 -1 -10 213.000000 181.000000 445.000000 253.000000 1.626766 1.585372 4.113653 -6.106908 1.707998 16.101999 0.061961 0.910563
Car -1 -1 -10 705.000000 178.000000 794.000000 217.000000 1.473961 1.594029 3.920049 5.999987 1.912988 31.208203 -0.104264 0.898879
Car -1 -1 -10 433.000000 178.000000 533.000000 213.000000 1.604990 1.652221 3.833118 -5.276789 1.885215 33.912956 1.583268 0.623344
Car -1 -1 -10 1.000000 196.000000 148.000000 342.000000 1.519515 1.614422 3.946134 -6.988222 1.717762 8.455738 1.526392 0.189332
Car -1 -1 -10 303.000000 180.000000 454.000000 234.000000 1.512882 1.594301 3.860258 -6.231353 1.749263 21.011400 0.612115 0.159374
Car -1 -1 -10 733.000000 179.000000 822.000000 226.000000 1.481826 1.525846 3.367556 5.840959 1.484742 25.272330 1.303909 0.156948
