Pedestrian -1 -1 -10 802.000000 157.000000 866.000000 311.000000 1.787450 0.678963 0.872564 2.643076 1.468339 8.326349 -1.667238 0.998937
Pedestrian -1 -1 -10 240.000000 165.000000 284.000000 278.000000 1.741015 0.634082 0.965833 -5.564190 1.499682 11.539262 -2.110091 0.998286
Pedestrian -1 -1 -10 715.000000 157.000000 774.000000 320.000000 1.694961 0.565810 0.718218 1.514264 1.482119 7.918093 -1.823090 0.994567
Pedestrian -1 -1 -10 1088.000000 141.000000 1187.000000 322.000000 1.744711 0.605068 0.934041 5.321489 1.434843 7.146498 3.388784 0.994341
Pedestrian -1 -1 -10 768.000000 158.000000 813.000000 267.000000 1.754958 0.679187 0.939818 2.964187 1.319621 11.341503 -2.062281 0.978402
Pedestrian -1 -1 -10 354.000000 168.000000 399.000000 266.000000 1.713753 0.736128 0.713968 -3.786588 1.498287 12.357475 1.858057 0.773899
Pedestrian -1 -1 -10 328.000000 167.000000 362.000000 256.000000 1.666919 0.560582 0.561230 -4.454136 1.016006 12.274290 2.207725 0.544664
Pedestrian -1 -1 -10 262.000000 161.000000 280.000000 223.000000 1.802736 0.553094 0.778559 -5.003668 1.174685 10.542365 -0.323585 0.467441
Pedestrian -1 -1 -10 622.000000 167.000000 647.000000 240.000000 1.693974 0.582289 0.864902 0.702357 1.346873 17.051113 -2.042516 0.326592
Pedestrian -1 -1 -10 720.000000 166.000000 760.000000 259.000000 1.755863 0.624093 0.644546 1.471586 1.317182 7.850547 -1.919589 0.313061
Pedestrian -1 -1 -10 717.000000 170.000000 738.000000 238.000000 1.766137 0.627885 0.658431 3.028477 1.425401 17.897715 3.093807 0.294669
Pedestrian -1 -1 -10 796.000000 155.000000 812.000000 214.000000 1.727034 0.513727 0.585822 4.893174 0.823024 16.507013 -0.752451 0.242553
Pedestrian -1 -1 -10 1089.000000 142.000000 1145.000000 275.000000 1.786527 0.696567 0.617500 6.136356 1.264356 8.600880 1.063761 0.198036
Pedestrian -1 -1 -10 730.000000 162.000000 753.000000 234.000000 1.705730 0.637387 0.631260 3.175737 1.379696 17.614691 -1.893944 0.179174
Pedestrian -1 -1 -10 685.000000 176.000000 708.000000 227.000000 1.720141 0.350858 0.691701 2.630132 1.667259 22.088022 -1.411123 0.161227
Car -1 -1 -10 395.000000 156.000000 483.000000 227.000000 1.948055 1.778269 4.220700 -4.877403 1.229547 22.239465 1.542932 0.974166
Car -1 -1 -10 438.000000 162.000000 503.000000 217.000000 1.585867 1.452545 3.132213 -4.932637 0.938052 25.299542 -1.669295 0.222073
Car -1 -1 -10 525.000000 164.000000 569.000000 205.000000 1.453437 1.663002 3.879366 -2.555631 1.006847 32.731125 1.493718 0.018894
Cyclist -1 -1 -10 621.000000 167.000000 648.000000 239.000000 1.781524 0.539990 1.686421 0.767845 1.417469 17.159082 -1.611795 0.952237
Cyclist -1 -1 -10 351.000000 166.000000 401.000000 270.000000 1.769020 0.577743 1.796962 -3.815502 1.510430 12.156900 1.594711 0.644003
Cyclist -1 -1 -10 718.000000 166.000000 751.000000 241.000000 1.680631 0.561700 1.718146 3.072467 1.243255 18.157898 3.250001 0.178349
Cyclist -1 -1 -10 328.000000 167.000000 375.000000 267.000000 1.756946 0.526149 1.810678 -4.183115 1.433724 12.008662 1.296479 0.153582
Cyclist -1 -1 -10 705.000000 174.000000 735.000000 233.000000 1.668627 0.513420 1.810027 2.990196 1.319068 18.066689 -1.486261 0.131499
Cyclist -1 -1 -10 719.000000 164.000000 768.000000 298.000000 1.758338 0.546770 1.738390 1.515667 1.487736 7.915972 -1.951526 0.079181
Cyclist -1 -1 -10 732.000000 164.000000 758.000000 228.000000 1.652852 0.453819 1.655434 4.103539 0.886462 19.577227 -1.617122 0.031904
Cyclist -1 -1 -10 1086.000000 139.000000 1180.000000 317.000000 1.725837 0.577741 1.655189 5.397087 1.366329 7.255218 3.262405 0.024610
Cyclist -1 -1 -10 684.000000 175.000000 716.000000 230.000000 1.701034 0.497580 1.668840 2.674011 1.279001 19.222228 -1.941805 0.019770
