Car -1 -1 -10 728.000000 179.000000 833.000000 261.000000 1.527211 1.597354 3.738803 3.489839 1.748682 15.533140 -1.521718 0.999348
Car -1 -1 -10 703.000000 175.000000 784.000000 238.000000 1.550095 1.635757 3.834241 3.775922 1.703051 20.643192 -1.553291 0.988839
Car -1 -1 -10 280.000000 180.000000 474.000000 237.000000 1.494589 1.660013 4.031302 -6.035326 1.689408 19.239606 -3.128899 0.987742
Car -1 -1 -10 51.000000 186.000000 421.000000 282.000000 1.557309 1.623304 4.111300 -5.671909 1.709498 12.290103 0.103626 0.986523
Car -1 -1 -10 424.000000 176.000000 529.000000 220.000000 1.647035 1.663163 3.953871 -5.287834 1.840508 27.793005 0.001902 0.978470
Car -1 -1 -10 681.000000 180.000000 726.000000 212.000000 1.522072 1.571565 3.584214 4.194365 1.875685 34.023094 -1.598095 0.977535
Car -1 -1 -10 381.000000 179.000000 498.000000 224.000000 1.566943 1.661755 3.854987 -5.925237 1.761495 24.858114 -3.175774 0.958595
Car -1 -1 -10 187.000000 183.000000 432.000000 253.000000 1.536398 1.618357 3.854213 -5.152960 1.824542 13.459073 0.741592 0.635193
Car -1 -1 -10 463.000000 176.000000 550.000000 212.000000 1.574081 1.650099 3.979383 -4.778468 1.824487 33.662508 0.277424 0.134924
Car -1 -1 -10 11.000000 187.000000 243.000000 287.000000 1.479988 1.558251 3.837404 -6.145111 1.528203 12.421506 0.394349 0.117099
