Pedestrian -1 -1 -10 724.000000 145.000000 765.000000 246.000000 1.715346 0.602530 0.893420 2.375989 1.125022 12.394618 -2.022930 0.999022
Pedestrian -1 -1 -10 593.000000 152.000000 635.000000 253.000000 1.663852 0.538674 0.556232 0.096129 1.165625 11.618435 1.561208 0.997771
Pedestrian -1 -1 -10 561.000000 156.000000 593.000000 252.000000 1.651066 0.528269 0.515621 -0.473915 1.203254 11.405577 1.132754 0.993738
Pedestrian -1 -1 -10 526.000000 139.000000 557.000000 221.000000 1.799637 0.668732 0.838215 -1.462949 0.866337 16.102433 1.533943 0.990837
Pedestrian -1 -1 -10 474.000000 140.000000 500.000000 221.000000 1.748577 0.579800 0.917462 -2.771991 0.854600 15.983240 0.933065 0.966922
Pedestrian -1 -1 -10 511.000000 141.000000 539.000000 218.000000 1.790677 0.588758 0.845522 -2.049598 0.925104 16.946295 2.485429 0.947001
Pedestrian -1 -1 -10 650.000000 139.000000 672.000000 202.000000 1.806197 0.647319 0.786834 1.516240 0.587553 20.852840 -1.971190 0.901996
Pedestrian -1 -1 -10 622.000000 144.000000 638.000000 194.000000 1.720760 0.733186 0.768254 0.873739 0.447332 24.776690 3.059267 0.733024
Pedestrian -1 -1 -10 562.000000 141.000000 578.000000 192.000000 1.646879 0.500092 0.746554 -1.268283 0.526755 24.991131 2.044606 0.667772
Pedestrian -1 -1 -10 437.000000 139.000000 468.000000 213.000000 1.740229 0.571556 0.697664 -3.373786 0.771688 15.520025 1.161264 0.627931
Pedestrian -1 -1 -10 246.000000 130.000000 282.000000 267.000000 1.779362 0.586381 1.007416 -5.832946 1.021796 11.967114 2.131611 0.511036
Pedestrian -1 -1 -10 429.000000 140.000000 454.000000 215.000000 1.692664 0.568197 0.462771 -3.444735 0.638097 15.389590 1.792615 0.290367
Pedestrian -1 -1 -10 268.000000 137.000000 325.000000 269.000000 1.852310 0.688217 0.897385 -5.080534 1.176377 11.576409 1.147759 0.245977
Pedestrian -1 -1 -10 486.000000 140.000000 506.000000 181.000000 1.838820 0.625269 0.730503 -5.675563 -0.136763 36.763934 -1.637127 0.225142
Pedestrian -1 -1 -10 607.000000 145.000000 637.000000 219.000000 1.768099 0.517510 0.642391 0.156564 1.454478 12.523016 0.600602 0.140824
Pedestrian -1 -1 -10 450.000000 141.000000 473.000000 202.000000 1.771547 0.658230 0.641920 -4.778705 0.481282 23.217402 -2.212371 0.136546
Pedestrian -1 -1 -10 505.000000 144.000000 519.000000 184.000000 1.782689 0.624544 0.848923 -4.185327 0.284358 30.935090 2.490460 0.091922
Pedestrian -1 -1 -10 567.000000 145.000000 589.000000 208.000000 1.755869 0.586307 0.742939 -0.494568 1.020399 9.921740 0.075219 0.053702
Cyclist -1 -1 -10 272.000000 138.000000 323.000000 261.000000 1.847190 0.600290 1.772337 -5.082121 1.170351 11.469402 1.161417 0.670444
Cyclist -1 -1 -10 424.000000 143.000000 466.000000 220.000000 1.763391 0.652207 1.839377 -3.384241 0.838896 15.363453 0.812373 0.662130
Cyclist -1 -1 -10 650.000000 140.000000 672.000000 202.000000 1.808224 0.493361 1.724092 1.458398 0.592286 21.005290 -1.995978 0.306023
Cyclist -1 -1 -10 337.000000 144.000000 397.000000 200.000000 1.686179 0.477806 1.510842 -3.631636 0.603963 10.409706 -1.956877 0.209193
Cyclist -1 -1 -10 366.000000 146.000000 469.000000 217.000000 1.741324 0.560789 1.565436 -5.121376 1.452741 18.386257 -1.886539 0.160632
Cyclist -1 -1 -10 308.000000 147.000000 376.000000 207.000000 1.694238 0.475188 1.516072 -3.947551 0.684326 10.258859 -1.977432 0.156588
Cyclist -1 -1 -10 381.000000 146.000000 424.000000 199.000000 1.735432 0.507595 1.635190 -6.829468 0.595490 23.068348 -1.869532 0.152408
Cyclist -1 -1 -10 252.000000 132.000000 304.000000 267.000000 1.862068 0.494197 1.669392 -5.255155 1.090177 11.574243 2.129755 0.122727
Cyclist -1 -1 -10 565.000000 141.000000 582.000000 193.000000 1.741830 0.591368 1.651125 -1.259079 0.169100 25.472716 -1.636623 0.086907
Cyclist -1 -1 -10 466.000000 141.000000 496.000000 235.000000 1.830463 0.653136 1.809235 -2.674782 0.936454 16.034479 1.396368 0.060865
Cyclist -1 -1 -10 445.000000 139.000000 470.000000 211.000000 1.709514 0.479342 1.497078 -2.600060 0.825006 12.434047 -1.818789 0.051707
Cyclist -1 -1 -10 561.000000 154.000000 593.000000 250.000000 1.724150 0.584188 1.763918 -0.524177 1.210459 11.365428 1.087716 0.033711
Cyclist -1 -1 -10 486.000000 139.000000 503.000000 182.000000 1.708881 0.524499 1.758414 -5.691542 -0.440821 36.958069 -1.880260 0.027963
Cyclist -1 -1 -10 477.000000 142.000000 502.000000 206.000000 1.738232 0.500388 1.631659 -2.839681 1.135373 16.233927 -1.759495 0.025190
Cyclist -1 -1 -10 620.000000 144.000000 637.000000 194.000000 1.721926 0.504614 1.709204 0.778557 0.422509 25.011388 -1.683658 0.016379
Cyclist -1 -1 -10 522.000000 140.000000 542.000000 210.000000 1.704499 0.438340 1.432644 -1.692844 0.929928 15.486997 -1.691795 0.010384
