Pedestrian -1 -1 -10 668.000000 160.000000 715.000000 285.000000 1.669579 0.589825 0.612373 1.075895 1.324903 9.143765 1.675300 0.995857
Pedestrian -1 -1 -10 610.000000 164.000000 657.000000 288.000000 1.607775 0.492901 0.583025 0.310533 1.393975 8.734816 1.102536 0.995795
Pedestrian -1 -1 -10 504.000000 141.000000 538.000000 232.000000 1.797914 0.644885 0.927601 -1.730980 0.993162 14.128777 1.011237 0.988052
Pedestrian -1 -1 -10 545.000000 140.000000 576.000000 229.000000 1.747788 0.607031 0.796011 -0.895655 0.940028 14.238453 1.105987 0.985052
Pedestrian -1 -1 -10 660.000000 145.000000 691.000000 224.000000 1.757620 0.614702 0.684693 1.358702 0.933814 14.609367 -1.480202 0.969168
Pedestrian -1 -1 -10 486.000000 138.000000 518.000000 224.000000 1.745790 0.635079 0.619118 -2.038964 1.037294 13.853764 -2.659905 0.940648
Pedestrian -1 -1 -10 641.000000 141.000000 664.000000 202.000000 1.797756 0.656974 0.823731 1.448911 0.642237 21.087305 -1.865306 0.890008
Pedestrian -1 -1 -10 535.000000 142.000000 564.000000 222.000000 1.805080 0.619959 0.766612 -1.263485 0.898712 14.984837 1.073910 0.806030
Pedestrian -1 -1 -10 248.000000 136.000000 279.000000 245.000000 1.740892 0.557694 0.681217 -5.873145 0.986920 11.949916 0.017035 0.562277
Pedestrian -1 -1 -10 501.000000 141.000000 523.000000 212.000000 1.791099 0.654032 0.681308 -1.954070 1.183174 13.880009 0.918151 0.467903
Pedestrian -1 -1 -10 518.000000 140.000000 549.000000 220.000000 1.805614 0.511111 0.874661 -1.390839 0.914299 15.040053 0.485987 0.392092
Pedestrian -1 -1 -10 592.000000 144.000000 610.000000 190.000000 1.729846 0.726673 0.745483 -0.171140 0.425134 25.123368 3.047343 0.339202
Pedestrian -1 -1 -10 481.000000 142.000000 499.000000 200.000000 1.875838 0.657708 0.853988 -3.840745 0.633992 22.685027 1.913665 0.262052
Pedestrian -1 -1 -10 448.000000 146.000000 472.000000 202.000000 1.818458 0.642959 0.938696 -4.487498 0.647017 21.584756 0.414241 0.210508
Pedestrian -1 -1 -10 257.000000 138.000000 309.000000 246.000000 1.734727 0.609940 0.610202 -5.183143 1.331257 11.583398 1.619747 0.184167
Pedestrian -1 -1 -10 687.000000 156.000000 710.000000 217.000000 1.725333 0.506459 0.748557 1.998867 1.104044 16.087302 -1.439383 0.122736
Pedestrian -1 -1 -10 465.000000 145.000000 482.000000 199.000000 1.753714 0.587659 0.742895 -4.170184 0.670173 22.386713 0.348565 0.116831
Pedestrian -1 -1 -10 675.000000 155.000000 702.000000 217.000000 1.686116 0.573357 0.494419 1.430873 0.794441 14.478766 -1.971048 0.076215
Pedestrian -1 -1 -10 556.000000 142.000000 578.000000 205.000000 1.752213 0.529828 0.708669 -0.960934 1.399821 13.786398 0.091463 0.049209
Cyclist -1 -1 -10 272.000000 136.000000 324.000000 245.000000 1.741263 0.695598 1.655692 -5.057128 1.768039 11.966912 2.160868 0.707456
Cyclist -1 -1 -10 401.000000 146.000000 449.000000 204.000000 1.748384 0.398791 1.562480 -6.159212 0.648939 23.358990 -1.803443 0.263505
Cyclist -1 -1 -10 313.000000 151.000000 372.000000 201.000000 1.687009 0.469450 1.505486 -4.061518 0.646658 10.641099 -1.976652 0.216054
Cyclist -1 -1 -10 386.000000 147.000000 431.000000 197.000000 1.699323 0.552273 1.586827 -7.988699 -0.061005 28.388088 -1.833937 0.169776
Cyclist -1 -1 -10 591.000000 143.000000 611.000000 192.000000 1.751401 0.512336 1.794699 -0.236548 0.467023 25.336291 -2.019202 0.160851
Cyclist -1 -1 -10 344.000000 150.000000 438.000000 209.000000 1.708151 0.518114 1.560839 -5.881127 1.346599 18.580864 -1.908944 0.126078
Cyclist -1 -1 -10 241.000000 134.000000 294.000000 255.000000 1.808288 0.669136 1.818050 -5.764337 1.084280 12.104590 1.001583 0.112321
Cyclist -1 -1 -10 360.000000 145.000000 402.000000 194.000000 1.725717 0.489871 1.506780 -3.944091 0.847307 12.423479 -1.919362 0.104738
Cyclist -1 -1 -10 381.000000 150.000000 464.000000 218.000000 1.673442 0.586742 1.722612 -5.584155 0.570989 21.248717 1.956021 0.097371
Cyclist -1 -1 -10 666.000000 151.000000 708.000000 239.000000 1.665585 0.657405 1.674268 1.421291 0.736953 14.651978 1.034287 0.071192
Cyclist -1 -1 -10 639.000000 138.000000 663.000000 208.000000 1.796768 0.530713 1.739550 1.409140 0.693084 21.220407 -1.873294 0.017685
Cyclist -1 -1 -10 686.000000 157.000000 711.000000 218.000000 1.731498 0.484260 1.400140 2.380762 1.091253 18.545460 -1.392703 0.017580
Cyclist -1 -1 -10 630.000000 157.000000 651.000000 207.000000 1.789103 0.495147 1.475284 1.251979 0.760972 22.402301 -1.589593 0.017300
Cyclist -1 -1 -10 547.000000 140.000000 577.000000 224.000000 1.772550 0.644286 1.752602 -0.911997 0.890580 14.256880 0.992928 0.016507
Cyclist -1 -1 -10 660.000000 145.000000 692.000000 222.000000 1.739356 0.612183 1.763468 1.422250 0.921171 14.716998 -2.076832 0.012013
