Pedestrian -1 -1 -10 822.000000 199.000000 873.000000 327.000000 1.762664 0.556586 0.812503 2.707642 1.946587 8.629094 2.935581 0.837118
Pedestrian -1 -1 -10 807.000000 198.000000 918.000000 316.000000 1.768230 0.612654 0.789090 2.726414 1.874311 8.596834 0.747680 0.163044
Pedestrian -1 -1 -10 744.000000 197.000000 888.000000 288.000000 1.760610 0.659960 0.785432 3.262146 2.668334 13.897611 -0.853163 0.020906
Car -1 -1 -10 824.000000 187.000000 1086.000000 370.000000 1.594185 1.596498 3.665926 3.546924 1.798875 8.422906 -1.554250 0.998191
Car -1 -1 -10 710.000000 196.000000 784.000000 251.000000 1.417266 1.616886 3.950479 3.949942 2.069600 21.165791 -1.517147 0.997507
Car -1 -1 -10 744.000000 196.000000 857.000000 280.000000 1.490696 1.590895 3.844268 3.927595 2.046119 15.164705 1.605937 0.995125
Car -1 -1 -10 555.000000 188.000000 593.000000 217.000000 1.522922 1.621356 4.024436 -1.955953 2.376845 39.030028 1.582609 0.991062
Car -1 -1 -10 6.000000 199.000000 410.000000 376.000000 1.655973 1.600303 3.728647 -3.008778 1.978878 6.132716 1.573956 0.985857
Car -1 -1 -10 703.000000 192.000000 756.000000 240.000000 1.511375 1.506910 3.357722 4.203597 2.245320 26.347338 -1.598119 0.965161
Car -1 -1 -10 451.000000 174.000000 561.000000 265.000000 1.733052 1.678201 4.120730 -2.549970 1.916940 17.454076 -1.570543 0.841394
Car -1 -1 -10 1055.000000 213.000000 1240.000000 370.000000 1.526506 1.606122 3.753388 3.968682 1.990625 3.241286 -1.524901 0.833109
Car -1 -1 -10 690.000000 191.000000 734.000000 229.000000 1.550533 1.627628 3.858997 4.553167 2.459617 33.186462 -1.537308 0.695620
Car -1 -1 -10 810.000000 196.000000 925.000000 321.000000 1.487433 1.653348 3.952459 3.733470 1.674367 7.734089 1.353488 0.689135
Car -1 -1 -10 675.000000 190.000000 713.000000 221.000000 1.528274 1.600184 3.768450 4.382565 2.440508 37.717772 -1.567498 0.261237
