Pedestrian -1 -1 -10 324.000000 179.000000 349.000000 270.000000 1.783385 0.632806 0.626111 -5.842253 1.893016 15.383678 1.699319 0.947622
Pedestrian -1 -1 -10 287.000000 188.000000 315.000000 268.000000 1.681868 0.636833 0.629914 -6.565684 2.044120 15.290244 2.172835 0.805795
Pedestrian -1 -1 -10 580.000000 176.000000 589.000000 201.000000 1.777888 0.668613 0.812992 -2.111088 2.245648 58.824776 -1.524845 0.025301
Pedestrian -1 -1 -10 333.000000 191.000000 354.000000 262.000000 1.749262 0.625897 0.527259 -5.772017 1.938510 15.421177 -1.926758 0.016257
Car -1 -1 -10 699.000000 181.000000 807.000000 266.000000 1.510390 1.563953 3.567494 2.673867 1.694285 14.395381 -1.555506 0.999519
Car -1 -1 -10 480.000000 186.000000 526.000000 222.000000 1.548856 1.647133 3.961176 -4.869514 2.189525 33.626190 1.563551 0.998849
Car -1 -1 -10 387.000000 183.000000 489.000000 254.000000 1.679565 1.679678 4.013824 -4.515771 1.991533 19.595239 -1.547849 0.997166
Car -1 -1 -10 653.000000 178.000000 700.000000 216.000000 1.505031 1.608441 3.589843 2.661523 1.709146 30.016023 -1.592588 0.997115
Car -1 -1 -10 200.000000 207.000000 406.000000 333.000000 1.475333 1.596660 3.672266 -4.245522 2.033641 10.489540 -1.596809 0.997045
Car -1 -1 -10 849.000000 185.000000 1238.000000 370.000000 1.530564 1.592835 3.829972 2.813569 1.636668 4.091980 -1.590768 0.986191
Car -1 -1 -10 731.000000 181.000000 811.000000 223.000000 1.577760 1.634478 4.008490 5.853313 1.650197 26.291972 -1.913290 0.018863
Car -1 -1 -10 265.000000 201.000000 333.000000 261.000000 1.548494 1.656234 3.994700 -6.215397 1.441117 17.017245 -1.920066 0.012379
Cyclist -1 -1 -10 282.000000 190.000000 321.000000 264.000000 1.751146 0.610295 1.630158 -6.792049 1.881659 15.879512 0.639169 0.065428
Cyclist -1 -1 -10 238.000000 194.000000 388.000000 294.000000 1.746123 0.782578 1.817563 -3.809292 1.980345 9.102791 2.174172 0.024775
Cyclist -1 -1 -10 580.000000 176.000000 589.000000 201.000000 1.697030 0.481972 1.444753 -2.043197 2.728678 59.530584 -1.639620 0.017472
