Car -1 -1 -10 681.000000 182.000000 759.000000 241.000000 1.415140 1.574937 3.602173 2.868426 1.670672 19.410015 -1.565870 0.998988
Car -1 -1 -10 251.000000 180.000000 468.000000 251.000000 1.545941 1.598602 4.052338 -5.718507 1.721920 17.148112 0.033447 0.998893
Car -1 -1 -10 733.000000 173.000000 855.000000 222.000000 1.526638 1.644534 3.844983 6.387592 1.580322 24.560901 0.071180 0.995019
Car -1 -1 -10 315.000000 177.000000 488.000000 230.000000 1.569546 1.536699 4.215093 -6.203292 1.658887 21.961234 0.045226 0.969526
Car -1 -1 -10 382.000000 178.000000 501.000000 217.000000 1.501956 1.558855 3.925334 -6.391207 1.692055 27.340574 -3.152676 0.937713
Car -1 -1 -10 808.000000 165.000000 1242.000000 375.000000 1.520205 1.570519 3.722230 2.816260 1.542155 5.797405 -1.599516 0.837832
Car -1 -1 -10 -3.000000 168.000000 300.000000 297.000000 1.716204 1.705073 4.127130 -7.094587 1.727514 11.708289 -3.297284 0.784135
Car -1 -1 -10 687.000000 173.000000 735.000000 201.000000 1.588117 1.632641 4.028934 5.447479 1.565003 39.237767 -0.040020 0.683378
Car -1 -1 -10 115.000000 183.000000 438.000000 269.000000 1.540424 1.614453 4.073695 -6.294443 1.822957 14.819167 0.088806 0.488719
Car -1 -1 -10 427.000000 176.000000 531.000000 208.000000 1.603320 1.596370 3.739305 -6.179706 1.802801 35.628408 0.178128 0.232538
Cyclist -1 -1 -10 976.000000 143.000000 1236.000000 371.000000 1.702274 0.648349 1.727001 2.401890 1.571228 4.124602 0.592126 0.016034
