Pedestrian -1 -1 -10 518.000000 173.000000 531.000000 213.000000 1.707150 0.671693 0.658383 -3.600184 1.801394 30.222379 1.494226 0.258355
Pedestrian -1 -1 -10 706.000000 162.000000 721.000000 212.000000 1.782465 0.682442 0.833689 4.148229 1.487691 29.161206 -1.902264 0.181753
Pedestrian -1 -1 -10 470.000000 165.000000 482.000000 209.000000 1.848816 0.728968 0.849780 -8.565579 1.267820 44.844356 1.792523 0.071117
Pedestrian -1 -1 -10 524.000000 175.000000 534.000000 208.000000 1.748651 0.564937 0.700581 -3.446145 1.729278 30.156296 2.562091 0.025907
Pedestrian -1 -1 -10 467.000000 169.000000 488.000000 223.000000 1.717397 0.563526 0.753369 -3.284627 1.421855 16.945077 2.780796 0.017853
Car -1 -1 -10 9.000000 193.000000 266.000000 375.000000 1.578697 1.624496 3.923099 -4.992318 1.819510 7.152004 1.563367 0.994949
Car -1 -1 -10 851.000000 171.000000 1240.000000 372.000000 1.480770 1.618346 3.736344 2.547962 1.508078 3.322338 -1.569329 0.984584
Car -1 -1 -10 399.000000 182.000000 486.000000 240.000000 1.456794 1.586554 3.960790 -5.232056 1.847280 22.701261 1.471221 0.803734
Car -1 -1 -10 503.000000 179.000000 538.000000 208.000000 1.506765 1.625478 4.044454 -4.921203 2.042974 41.754303 1.834301 0.419283
Car -1 -1 -10 975.000000 180.000000 1180.000000 319.000000 1.583178 1.565590 3.594426 5.584099 1.610559 7.588356 1.572927 0.018684
Cyclist -1 -1 -10 464.000000 170.000000 501.000000 256.000000 1.709287 0.656125 1.746789 -2.892143 1.719946 16.283483 1.486583 0.999442
Cyclist -1 -1 -10 425.000000 174.000000 470.000000 263.000000 1.725251 0.597355 1.795470 -3.611930 1.839555 15.832375 1.598371 0.998388
Cyclist -1 -1 -10 517.000000 174.000000 534.000000 215.000000 1.722734 0.636841 1.767269 -3.643070 1.811936 30.152884 1.525037 0.983163
Cyclist -1 -1 -10 402.000000 183.000000 478.000000 239.000000 1.673578 0.591632 1.628501 -5.191894 2.336526 21.127108 2.416913 0.912750
Cyclist -1 -1 -10 504.000000 178.000000 538.000000 208.000000 1.756780 0.533824 1.410468 -4.227855 1.677294 34.097199 -1.678063 0.176546
Cyclist -1 -1 -10 429.000000 178.000000 456.000000 242.000000 1.757431 0.589742 1.725852 -3.696707 1.717108 16.178481 1.313477 0.078654
Cyclist -1 -1 -10 467.000000 169.000000 488.000000 223.000000 1.673885 0.651557 1.683870 -2.982735 1.529801 16.444608 0.838749 0.026569
