Car -1 -1 -10 746.000000 193.000000 998.000000 336.000000 1.451064 1.612619 4.073904 2.965564 1.709204 9.168777 -1.605951 0.998896
Car -1 -1 -10 655.000000 170.000000 711.000000 219.000000 1.716602 1.707661 4.143201 2.805347 1.746624 28.621963 -1.599190 0.997312
Car -1 -1 -10 397.000000 173.000000 509.000000 218.000000 1.513281 1.577831 3.952880 -5.759633 1.738745 26.559086 -3.170564 0.835732
Car -1 -1 -10 324.000000 178.000000 473.000000 235.000000 1.588297 1.624175 3.705615 -5.515590 1.697430 21.546853 0.609499 0.586535
Car -1 -1 -10 439.000000 172.000000 526.000000 209.000000 1.621244 1.647173 3.952696 -6.423186 1.677362 33.429424 -3.143696 0.391075
Car -1 -1 -10 5.000000 169.000000 194.000000 292.000000 1.567981 1.612989 3.560900 -7.171857 1.515506 12.729779 -0.112977 0.300473
Car -1 -1 -10 65.000000 178.000000 261.000000 259.000000 1.524665 1.665593 3.965179 -7.427421 1.566112 13.457634 -1.701225 0.037678
Car -1 -1 -10 724.000000 197.000000 830.000000 264.000000 1.507015 1.631906 3.886430 3.432468 1.599458 14.916068 -2.345189 0.022781
Car -1 -1 -10 477.000000 173.000000 545.000000 200.000000 1.591293 1.576095 3.789445 -6.154601 1.760533 49.918841 1.903365 0.016413
Car -1 -1 -10 642.000000 176.000000 684.000000 206.000000 1.501232 1.544545 3.554415 2.712598 1.728907 39.328920 -1.587931 0.014933
Car -1 -1 -10 116.000000 179.000000 255.000000 228.000000 1.471213 1.565674 3.748045 -13.224515 1.230480 20.548079 1.586938 0.011843
Car -1 -1 -10 288.000000 185.000000 417.000000 231.000000 1.532985 1.638594 3.737753 -7.858338 1.692608 23.357736 0.608820 0.010874
