Car -1 -1 -10 577.000000 179.000000 611.000000 209.000000 1.551078 1.626428 3.902783 -0.797856 1.260499 39.479773 -1.584218 0.999480
Car -1 -1 -10 202.000000 189.000000 422.000000 308.000000 1.492117 1.639047 4.041066 -4.192179 1.610521 10.926618 -1.582264 0.999263
Car -1 -1 -10 420.000000 185.000000 495.000000 237.000000 1.412678 1.582807 3.733356 -4.521940 1.467840 22.069333 -1.573835 0.998652
Car -1 -1 -10 -1.000000 175.000000 211.000000 303.000000 1.524670 1.638630 4.050203 -8.307259 1.523237 11.441762 -1.595061 0.913832
Car -1 -1 -10 466.000000 183.000000 518.000000 218.000000 1.453815 1.601323 4.022948 -5.066038 1.403180 32.128011 -1.581802 0.725674
Car -1 -1 -10 370.000000 181.000000 420.000000 219.000000 1.610587 1.664778 4.104635 -8.838814 1.445519 30.744285 -1.683019 0.550740
Car -1 -1 -10 96.000000 215.000000 298.000000 358.000000 1.509542 1.593200 3.897035 -5.289656 1.801470 7.849113 -3.142776 0.442337
Car -1 -1 -10 496.000000 183.000000 539.000000 209.000000 1.500321 1.568944 3.818123 -5.041772 1.303795 41.401054 -1.557432 0.239965
Car -1 -1 -10 242.000000 189.000000 336.000000 245.000000 1.471151 1.591425 3.724741 -8.432317 1.562423 19.779788 -1.381326 0.161784
Car -1 -1 -10 231.000000 170.000000 326.000000 227.000000 1.825135 1.696387 4.125613 -12.932856 1.311329 27.137197 -1.573760 0.089260
