Car -1 -1 -10 672.000000 181.000000 748.000000 237.000000 1.419295 1.599712 3.793794 2.816346 1.698093 20.747159 -1.582308 0.999506
Car -1 -1 -10 755.000000 187.000000 1009.000000 357.000000 1.515087 1.636834 3.831267 2.938921 1.702535 8.646712 -1.589645 0.999181
Car -1 -1 -10 48.000000 172.000000 369.000000 286.000000 1.622291 1.647814 4.005803 -6.459579 1.591744 11.494204 -3.094653 0.996707
Car -1 -1 -10 276.000000 174.000000 449.000000 239.000000 1.547701 1.616081 4.065192 -6.506460 1.649660 19.274942 0.048513 0.962995
Car -1 -1 -10 651.000000 174.000000 697.000000 214.000000 1.543020 1.615840 3.860814 2.711327 1.667169 31.577198 -1.580828 0.958388
Car -1 -1 -10 -6.000000 165.000000 263.000000 336.000000 1.695194 1.649897 4.085697 -5.762551 1.671987 7.579952 -1.560899 0.864772
Car -1 -1 -10 917.000000 224.000000 1253.000000 375.000000 1.531921 1.606655 3.796588 2.943337 1.758400 3.149382 -1.620994 0.826362
Car -1 -1 -10 424.000000 177.000000 518.000000 214.000000 1.518685 1.589081 3.706255 -5.987314 1.530538 31.950859 -3.208069 0.686506
Car -1 -1 -10 320.000000 170.000000 498.000000 223.000000 1.705929 1.688508 3.980883 -6.385449 1.611502 24.089569 -3.111236 0.399067
Car -1 -1 -10 221.000000 177.000000 388.000000 250.000000 1.609557 1.609917 3.799365 -6.837257 1.656076 19.185675 -2.999548 0.295749
