Car -1 -1 -10 593.000000 176.000000 672.000000 250.000000 1.543428 1.645259 3.848618 0.559593 1.341910 17.517353 -1.524513 0.999449
Car -1 -1 -10 250.000000 181.000000 438.000000 289.000000 1.482367 1.656594 4.214229 -4.384952 1.493393 12.596418 -1.578792 0.999355
Car -1 -1 -10 120.000000 181.000000 251.000000 237.000000 1.465622 1.626920 3.918275 -12.341882 1.428497 21.288895 -1.595826 0.999355
Car -1 -1 -10 -1.000000 190.000000 170.000000 370.000000 1.484608 1.603977 3.818616 -4.500913 1.798528 4.218448 1.551599 0.468526
Car -1 -1 -10 632.000000 180.000000 675.000000 212.000000 1.485067 1.576433 3.598221 2.929098 1.143800 39.842577 -1.382663 0.391496
Car -1 -1 -10 1.000000 175.000000 92.000000 213.000000 1.542491 1.606448 3.756447 -29.845664 1.099896 38.807246 1.578233 0.093228
Car -1 -1 -10 256.000000 164.000000 351.000000 214.000000 1.742156 1.700389 3.934643 -11.639445 1.115200 27.921531 -1.540973 0.068817
Car -1 -1 -10 618.000000 168.000000 652.000000 199.000000 1.528690 1.552477 3.475459 2.231357 0.830626 40.092551 -1.540213 0.051986
Car -1 -1 -10 0.000000 179.000000 123.000000 261.000000 1.502413 1.592718 3.618950 -6.854810 1.273913 8.894309 1.861764 0.022690
Car -1 -1 -10 297.000000 180.000000 350.000000 208.000000 1.526472 1.587941 3.897530 -11.962909 0.452350 28.192026 1.652208 0.017914
