Pedestrian -1 -1 -10 704.000000 169.000000 711.000000 221.000000 1.693900 0.578781 0.610207 4.843880 1.526767 35.854458 2.233319 0.016486
Pedestrian -1 -1 -10 693.000000 174.000000 709.000000 220.000000 1.718653 0.542897 0.683454 4.931414 1.520979 36.404124 -0.925055 0.013867
Car -1 -1 -10 538.000000 187.000000 572.000000 215.000000 1.521003 1.643332 3.930776 -3.321614 2.458494 43.428358 1.600621 0.999031
Car -1 -1 -10 460.000000 194.000000 536.000000 255.000000 1.501791 1.553534 3.563853 -2.842814 2.049664 19.038277 1.583054 0.998999
Car -1 -1 -10 665.000000 184.000000 749.000000 249.000000 1.541360 1.625415 3.722675 2.484321 1.888330 19.473759 -1.585221 0.998543
Car -1 -1 -10 -1.000000 199.000000 394.000000 374.000000 1.491054 1.629138 3.962915 -2.750347 1.782740 4.146494 1.552622 0.992079
Car -1 -1 -10 817.000000 186.000000 1245.000000 374.000000 1.571254 1.566360 3.594638 2.792717 1.756608 5.127370 1.574334 0.954182
Car -1 -1 -10 650.000000 181.000000 703.000000 233.000000 1.589288 1.607089 3.928572 2.308206 1.951953 29.281316 -1.568965 0.946514
Car -1 -1 -10 639.000000 178.000000 672.000000 218.000000 1.580878 1.579821 3.727789 2.671232 2.053250 43.057884 -0.415593 0.521235
Car -1 -1 -10 631.000000 182.000000 657.000000 210.000000 1.582449 1.558902 3.778694 2.412403 2.140985 43.512394 -1.630940 0.018160
Cyclist -1 -1 -10 783.000000 190.000000 817.000000 254.000000 1.631281 0.483204 1.724013 4.221562 1.957977 16.016991 -1.651982 0.997046
Cyclist -1 -1 -10 694.000000 172.000000 710.000000 220.000000 1.716839 0.562146 1.722169 4.979609 1.335683 36.561455 1.170586 0.011537
