Car -1 -1 -10 576.000000 178.000000 619.000000 217.000000 1.561626 1.631627 3.776589 -0.454605 1.317463 31.701620 -1.582807 0.999760
Car -1 -1 -10 375.000000 183.000000 494.000000 260.000000 1.490033 1.628493 3.863848 -3.678968 1.452202 15.996418 -1.563192 0.999437
Car -1 -1 -10 491.000000 183.000000 548.000000 220.000000 1.482029 1.664162 4.035861 -3.495244 1.374183 28.213506 -1.585504 0.999239
Car -1 -1 -10 204.000000 174.000000 347.000000 253.000000 1.653448 1.657188 3.945488 -7.906329 1.430299 17.637922 -1.591552 0.998481
Car -1 -1 -10 2.000000 189.000000 196.000000 298.000000 1.425079 1.616155 3.983632 -8.453416 1.569325 11.448450 -1.596151 0.879741
Car -1 -1 -10 79.000000 182.000000 210.000000 241.000000 1.468530 1.601547 3.852863 -12.202556 1.541386 19.168056 -1.585535 0.867491
Car -1 -1 -10 -5.000000 205.000000 221.000000 370.000000 1.528823 1.591148 3.907503 -8.203441 1.724490 9.989352 -3.213383 0.828008
Car -1 -1 -10 333.000000 183.000000 416.000000 228.000000 1.503155 1.631455 3.819050 -7.786973 1.380010 24.525478 -1.463023 0.314337
Car -1 -1 -10 448.000000 179.000000 494.000000 210.000000 1.582277 1.643205 3.845695 -8.077783 1.107229 42.652256 -1.677564 0.139562
Car -1 -1 -10 298.000000 182.000000 364.000000 218.000000 1.511337 1.619439 3.947801 -12.779634 0.926673 32.452534 1.266029 0.015339
Car -1 -1 -10 425.000000 180.000000 493.000000 225.000000 1.483988 1.573482 3.492564 -2.927380 0.979108 13.798141 1.853510 0.010093
