Pedestrian -1 -1 -10 918.000000 151.000000 982.000000 289.000000 1.774813 0.608709 0.732190 4.351699 1.393239 9.108993 1.111395 0.993529
Pedestrian -1 -1 -10 48.000000 188.000000 111.000000 328.000000 1.779554 0.725713 0.682078 -6.695172 1.430271 8.906816 -2.794489 0.911707
Pedestrian -1 -1 -10 515.000000 175.000000 536.000000 229.000000 1.700640 0.655129 0.891937 -2.545993 1.489657 23.816657 -1.753386 0.658982
Pedestrian -1 -1 -10 661.000000 175.000000 679.000000 226.000000 1.820652 0.648416 0.931873 2.336328 1.499821 24.976878 -1.518153 0.180104
Pedestrian -1 -1 -10 640.000000 173.000000 661.000000 227.000000 1.766237 0.687129 0.928604 1.685553 1.486344 24.906186 -1.762462 0.173488
Pedestrian -1 -1 -10 873.000000 176.000000 908.000000 250.000000 1.723915 0.693048 0.872643 5.631289 1.589874 14.064474 -2.710745 0.106769
Pedestrian -1 -1 -10 22.000000 192.000000 162.000000 349.000000 1.781892 0.528441 0.512664 -5.726067 1.599911 7.878534 -1.723604 0.037367
Pedestrian -1 -1 -10 893.000000 160.000000 960.000000 278.000000 1.830008 0.561778 0.773000 5.176289 1.267122 11.627613 3.045042 0.029605
Pedestrian -1 -1 -10 860.000000 164.000000 955.000000 347.000000 1.838490 0.536878 0.702334 4.383255 1.474985 10.571359 0.574017 0.020433
Pedestrian -1 -1 -10 795.000000 182.000000 971.000000 369.000000 1.801668 0.803601 0.861016 1.834226 2.194154 4.692817 -1.229772 0.010741
Car -1 -1 -10 5.000000 197.000000 424.000000 374.000000 1.516887 1.624414 3.947766 -2.888686 1.701407 5.321767 1.675545 0.995520
Car -1 -1 -10 229.000000 206.000000 408.000000 278.000000 1.524056 1.569740 3.994281 -5.250330 1.725841 13.282154 0.611758 0.037186
Car -1 -1 -10 22.000000 192.000000 162.000000 349.000000 1.443175 1.564495 3.841128 -3.183090 1.571506 5.225479 1.494691 0.031250
Cyclist -1 -1 -10 866.000000 175.000000 906.000000 250.000000 1.722477 0.562538 1.693387 5.650287 1.553451 14.180335 2.486988 0.116157
Cyclist -1 -1 -10 771.000000 195.000000 861.000000 342.000000 1.676959 0.571398 1.645850 2.500168 1.541997 8.040501 2.990991 0.105472
Cyclist -1 -1 -10 781.000000 209.000000 838.000000 309.000000 1.667449 0.479678 1.617564 2.365791 1.631398 7.793824 1.274061 0.025198
Cyclist -1 -1 -10 21.000000 198.000000 137.000000 325.000000 1.697031 0.481972 1.444753 -10.400681 2.346465 13.134701 -2.231677 0.021221
Cyclist -1 -1 -10 640.000000 173.000000 661.000000 226.000000 1.801264 0.635149 1.692430 1.616818 1.560802 24.922590 -1.572739 0.018713
Cyclist -1 -1 -10 842.000000 170.000000 921.000000 267.000000 1.685241 0.507078 1.697342 5.565172 1.521783 14.019462 -1.689366 0.015025
Cyclist -1 -1 -10 804.000000 178.000000 968.000000 369.000000 1.759347 0.703280 1.773211 1.940099 1.908198 5.228704 -1.781770 0.013734
