Pedestrian -1 -1 -10 771.000000 171.000000 792.000000 204.000000 1.692598 0.586096 0.726458 12.276831 1.933880 51.628605 -1.726364 0.094026
Car -1 -1 -10 432.000000 184.000000 513.000000 236.000000 1.497906 1.604703 3.755745 -4.191253 1.901360 22.711023 1.602197 0.999444
Car -1 -1 -10 768.000000 179.000000 934.000000 284.000000 1.596641 1.607203 3.678988 3.992027 1.759148 12.738800 -1.606323 0.997758
Car -1 -1 -10 710.000000 179.000000 781.000000 229.000000 1.492699 1.584398 3.705017 4.282007 1.709381 23.350894 -1.515828 0.995214
Car -1 -1 -10 734.000000 182.000000 833.000000 249.000000 1.482009 1.633948 3.897751 4.114882 1.725252 17.901116 -1.521349 0.993880
Car -1 -1 -10 481.000000 183.000000 538.000000 222.000000 1.493243 1.559039 3.763872 -3.839142 1.930242 28.517168 1.657400 0.992764
Car -1 -1 -10 858.000000 198.000000 1246.000000 374.000000 1.479562 1.622956 3.891743 3.895930 1.702587 6.918986 -1.546693 0.992586
Car -1 -1 -10 693.000000 178.000000 742.000000 217.000000 1.559282 1.640699 3.808879 4.321615 1.823347 28.803741 -1.537273 0.984055
Car -1 -1 -10 508.000000 182.000000 553.000000 215.000000 1.443348 1.596351 3.887137 -3.844956 1.955621 33.680166 1.656691 0.720206
Car -1 -1 -10 688.000000 177.000000 722.000000 208.000000 1.505963 1.626768 3.764250 5.200866 1.854454 39.414038 -1.459252 0.124302
