Pedestrian -1 -1 -10 862.000000 158.000000 944.000000 346.000000 1.718288 0.660445 0.956585 2.977546 1.553935 7.103662 -1.578846 0.998978
Pedestrian -1 -1 -10 775.000000 161.000000 848.000000 347.000000 1.699195 0.630759 0.835309 2.017678 1.542479 6.957156 -1.781925 0.998223
Pedestrian -1 -1 -10 445.000000 163.000000 482.000000 268.000000 1.759732 0.610111 0.962906 -2.488989 1.487858 12.825436 -2.780802 0.997661
Pedestrian -1 -1 -10 1114.000000 143.000000 1178.000000 277.000000 1.722966 0.589962 0.901265 7.077739 1.251134 9.364844 3.345499 0.991405
Pedestrian -1 -1 -10 988.000000 148.000000 1038.000000 260.000000 1.702961 0.621778 0.659921 6.591922 1.203542 11.476157 2.192450 0.986336
Pedestrian -1 -1 -10 113.000000 169.000000 192.000000 335.000000 1.723820 0.627408 0.934689 -4.815020 1.636350 7.720923 -2.675010 0.980603
Pedestrian -1 -1 -10 904.000000 155.000000 950.000000 271.000000 1.677675 0.525570 0.638951 4.905974 1.222965 10.816053 0.849388 0.971729
Pedestrian -1 -1 -10 690.000000 165.000000 720.000000 238.000000 1.680771 0.582980 0.887641 2.376010 1.336074 16.693448 -2.023127 0.904608
Pedestrian -1 -1 -10 443.000000 168.000000 464.000000 242.000000 1.800911 0.618281 0.742195 -4.101480 1.472618 19.117151 1.751933 0.685890
Pedestrian -1 -1 -10 6.000000 169.000000 111.000000 359.000000 1.706131 0.722081 0.653137 -5.216538 1.587979 6.892236 2.441231 0.110903
Pedestrian -1 -1 -10 422.000000 167.000000 442.000000 223.000000 1.725813 0.711183 0.730408 -6.011971 1.380768 25.468535 -1.584677 0.082449
Pedestrian -1 -1 -10 457.000000 168.000000 484.000000 240.000000 1.790827 0.594101 0.795680 -3.170887 1.443764 18.515270 2.314869 0.068959
Pedestrian -1 -1 -10 440.000000 167.000000 504.000000 232.000000 1.788459 0.712847 0.989096 -3.558161 1.392358 19.086831 2.410468 0.055241
Car -1 -1 -10 547.000000 168.000000 576.000000 196.000000 1.589365 1.631143 3.852152 -2.555589 0.880336 47.943784 1.597410 0.406415
Car -1 -1 -10 439.000000 166.000000 512.000000 224.000000 1.692113 1.697291 4.020020 -4.152890 1.148452 25.161939 1.540449 0.034762
Car -1 -1 -10 467.000000 166.000000 525.000000 213.000000 1.559987 1.587057 3.644812 -4.002398 1.087885 26.841268 -1.578260 0.025604
Cyclist -1 -1 -10 0.000000 168.000000 120.000000 366.000000 1.704471 0.547922 1.740489 -5.273117 1.643897 6.809928 0.890262 0.992805
Cyclist -1 -1 -10 688.000000 167.000000 721.000000 238.000000 1.773399 0.560728 1.634460 2.341930 1.408729 16.736292 -2.036833 0.212603
Cyclist -1 -1 -10 439.000000 164.000000 492.000000 255.000000 1.772219 0.544736 1.756026 -2.563621 1.433688 12.827411 -2.602309 0.199156
Cyclist -1 -1 -10 466.000000 170.000000 494.000000 239.000000 1.750825 0.645815 1.838861 -3.113723 1.456137 18.492251 1.490663 0.089967
Cyclist -1 -1 -10 1210.000000 166.000000 1237.000000 352.000000 1.723118 0.480665 1.575027 9.129723 1.050106 10.585749 -0.782857 0.013596
