Pedestrian -1 -1 -10 310.000000 176.000000 322.000000 213.000000 1.727392 0.584687 0.662082 -14.308672 1.614182 34.905942 -1.913151 0.292343
Pedestrian -1 -1 -10 303.000000 178.000000 313.000000 216.000000 1.761278 0.548781 0.758520 -14.327038 1.829932 34.310147 0.693789 0.123514
Pedestrian -1 -1 -10 520.000000 167.000000 530.000000 194.000000 1.660574 0.592957 0.711691 -3.764692 0.508481 32.297054 -2.192334 0.067675
Pedestrian -1 -1 -10 430.000000 166.000000 448.000000 209.000000 1.846876 0.632882 1.011956 -7.006503 1.132364 29.840948 0.229396 0.049103
Pedestrian -1 -1 -10 495.000000 166.000000 504.000000 199.000000 1.722877 0.582944 0.542563 -4.789699 0.939296 31.523297 2.499247 0.013689
Pedestrian -1 -1 -10 300.000000 176.000000 327.000000 214.000000 1.809786 0.622825 0.895794 -14.266782 1.686055 34.738357 0.359078 0.012096
Car -1 -1 -10 473.000000 175.000000 536.000000 219.000000 1.460739 1.611531 3.860919 -3.571416 1.279469 25.396692 -1.572044 0.999244
Car -1 -1 -10 967.000000 151.000000 1064.000000 181.000000 1.632330 1.686692 4.046330 23.933497 -0.085403 41.526924 0.002778 0.033586
Car -1 -1 -10 1062.000000 147.000000 1143.000000 173.000000 1.680626 1.609118 3.788665 29.271945 -0.133522 41.018953 -1.455996 0.016677
Cyclist -1 -1 -10 695.000000 158.000000 740.000000 200.000000 1.758222 0.622547 1.753404 5.306031 0.895697 33.520530 0.045723 0.997384
Cyclist -1 -1 -10 600.000000 166.000000 634.000000 196.000000 1.724492 0.668194 1.813400 0.594306 0.925411 41.012763 2.774601 0.996576
Cyclist -1 -1 -10 325.000000 172.000000 370.000000 223.000000 1.787417 0.540938 1.847073 -9.664095 1.557129 26.554071 -1.263185 0.985995
