Car -1 -1 -10 626.000000 212.000000 884.000000 363.000000 1.474653 1.646431 3.985318 1.449943 1.917903 9.083446 -1.807963 0.998974
Car -1 -1 -10 179.000000 216.000000 304.000000 307.000000 1.559252 1.533330 3.568751 -7.225198 2.400815 14.219581 1.286229 0.998092
Car -1 -1 -10 565.000000 204.000000 702.000000 297.000000 1.443545 1.603744 3.869883 0.194048 2.055838 13.599096 -1.839495 0.996001
Car -1 -1 -10 509.000000 194.000000 602.000000 267.000000 1.578965 1.619595 3.757317 -1.633940 2.148549 18.606946 -1.819908 0.995267
Car -1 -1 -10 284.000000 195.000000 355.000000 254.000000 1.649796 1.663300 3.945409 -10.226501 2.543312 25.285436 -1.904348 0.990651
Car -1 -1 -10 776.000000 206.000000 1248.000000 378.000000 1.504824 1.555878 3.838334 2.491932 1.760401 4.074499 -1.725778 0.978705
Car -1 -1 -10 467.000000 200.000000 516.000000 240.000000 1.449856 1.589035 3.934207 -5.184129 2.616069 30.676164 -1.841791 0.970999
Car -1 -1 -10 -11.000000 222.000000 241.000000 373.000000 1.481225 1.614256 3.963922 -5.352598 2.099196 7.731058 1.248721 0.951346
Car -1 -1 -10 487.000000 197.000000 551.000000 250.000000 1.570601 1.628424 3.872034 -3.533927 2.475146 26.034787 -1.713576 0.925032
Car -1 -1 -10 345.000000 201.000000 378.000000 226.000000 1.501018 1.657386 4.011699 -16.206687 3.390070 46.024738 1.318464 0.908820
