Pedestrian -1 -1 -10 400.000000 167.000000 439.000000 271.000000 1.770768 0.702610 0.923587 -3.266720 1.544356 12.823380 1.406115 0.997698
Pedestrian -1 -1 -10 833.000000 163.000000 871.000000 263.000000 1.684177 0.620380 0.811646 4.384564 1.394801 12.695510 1.499441 0.995223
Pedestrian -1 -1 -10 721.000000 169.000000 767.000000 296.000000 1.725990 0.630391 0.907132 1.968210 1.558634 10.223842 -1.244129 0.993814
Pedestrian -1 -1 -10 643.000000 168.000000 673.000000 239.000000 1.767481 0.754937 0.911571 1.476080 1.444682 19.338287 1.612258 0.992400
Pedestrian -1 -1 -10 872.000000 164.000000 907.000000 269.000000 1.725020 0.628684 0.718963 4.766526 1.461392 11.939701 1.492937 0.981618
Pedestrian -1 -1 -10 332.000000 170.000000 365.000000 260.000000 1.736086 0.733887 0.722660 -4.569749 1.468094 13.052495 1.389828 0.965928
Pedestrian -1 -1 -10 690.000000 177.000000 716.000000 262.000000 1.667414 0.602212 0.730500 1.961151 1.527960 13.750064 -1.478592 0.837914
Pedestrian -1 -1 -10 766.000000 168.000000 792.000000 254.000000 1.694928 0.623350 0.608122 3.648178 1.349068 14.656100 -0.780281 0.784344
Pedestrian -1 -1 -10 780.000000 166.000000 807.000000 236.000000 1.805037 0.628504 0.759378 4.824618 1.303367 17.880162 -1.402135 0.608941
Pedestrian -1 -1 -10 715.000000 173.000000 750.000000 272.000000 1.773284 0.576498 0.811331 2.097812 1.482641 12.344263 -0.893327 0.367298
Pedestrian -1 -1 -10 743.000000 170.000000 778.000000 286.000000 1.792748 0.609641 0.733286 2.373474 1.654048 10.643040 1.239009 0.303864
Pedestrian -1 -1 -10 704.000000 174.000000 724.000000 260.000000 1.776840 0.567600 0.869338 2.166458 1.579674 14.359549 0.767930 0.141295
Pedestrian -1 -1 -10 744.000000 171.000000 766.000000 247.000000 1.785533 0.610239 0.590684 3.318790 1.189949 16.196961 -1.429518 0.060962
Car -1 -1 -10 555.000000 178.000000 599.000000 212.000000 1.543996 1.630268 3.917416 -1.105719 1.343343 33.571882 1.615512 0.999111
Car -1 -1 -10 1004.000000 263.000000 1238.000000 372.000000 1.464482 1.600475 3.635866 3.147293 1.666648 2.883749 -1.568505 0.110550
Cyclist -1 -1 -10 328.000000 170.000000 368.000000 261.000000 1.730318 0.581503 1.712677 -4.752998 1.333436 13.258098 0.888959 0.076074
Cyclist -1 -1 -10 642.000000 169.000000 678.000000 240.000000 1.741734 0.530145 1.789875 1.496830 1.475438 19.297426 1.066021 0.014831
Cyclist -1 -1 -10 749.000000 169.000000 780.000000 275.000000 1.765494 0.477493 1.568237 2.360113 1.660889 11.746263 -1.287501 0.011399
