Car -1 -1 -10 329.000000 171.000000 445.000000 226.000000 1.533075 1.605837 3.837251 -6.927742 1.649985 23.135849 -3.067690 0.996788
Car -1 -1 -10 710.000000 184.000000 868.000000 274.000000 1.448390 1.593803 3.785655 2.965086 1.623029 13.556087 1.559801 0.975225
Car -1 -1 -10 381.000000 174.000000 496.000000 219.000000 1.540823 1.605122 4.088386 -6.497948 1.626089 25.869084 -0.050968 0.972437
Car -1 -1 -10 12.000000 157.000000 308.000000 347.000000 1.732128 1.706810 3.998427 -5.838016 1.634216 7.701696 -3.283456 0.953622
Car -1 -1 -10 641.000000 175.000000 677.000000 202.000000 1.517966 1.633078 3.957813 2.939338 1.650295 41.353207 -1.472237 0.784758
Car -1 -1 -10 59.000000 175.000000 327.000000 279.000000 1.458598 1.416573 3.204228 -6.866982 1.408688 12.967458 -2.769562 0.312661
Car -1 -1 -10 431.000000 175.000000 513.000000 212.000000 1.519799 1.631985 3.963833 -5.215929 1.802244 31.885197 1.487769 0.307341
Car -1 -1 -10 460.000000 175.000000 529.000000 205.000000 1.504789 1.526970 3.558582 -6.085805 1.489098 39.531073 1.338520 0.038943
Car -1 -1 -10 632.000000 174.000000 706.000000 205.000000 1.540465 1.642206 3.919275 2.917145 1.713669 40.984074 -2.998642 0.030215
Car -1 -1 -10 656.000000 174.000000 689.000000 209.000000 1.544784 1.573711 3.625119 3.227063 2.148615 40.122741 -1.507394 0.020237
