Car -1 -1 -10 531.000000 166.000000 601.000000 226.000000 1.780166 1.668161 4.014034 -1.386492 1.648072 24.055480 1.644173 0.999045
Car -1 -1 -10 712.000000 169.000000 776.000000 229.000000 1.719852 1.655147 3.847767 4.245690 1.654478 23.373857 -1.500655 0.997650
Car -1 -1 -10 367.000000 175.000000 510.000000 229.000000 1.442742 1.606800 3.885703 -4.796554 1.508978 20.112097 -3.086228 0.995202
Car -1 -1 -10 829.000000 201.000000 1237.000000 373.000000 1.469566 1.625821 3.962591 2.920755 1.746331 5.152668 1.611877 0.991099
Car -1 -1 -10 581.000000 171.000000 626.000000 211.000000 1.594921 1.665123 4.125891 -0.272778 1.666067 32.769657 1.645839 0.988811
Car -1 -1 -10 596.000000 166.000000 640.000000 202.000000 1.639445 1.622686 3.977145 0.237718 1.296273 38.717816 1.727873 0.606306
Car -1 -1 -10 613.000000 169.000000 647.000000 197.000000 1.535453 1.663172 4.037878 0.887947 1.541646 43.727322 1.683158 0.071634
Car -1 -1 -10 902.000000 208.000000 1183.000000 306.000000 1.537300 1.549842 3.661735 6.333440 1.676379 8.907152 -1.664462 0.014296
Cyclist -1 -1 -10 884.000000 201.000000 935.000000 250.000000 1.688205 0.495424 1.574735 6.534027 1.544674 15.840837 -1.240046 0.022348
Cyclist -1 -1 -10 884.000000 201.000000 905.000000 250.000000 1.678264 0.605839 1.706822 6.158735 1.786812 15.757386 1.946805 0.019467
