Pedestrian -1 -1 -10 0.000000 142.000000 54.000000 318.000000 1.783017 0.612858 0.873901 -5.664083 1.717496 6.767153 -0.057284 0.011638
Car -1 -1 -10 12.000000 138.000000 273.000000 242.000000 1.566016 1.623956 3.869043 -7.920466 1.070004 12.258263 -0.113683 0.999746
Car -1 -1 -10 761.000000 159.000000 1042.000000 264.000000 1.472463 1.616741 3.788396 4.398212 1.284528 11.154300 -0.078275 0.997446
Car -1 -1 -10 673.000000 151.000000 791.000000 204.000000 1.486677 1.622349 3.674009 3.885170 0.903133 21.851297 -0.132675 0.989619
Car -1 -1 -10 272.000000 146.000000 420.000000 199.000000 1.680358 1.714778 4.035486 -8.282092 0.900206 22.825151 -3.194254 0.978642
Car -1 -1 -10 110.000000 145.000000 342.000000 228.000000 1.529678 1.675595 4.216329 -7.880384 1.172258 14.696279 -3.195030 0.977941
Car -1 -1 -10 325.000000 140.000000 425.000000 187.000000 1.452949 1.572423 3.591429 -8.477964 0.385274 25.319405 1.745885 0.642695
Car -1 -1 -10 215.000000 152.000000 386.000000 209.000000 1.542411 1.567922 3.828995 -7.865444 0.981835 17.830912 -0.013444 0.186957
Car -1 -1 -10 0.000000 143.000000 53.000000 318.000000 1.548171 1.620680 4.068017 -7.328049 1.400842 5.997874 -3.238084 0.055250
Car -1 -1 -10 660.000000 155.000000 745.000000 197.000000 1.460655 1.576289 3.827120 3.430895 0.889830 24.491869 -0.116786 0.018512
