Car -1 -1 -10 696.000000 187.000000 803.000000 264.000000 1.434552 1.570839 3.654622 2.912617 1.768346 15.563668 -1.562830 0.998499
Car -1 -1 -10 70.000000 189.000000 386.000000 290.000000 1.503362 1.626989 4.082967 -6.152538 1.781450 11.382781 0.002718 0.997060
Car -1 -1 -10 750.000000 176.000000 917.000000 237.000000 1.555115 1.647699 3.850752 6.425798 1.700469 20.565001 0.092072 0.994330
Car -1 -1 -10 163.000000 181.000000 443.000000 264.000000 1.543098 1.610036 4.113353 -5.671464 1.753364 13.167542 -0.026119 0.970603
Car -1 -1 -10 354.000000 179.000000 484.000000 227.000000 1.525637 1.547172 3.866043 -6.156472 1.651063 23.779371 -3.184898 0.970337
Car -1 -1 -10 283.000000 181.000000 456.000000 245.000000 1.581631 1.569043 3.891938 -5.889895 1.746732 18.197461 0.094066 0.966114
Car -1 -1 -10 -6.000000 194.000000 196.000000 338.000000 1.558524 1.611769 3.875573 -7.061605 1.750867 8.169494 -3.246641 0.921528
Car -1 -1 -10 402.000000 178.000000 506.000000 218.000000 1.623787 1.644974 3.787356 -6.187822 1.835672 30.241381 -3.296564 0.646878
Car -1 -1 -10 694.000000 177.000000 760.000000 211.000000 1.675020 1.651065 3.942059 5.847192 1.898136 35.444130 -0.049572 0.557509
Car -1 -1 -10 438.000000 179.000000 538.000000 211.000000 1.571999 1.666458 3.892935 -5.394975 1.970338 36.110824 1.534139 0.322958
Car -1 -1 -10 730.000000 180.000000 798.000000 220.000000 1.485173 1.449222 3.025068 6.391295 1.415509 30.186703 1.327724 0.199214
