Pedestrian -1 -1 -10 731.000000 172.000000 791.000000 348.000000 1.749740 0.692554 0.664323 1.489577 1.732231 7.259367 1.782707 0.993718
Pedestrian -1 -1 -10 382.000000 194.000000 415.000000 268.000000 1.732130 0.745290 0.607934 -4.128189 2.177034 14.336818 2.419911 0.175353
Pedestrian -1 -1 -10 727.000000 184.000000 783.000000 272.000000 1.685872 0.638768 0.530570 1.997831 1.552151 9.127871 0.843840 0.080342
Car -1 -1 -10 748.000000 184.000000 1005.000000 373.000000 1.561629 1.640384 3.941845 2.404243 1.593281 7.411003 -1.392462 0.999228
Car -1 -1 -10 326.000000 195.000000 450.000000 266.000000 1.456638 1.581571 3.837671 -4.864579 1.946634 15.792321 1.687979 0.974167
Car -1 -1 -10 726.000000 182.000000 776.000000 230.000000 1.449156 1.618269 3.927596 4.921486 1.747669 24.773573 -1.465924 0.765451
Car -1 -1 -10 714.000000 172.000000 752.000000 210.000000 1.650777 1.682072 4.030210 7.080893 1.745521 41.255861 -1.420323 0.316535
Car -1 -1 -10 727.000000 182.000000 795.000000 304.000000 1.527431 1.593806 3.407121 2.326419 1.476615 7.902850 0.298363 0.083212
Car -1 -1 -10 730.000000 192.000000 861.000000 345.000000 1.519484 1.654320 3.983179 2.770897 1.609493 6.786953 -0.226781 0.017492
Car -1 -1 -10 820.000000 190.000000 874.000000 228.000000 1.541912 1.636007 3.851475 12.164462 1.859383 34.566612 -1.722166 0.013148
Cyclist -1 -1 -10 727.000000 182.000000 795.000000 304.000000 1.709882 0.726477 1.813304 1.637002 1.305923 7.379186 -1.273967 0.197947
Cyclist -1 -1 -10 865.000000 188.000000 887.000000 231.000000 1.684956 0.527713 1.666759 9.820728 1.694579 26.414144 1.362572 0.022671
Cyclist -1 -1 -10 724.000000 180.000000 780.000000 243.000000 1.649822 0.602036 1.718550 4.767412 1.788303 23.288390 2.941604 0.022041
