Pedestrian -1 -1 -10 446.000000 156.000000 523.000000 321.000000 1.725985 0.681879 0.907760 -1.335510 1.452045 7.826799 1.886692 0.995918
Pedestrian -1 -1 -10 941.000000 130.000000 1121.000000 374.000000 1.725069 0.709052 0.892878 2.234642 1.322629 3.847733 -2.574088 0.995367
Pedestrian -1 -1 -10 1098.000000 182.000000 1215.000000 363.000000 1.689195 0.671203 0.728304 4.352290 1.570764 5.758538 3.717154 0.944830
Pedestrian -1 -1 -10 473.000000 156.000000 532.000000 260.000000 1.730445 0.645370 0.649162 -1.549675 1.295911 11.809212 -2.233246 0.172330
Pedestrian -1 -1 -10 750.000000 146.000000 764.000000 198.000000 1.747050 0.580346 0.691122 5.767218 0.532478 27.001426 -1.797411 0.159753
Pedestrian -1 -1 -10 1049.000000 170.000000 1148.000000 368.000000 1.712388 0.597331 0.706001 4.206820 1.661112 5.969074 3.230028 0.157118
Pedestrian -1 -1 -10 566.000000 156.000000 574.000000 186.000000 1.837610 0.600001 0.810153 -2.117677 0.228763 49.721481 2.562837 0.091461
Pedestrian -1 -1 -10 1006.000000 164.000000 1115.000000 343.000000 1.738384 0.618337 0.442410 3.975819 1.686663 6.314413 -0.999133 0.069268
Pedestrian -1 -1 -10 1052.000000 181.000000 1101.000000 334.000000 1.733601 0.643482 0.714387 4.473775 1.746816 6.817230 -0.447924 0.059607
Pedestrian -1 -1 -10 498.000000 164.000000 530.000000 248.000000 1.759629 0.748309 0.665384 -1.607025 1.374591 13.772210 1.443682 0.044890
Pedestrian -1 -1 -10 944.000000 154.000000 1037.000000 352.000000 1.714278 0.640569 0.639195 2.314279 0.819955 3.832290 -1.592765 0.022319
Pedestrian -1 -1 -10 947.000000 170.000000 990.000000 318.000000 1.747247 0.633373 0.569895 2.781519 1.429993 5.528640 -1.054260 0.019274
Pedestrian -1 -1 -10 364.000000 140.000000 519.000000 301.000000 1.809740 0.742164 0.853483 -2.003416 1.404060 8.408415 2.387526 0.010247
Car -1 -1 -10 249.000000 139.000000 537.000000 315.000000 1.851320 1.753897 4.183570 -2.591626 1.347957 9.768372 1.636311 0.729032
Car -1 -1 -10 455.000000 157.000000 561.000000 245.000000 1.690719 1.678248 4.158120 -2.089693 1.022883 15.741579 1.635515 0.150975
Car -1 -1 -10 432.000000 152.000000 526.000000 312.000000 1.707057 1.649236 3.765297 -1.133643 1.350559 9.091394 -0.605901 0.070328
Car -1 -1 -10 363.000000 149.000000 533.000000 269.000000 1.708033 1.642832 3.961106 -2.494076 1.137414 10.173410 1.686972 0.025612
Cyclist -1 -1 -10 1049.000000 170.000000 1148.000000 368.000000 1.649813 0.567856 1.540641 2.822958 1.263971 4.432019 3.165299 0.040709
Cyclist -1 -1 -10 1092.000000 186.000000 1220.000000 361.000000 1.621986 0.523788 1.710174 4.251580 1.427821 5.587255 2.285750 0.029322
Cyclist -1 -1 -10 941.000000 147.000000 1128.000000 370.000000 1.702900 0.570488 1.668784 2.169974 1.261444 3.911057 0.907206 0.010116
