Car -1 -1 -10 367.000000 196.000000 492.000000 263.000000 1.434362 1.600626 3.843329 -4.388320 1.937331 16.764625 -2.180861 0.999496
Car -1 -1 -10 256.000000 188.000000 317.000000 226.000000 1.489624 1.618050 3.906834 -13.373077 2.047648 29.184954 -2.137393 0.999257
Car -1 -1 -10 30.000000 189.000000 88.000000 224.000000 1.566308 1.614099 3.776999 -29.017717 2.494078 37.223965 0.920157 0.997611
Car -1 -1 -10 858.000000 172.000000 980.000000 236.000000 1.451369 1.655592 4.007085 7.128955 1.460214 17.053184 1.730225 0.997369
Car -1 -1 -10 237.000000 187.000000 289.000000 220.000000 1.472510 1.595128 3.815465 -16.501101 2.071130 33.949146 -2.128280 0.980324
Car -1 -1 -10 758.000000 172.000000 846.000000 232.000000 1.459598 1.586716 3.677945 4.962248 1.466324 18.441467 1.843044 0.968041
Car -1 -1 -10 437.000000 175.000000 529.000000 211.000000 1.495456 1.622810 3.816022 -5.843686 1.651244 33.009959 -3.097626 0.863870
Car -1 -1 -10 491.000000 158.000000 801.000000 324.000000 1.998922 1.735661 4.276407 0.135241 1.873192 10.504322 -2.185852 0.491197
Car -1 -1 -10 384.000000 180.000000 470.000000 212.000000 1.543200 1.655463 4.067889 -9.891242 1.866589 38.028154 0.113299 0.222961
Car -1 -1 -10 934.000000 162.000000 1130.000000 225.000000 1.609622 1.684564 4.068749 10.511127 1.627540 18.729201 1.603366 0.204243
Car -1 -1 -10 61.000000 189.000000 99.000000 216.000000 1.516992 1.437076 3.224781 -30.452464 2.424342 39.147380 0.985647 0.138829
Car -1 -1 -10 815.000000 172.000000 892.000000 221.000000 1.560111 1.645300 3.871977 9.657127 1.394516 28.490582 1.393025 0.067088
