Pedestrian -1 -1 -10 211.000000 177.000000 254.000000 286.000000 1.734640 0.564926 0.645616 -5.571560 1.659041 10.805462 0.075916 0.789537
Pedestrian -1 -1 -10 719.000000 169.000000 750.000000 258.000000 1.735890 0.615788 0.775386 2.193562 1.599176 12.901657 -0.832528 0.511603
Pedestrian -1 -1 -10 755.000000 158.000000 801.000000 269.000000 1.726919 0.623697 0.701740 2.513672 1.517976 11.307034 0.905301 0.278432
Pedestrian -1 -1 -10 228.000000 178.000000 268.000000 290.000000 1.816413 0.669182 0.656597 -5.609049 1.858801 10.898777 0.061498 0.129368
Pedestrian -1 -1 -10 757.000000 165.000000 781.000000 255.000000 1.718251 0.573553 0.725927 2.203999 1.322686 11.041876 3.189931 0.046547
Pedestrian -1 -1 -10 724.000000 167.000000 777.000000 258.000000 1.796529 0.614417 0.830992 2.465129 1.603820 12.615341 3.106260 0.045631
Pedestrian -1 -1 -10 751.000000 177.000000 770.000000 247.000000 1.700111 0.629492 0.453542 4.242219 1.979675 20.443475 -0.935026 0.019440
Pedestrian -1 -1 -10 778.000000 155.000000 800.000000 229.000000 1.757755 0.523148 0.557427 3.045303 1.233356 12.236594 2.778575 0.016838
Pedestrian -1 -1 -10 763.000000 166.000000 789.000000 232.000000 1.705730 0.637387 0.631260 4.015657 1.885767 18.484534 -1.861175 0.016768
Pedestrian -1 -1 -10 753.000000 148.000000 840.000000 285.000000 1.788468 0.537115 1.057141 2.590019 1.608717 10.193642 2.921695 0.014297
Pedestrian -1 -1 -10 213.000000 191.000000 292.000000 271.000000 1.765048 0.646408 0.742337 -8.954448 2.085815 18.462473 -1.669366 0.012485
Pedestrian -1 -1 -10 125.000000 184.000000 306.000000 296.000000 1.835547 0.742390 0.686346 -5.570566 2.107156 10.764038 -2.407547 0.012004
Car -1 -1 -10 598.000000 175.000000 626.000000 201.000000 1.629389 1.672645 4.126816 0.209217 1.802140 46.723665 -1.544164 0.998124
Car -1 -1 -10 1.000000 174.000000 377.000000 373.000000 1.435879 1.597549 3.870783 -2.601829 1.559408 3.699263 -1.581052 0.988350
Car -1 -1 -10 417.000000 184.000000 462.000000 212.000000 1.487089 1.593345 3.778147 -9.693520 2.231805 41.184292 1.539900 0.978460
Car -1 -1 -10 2.000000 166.000000 94.000000 204.000000 1.496137 1.654631 3.899370 -30.138892 1.304636 38.775821 -1.572915 0.103298
Car -1 -1 -10 125.000000 184.000000 306.000000 296.000000 1.498087 1.561839 3.414160 -6.190435 1.776639 12.985151 -0.674104 0.067158
Car -1 -1 -10 0.000000 165.000000 102.000000 249.000000 1.996432 1.676853 4.052718 -30.264215 2.191163 37.682983 -1.667807 0.012501
Cyclist -1 -1 -10 750.000000 148.000000 909.000000 291.000000 1.744979 0.595266 1.721169 2.837635 1.445123 9.479848 -2.764778 0.999818
Cyclist -1 -1 -10 746.000000 152.000000 830.000000 280.000000 1.859828 0.642936 1.784190 2.688916 1.503248 11.475222 2.294168 0.950170
Cyclist -1 -1 -10 927.000000 174.000000 977.000000 232.000000 1.630188 0.501052 1.706189 7.929929 1.489845 16.418915 1.547017 0.862025
Cyclist -1 -1 -10 759.000000 159.000000 800.000000 273.000000 1.770278 0.517493 1.660072 2.730327 1.511723 11.731231 2.220010 0.551825
Cyclist -1 -1 -10 724.000000 168.000000 770.000000 259.000000 1.732735 0.517259 1.743280 2.215467 1.607333 12.960478 -1.813151 0.343915
Cyclist -1 -1 -10 201.000000 181.000000 281.000000 287.000000 1.702919 0.525388 1.599092 -7.603424 1.501274 16.158082 -2.047377 0.237956
Cyclist -1 -1 -10 746.000000 176.000000 765.000000 253.000000 1.733538 0.520302 1.556400 4.110230 1.893617 19.415873 -1.402970 0.161399
Cyclist -1 -1 -10 752.000000 169.000000 775.000000 256.000000 1.697031 0.481972 1.444753 2.769912 2.201880 12.602804 -1.394575 0.086435
Cyclist -1 -1 -10 131.000000 183.000000 303.000000 294.000000 1.717508 0.500647 1.731279 -5.508682 1.711808 11.241129 2.111603 0.066670
Cyclist -1 -1 -10 764.000000 164.000000 806.000000 226.000000 1.690792 0.515781 1.602238 8.755227 1.460207 36.068888 0.699982 0.023233
Cyclist -1 -1 -10 718.000000 171.000000 749.000000 252.000000 1.674916 0.497110 1.723948 2.144960 1.561769 12.999796 -1.572487 0.018247
