Pedestrian -1 -1 -10 245.000000 182.000000 263.000000 216.000000 1.717373 0.580067 0.725604 -4.614282 1.378104 8.895749 2.509071 0.749109
Pedestrian -1 -1 -10 270.000000 181.000000 284.000000 215.000000 1.814531 0.461462 0.760763 -20.177926 2.302000 43.187946 -1.652901 0.510720
Pedestrian -1 -1 -10 258.000000 182.000000 289.000000 218.000000 1.693873 0.556580 0.711503 -5.395085 1.458009 10.948049 2.531602 0.028683
Pedestrian -1 -1 -10 244.000000 183.000000 278.000000 220.000000 1.777985 0.692605 0.778009 -16.044870 2.604168 32.798251 -2.565239 0.019979
Pedestrian -1 -1 -10 226.000000 189.000000 287.000000 228.000000 1.802655 0.725211 0.828853 -15.832991 2.983412 31.828109 2.108675 0.016219
Car -1 -1 -10 596.000000 173.000000 631.000000 203.000000 1.536888 1.701867 4.181354 0.355488 1.614183 43.392987 -1.555406 0.999285
Car -1 -1 -10 85.000000 196.000000 219.000000 258.000000 1.491401 1.541794 3.579401 -12.617943 2.213518 20.432615 1.563394 0.999235
Car -1 -1 -10 222.000000 193.000000 293.000000 229.000000 1.482905 1.597493 3.873908 -16.275908 2.496815 33.413131 1.544355 0.993668
Car -1 -1 -10 1.000000 202.000000 49.000000 264.000000 1.504724 1.622921 3.842379 -17.936663 2.505571 20.957261 -1.344906 0.011043
Car -1 -1 -10 248.000000 184.000000 291.000000 219.000000 1.559606 1.624427 3.884124 -16.332726 2.457747 33.475757 1.519504 0.010751
Cyclist -1 -1 -10 226.000000 189.000000 287.000000 228.000000 1.702143 0.687238 1.717008 -15.943592 2.711776 32.190214 2.121670 0.012750
Cyclist -1 -1 -10 268.000000 182.000000 288.000000 217.000000 1.682508 0.546201 1.580377 -18.904054 2.004188 41.296520 -2.005252 0.010903
