Pedestrian -1 -1 -10 814.000000 178.000000 824.000000 223.000000 1.776552 0.623651 0.588691 3.253550 1.520954 11.658175 -1.288284 0.052003
Pedestrian -1 -1 -10 810.000000 183.000000 828.000000 230.000000 1.713759 0.596265 0.624643 3.933902 1.578572 13.497929 -1.972679 0.013151
Car -1 -1 -10 477.000000 187.000000 539.000000 228.000000 1.494302 1.624895 3.734929 -3.795637 2.069903 27.958013 1.628456 0.999372
Car -1 -1 -10 778.000000 192.000000 965.000000 300.000000 1.437006 1.618055 3.875027 4.051772 1.821179 12.086459 -1.539869 0.997184
Car -1 -1 -10 734.000000 184.000000 848.000000 253.000000 1.510646 1.582298 3.695995 4.216684 1.847248 17.958913 -1.609285 0.994210
Car -1 -1 -10 716.000000 185.000000 783.000000 236.000000 1.451203 1.590322 3.857070 4.385196 1.909397 23.174598 -1.511894 0.991249
Car -1 -1 -10 701.000000 183.000000 752.000000 224.000000 1.511760 1.564798 3.549862 4.467634 1.973572 28.509436 -1.524632 0.982068
Car -1 -1 -10 511.000000 186.000000 557.000000 220.000000 1.613036 1.569379 3.765847 -3.712988 2.108688 32.368155 1.655451 0.915224
Car -1 -1 -10 689.000000 183.000000 732.000000 216.000000 1.665129 1.683923 4.147859 4.770481 2.024625 33.741984 -1.554800 0.893747
Car -1 -1 -10 870.000000 167.000000 1240.000000 366.000000 1.582001 1.646902 4.161458 3.886945 1.584147 6.049191 -1.532359 0.706395
Car -1 -1 -10 534.000000 187.000000 570.000000 214.000000 1.537321 1.596446 3.932772 -3.317565 2.251427 38.952271 1.632549 0.249838
