Pedestrian -1 -1 -10 211.000000 183.000000 260.000000 297.000000 1.822042 0.699720 0.909362 -5.744649 1.913041 11.105301 1.180487 0.988938
Pedestrian -1 -1 -10 155.000000 191.000000 197.000000 300.000000 1.760888 0.676856 0.759312 -6.763476 1.886987 11.240570 1.628093 0.962633
Pedestrian -1 -1 -10 564.000000 177.000000 572.000000 203.000000 1.764471 0.647060 0.783418 -3.074557 2.122319 52.417269 -1.557265 0.524858
Car -1 -1 -10 727.000000 183.000000 890.000000 302.000000 1.469644 1.550257 3.533664 2.684470 1.612645 10.721152 -1.546312 0.999735
Car -1 -1 -10 659.000000 176.000000 714.000000 221.000000 1.477049 1.593217 3.557939 2.754097 1.596760 26.270400 -1.588429 0.999281
Car -1 -1 -10 463.000000 183.000000 518.000000 225.000000 1.558495 1.624899 3.788267 -4.891836 2.019158 29.819784 1.561804 0.999223
Car -1 -1 -10 330.000000 180.000000 465.000000 272.000000 1.699698 1.677218 4.060424 -4.468427 1.902707 15.980286 -1.569187 0.998517
Car -1 -1 -10 0.000000 211.000000 322.000000 375.000000 1.503294 1.605675 3.813219 -4.320071 1.948481 6.965796 -1.632408 0.993583
Car -1 -1 -10 515.000000 182.000000 545.000000 208.000000 1.547488 1.620389 3.842732 -5.440868 2.196425 45.611828 1.450728 0.966345
Cyclist -1 -1 -10 575.000000 174.000000 586.000000 201.000000 1.794728 0.595494 1.734349 -2.176923 2.002061 53.085263 -1.579539 0.168764
Cyclist -1 -1 -10 564.000000 177.000000 572.000000 202.000000 1.750890 0.433667 1.509583 -3.074931 2.084314 52.962633 -1.622255 0.130744
Cyclist -1 -1 -10 147.000000 193.000000 198.000000 307.000000 1.712810 0.637427 1.723187 -6.897890 1.675649 11.305214 0.504200 0.026401
Cyclist -1 -1 -10 209.000000 182.000000 257.000000 299.000000 1.672185 0.587827 1.667846 -5.913703 1.570141 11.500601 0.500245 0.011014
