Pedestrian -1 -1 -10 731.000000 157.000000 742.000000 203.000000 1.766160 0.755836 0.843732 5.761169 0.983738 32.835543 -1.254184 0.207248
Pedestrian -1 -1 -10 726.000000 163.000000 750.000000 199.000000 1.821292 0.796160 0.988955 5.681436 1.085734 32.674577 -1.248532 0.021207
Pedestrian -1 -1 -10 721.000000 162.000000 730.000000 203.000000 1.766365 0.664719 0.659682 5.270847 1.146786 33.206744 -1.463136 0.018965
Car -1 -1 -10 96.000000 192.000000 366.000000 312.000000 1.463970 1.640281 4.036546 -5.605191 1.869221 11.351457 1.678825 0.999376
Car -1 -1 -10 739.000000 177.000000 922.000000 287.000000 1.472719 1.639362 3.957690 3.285293 1.539343 11.657572 -1.633862 0.998809
Car -1 -1 -10 686.000000 174.000000 765.000000 231.000000 1.462865 1.578716 3.760976 3.131711 1.495624 20.254968 -1.579293 0.998198
Car -1 -1 -10 420.000000 174.000000 485.000000 223.000000 1.563911 1.575280 3.747204 -5.770180 1.751955 26.301159 1.581090 0.996559
Car -1 -1 -10 848.000000 175.000000 1234.000000 375.000000 1.467867 1.565132 3.804239 3.326176 1.554990 5.928875 1.535578 0.996214
Car -1 -1 -10 669.000000 173.000000 730.000000 214.000000 1.539532 1.587131 3.624757 3.150871 1.543926 25.603855 -1.664003 0.945216
Car -1 -1 -10 456.000000 176.000000 506.000000 214.000000 1.495693 1.571748 3.790587 -5.626349 1.781226 31.074214 1.538284 0.846624
Car -1 -1 -10 190.000000 182.000000 304.000000 222.000000 1.548464 1.614715 3.998258 -12.000270 1.557556 26.517360 -2.130834 0.086496
