Pedestrian -1 -1 -10 672.000000 174.000000 691.000000 228.000000 1.769599 0.522911 0.769923 1.271501 1.307905 14.872448 3.069801 0.215849
Pedestrian -1 -1 -10 687.000000 169.000000 718.000000 238.000000 1.780805 0.610433 0.830659 2.191743 1.596651 18.180699 -1.958171 0.125706
Pedestrian -1 -1 -10 690.000000 163.000000 744.000000 241.000000 1.804054 0.616999 0.766198 2.570589 1.591814 17.030560 -0.760551 0.034607
Pedestrian -1 -1 -10 676.000000 174.000000 706.000000 229.000000 1.692663 0.555101 0.615289 2.122153 1.519680 18.188675 0.647187 0.026037
Pedestrian -1 -1 -10 369.000000 176.000000 379.000000 214.000000 1.682957 0.614078 0.689049 -5.683262 1.272216 17.549788 -1.334355 0.020092
Pedestrian -1 -1 -10 709.000000 162.000000 733.000000 234.000000 1.794689 0.691025 0.846887 2.579741 1.430066 16.497794 -1.996782 0.017117
Car -1 -1 -10 308.000000 180.000000 501.000000 318.000000 1.634139 1.660139 4.092815 -2.816228 1.726454 10.701558 -1.555701 0.999527
Car -1 -1 -10 0.000000 200.000000 157.000000 279.000000 1.505599 1.588372 3.769310 -12.275732 2.237348 16.818104 1.561098 0.998425
Car -1 -1 -10 590.000000 176.000000 617.000000 204.000000 1.650721 1.670723 3.782464 -0.363306 2.014685 46.420508 -1.574694 0.997440
Car -1 -1 -10 347.000000 184.000000 445.000000 225.000000 1.540835 1.585831 3.892510 -9.864803 1.807876 33.340113 1.250931 0.012817
Cyclist -1 -1 -10 687.000000 163.000000 769.000000 243.000000 1.724458 0.523420 1.685399 2.680818 1.517899 16.544883 -2.590300 0.999686
Cyclist -1 -1 -10 683.000000 168.000000 727.000000 240.000000 1.777043 0.594368 1.787662 2.180063 1.605180 17.974104 1.654713 0.976181
Cyclist -1 -1 -10 675.000000 172.000000 705.000000 232.000000 1.728095 0.625171 1.746657 2.154339 1.502724 18.245796 1.716790 0.758412
Cyclist -1 -1 -10 672.000000 174.000000 690.000000 229.000000 1.717027 0.480806 1.763964 1.912418 1.680874 20.092588 -1.762610 0.475706
Cyclist -1 -1 -10 826.000000 183.000000 851.000000 217.000000 1.660048 0.587507 1.670737 7.633665 1.795107 23.569325 1.269425 0.196427
Cyclist -1 -1 -10 702.000000 163.000000 741.000000 230.000000 1.716267 0.606026 1.672432 2.797175 1.480733 18.748174 3.083000 0.047271
Cyclist -1 -1 -10 365.000000 177.000000 384.000000 214.000000 1.703529 0.533897 1.624468 -7.786441 1.513802 23.032185 -1.890410 0.021998
Cyclist -1 -1 -10 709.000000 168.000000 748.000000 200.000000 1.679776 0.601056 1.633250 7.939172 1.650747 43.620773 2.175533 0.020360
Cyclist -1 -1 -10 333.000000 183.000000 406.000000 227.000000 1.703371 0.621023 1.689784 -7.800124 1.420216 22.752218 2.407834 0.015146
