Pedestrian -1 -1 -10 801.000000 154.000000 834.000000 244.000000 1.851862 0.725367 0.935204 4.770028 1.405892 16.736502 -1.409829 0.923906
Pedestrian -1 -1 -10 832.000000 146.000000 865.000000 270.000000 1.730350 0.654798 0.732452 3.468052 1.690615 10.965899 -1.802412 0.224884
Pedestrian -1 -1 -10 751.000000 180.000000 870.000000 281.000000 1.702967 0.775524 0.696659 2.570054 1.839126 10.561951 -0.709877 0.064171
Pedestrian -1 -1 -10 800.000000 154.000000 873.000000 262.000000 1.768149 0.556561 0.683258 5.378810 1.395485 17.437259 3.276152 0.035896
Pedestrian -1 -1 -10 819.000000 149.000000 853.000000 277.000000 1.705730 0.637387 0.631260 3.608118 1.130793 11.671657 -1.783667 0.017488
Pedestrian -1 -1 -10 787.000000 167.000000 853.000000 236.000000 1.826273 0.743053 0.902711 4.827852 1.340409 16.705577 -1.170275 0.013639
Car -1 -1 -10 795.000000 182.000000 1187.000000 371.000000 1.472926 1.564929 3.620173 3.006033 1.575092 6.519561 -1.669818 0.998905
Car -1 -1 -10 158.000000 194.000000 341.000000 298.000000 1.500066 1.558056 3.713875 -5.984306 1.900425 12.457456 1.541749 0.998092
Car -1 -1 -10 733.000000 184.000000 888.000000 280.000000 1.454800 1.581645 3.705826 3.170488 1.599025 12.149852 -1.601192 0.991407
Car -1 -1 -10 0.000000 197.000000 200.000000 374.000000 1.566073 1.596973 3.781362 -5.918657 1.899487 7.306029 1.577609 0.930396
Car -1 -1 -10 312.000000 175.000000 421.000000 219.000000 1.661533 1.712337 4.100121 -12.157059 2.050128 36.707957 -3.091521 0.475175
Car -1 -1 -10 276.000000 184.000000 327.000000 212.000000 1.492460 1.616508 3.743973 -19.698475 2.410827 46.147620 0.769496 0.216457
Car -1 -1 -10 784.000000 166.000000 860.000000 263.000000 1.573956 1.647276 3.915555 5.714334 0.905965 17.888500 -0.758928 0.015163
Car -1 -1 -10 1001.000000 157.000000 1102.000000 185.000000 1.544789 1.524328 3.476699 19.390496 0.779866 32.078596 2.612068 0.011844
Cyclist -1 -1 -10 971.000000 167.000000 1101.000000 246.000000 1.702979 0.586170 1.842655 11.639846 1.236995 20.907626 3.081819 0.558314
Cyclist -1 -1 -10 1006.000000 151.000000 1055.000000 259.000000 1.668985 0.542633 1.790587 12.108817 1.276288 20.968054 3.054669 0.196356
Cyclist -1 -1 -10 755.000000 182.000000 802.000000 223.000000 1.707478 0.902353 1.832138 9.017428 2.275833 39.401350 0.332728 0.041071
Cyclist -1 -1 -10 738.000000 183.000000 882.000000 278.000000 1.704151 0.641894 1.780795 2.871499 1.724155 10.867795 0.828518 0.026611
Cyclist -1 -1 -10 776.000000 177.000000 797.000000 223.000000 1.681566 0.565042 1.617716 9.130735 2.023860 36.794954 1.283529 0.012900
Cyclist -1 -1 -10 800.000000 155.000000 834.000000 235.000000 1.699766 0.758430 1.771134 4.733416 1.104860 16.803159 3.400234 0.011008
