Car -1 -1 -10 656.000000 178.000000 703.000000 215.000000 1.498199 1.605177 3.624826 2.699252 1.611247 28.386169 -1.562907 0.999268
Car -1 -1 -10 692.000000 168.000000 806.000000 265.000000 1.662350 1.618005 3.789000 2.714725 1.667757 14.741762 -1.606742 0.998172
Car -1 -1 -10 796.000000 196.000000 1242.000000 374.000000 1.491217 1.624602 4.060754 2.759271 1.674100 5.598930 -1.598530 0.997379
Car -1 -1 -10 369.000000 174.000000 503.000000 220.000000 1.498177 1.561951 4.061092 -5.910405 1.639580 25.598754 0.125540 0.992344
Car -1 -1 -10 37.000000 178.000000 419.000000 276.000000 1.543144 1.677640 4.297539 -6.225445 1.729929 12.790572 0.029618 0.967999
Car -1 -1 -10 419.000000 172.000000 512.000000 210.000000 1.542470 1.607101 4.000078 -6.445806 1.577948 30.805394 0.137113 0.690758
Car -1 -1 -10 213.000000 172.000000 417.000000 255.000000 1.654842 1.596274 4.136240 -6.307685 1.704577 15.323019 -0.150296 0.424976
Car -1 -1 -10 991.000000 190.000000 1202.000000 258.000000 1.569106 1.622756 4.080133 13.318560 1.764310 19.423522 3.227192 0.048849
Car -1 -1 -10 1025.000000 213.000000 1238.000000 371.000000 1.508501 1.628596 3.918843 2.968182 1.618851 5.304750 -1.040724 0.042470
Car -1 -1 -10 303.000000 175.000000 469.000000 233.000000 1.474260 1.632700 4.011927 -6.732589 1.570895 21.318554 1.473531 0.038553
Car -1 -1 -10 450.000000 173.000000 526.000000 201.000000 1.558065 1.601183 3.693703 -5.428398 1.434428 38.320391 1.829129 0.028672
Car -1 -1 -10 6.000000 181.000000 192.000000 253.000000 1.434944 1.633853 3.998449 -13.769471 1.187345 18.910529 1.542138 0.020661
Car -1 -1 -10 703.000000 173.000000 762.000000 212.000000 1.530874 1.632796 3.866640 6.237796 1.472793 33.719901 -0.009130 0.017575
Car -1 -1 -10 668.000000 171.000000 713.000000 200.000000 1.527705 1.541033 3.457025 4.713138 1.140238 34.009052 1.672656 0.014091
