Car -1 -1 -10 727.000000 174.000000 936.000000 315.000000 1.603630 1.640881 3.892300 2.924823 1.657229 10.483796 -1.613609 0.999377
Car -1 -1 -10 290.000000 182.000000 455.000000 249.000000 1.521620 1.596004 4.205367 -6.036560 1.756060 17.525220 0.092098 0.988073
Car -1 -1 -10 700.000000 176.000000 768.000000 206.000000 1.499891 1.557733 3.689114 6.091219 1.665691 35.794589 -2.089567 0.987026
Car -1 -1 -10 72.000000 174.000000 379.000000 280.000000 1.628989 1.590820 3.374232 -6.184849 1.684066 13.302385 2.644275 0.921560
Car -1 -1 -10 378.000000 177.000000 478.000000 221.000000 1.584861 1.667701 3.875733 -6.748662 1.587769 27.704769 -2.968886 0.915521
Car -1 -1 -10 219.000000 174.000000 396.000000 263.000000 1.586142 1.619925 4.131811 -6.048606 1.583471 13.725539 1.617106 0.215364
Car -1 -1 -10 415.000000 173.000000 502.000000 213.000000 1.672871 1.661620 4.086157 -6.552461 1.578078 31.255395 -3.164458 0.178663
Car -1 -1 -10 -2.000000 181.000000 251.000000 357.000000 1.511719 1.613122 3.780438 -4.023584 1.456148 4.254319 1.590131 0.154250
Car -1 -1 -10 460.000000 175.000000 525.000000 201.000000 1.561532 1.646432 4.040349 -6.497108 1.805956 44.404612 -1.763463 0.022684
Car -1 -1 -10 1.000000 179.000000 204.000000 276.000000 1.495190 1.555286 3.677534 -7.294487 1.696935 11.892243 -0.029458 0.022345
