Pedestrian -1 -1 -10 965.000000 194.000000 1097.000000 374.000000 1.701991 0.672465 0.826898 2.630420 1.668782 4.669257 2.291690 0.987367
Pedestrian -1 -1 -10 928.000000 191.000000 1230.000000 369.000000 1.719548 0.684915 0.961994 2.659957 1.746867 4.446746 0.578395 0.025767
Pedestrian -1 -1 -10 859.000000 191.000000 1071.000000 343.000000 1.726884 0.564618 0.786985 2.471512 1.830327 4.977139 1.579076 0.017909
Car -1 -1 -10 788.000000 192.000000 997.000000 310.000000 1.492623 1.609356 4.049621 4.107896 1.869387 11.208760 1.577835 0.998030
Car -1 -1 -10 739.000000 190.000000 841.000000 258.000000 1.430116 1.603293 3.916054 4.063029 1.878206 17.304292 -1.500682 0.995356
Car -1 -1 -10 554.000000 180.000000 596.000000 212.000000 1.494848 1.663048 4.033120 -1.707221 1.847280 35.123208 1.620570 0.991111
Car -1 -1 -10 723.000000 185.000000 790.000000 241.000000 1.491288 1.538498 3.484876 4.490217 1.914583 22.594887 -1.543480 0.982677
Car -1 -1 -10 924.000000 192.000000 1231.000000 367.000000 1.539954 1.570232 3.980153 4.034597 1.644024 4.446392 -0.500026 0.926759
Car -1 -1 -10 -1.000000 209.000000 236.000000 376.000000 1.504210 1.566790 3.753419 -2.522447 1.580993 2.788660 1.580690 0.813519
Car -1 -1 -10 706.000000 182.000000 759.000000 226.000000 1.531929 1.591708 3.663871 4.805642 1.967819 29.254025 -1.541211 0.783225
Car -1 -1 -10 491.000000 180.000000 560.000000 248.000000 1.493854 1.594924 3.858735 -2.352776 1.786174 19.200341 1.595147 0.625820
Car -1 -1 -10 407.000000 162.000000 540.000000 287.000000 1.812826 1.685245 4.185492 -2.400799 1.754884 13.680207 -1.600715 0.396721
Car -1 -1 -10 694.000000 182.000000 739.000000 219.000000 1.552885 1.606500 3.924047 4.808376 1.895101 33.885775 -1.525608 0.298042
Car -1 -1 -10 965.000000 199.000000 1097.000000 369.000000 1.555069 1.602749 3.836449 3.652528 1.534123 5.589436 -0.932528 0.210814
Car -1 -1 -10 571.000000 179.000000 603.000000 205.000000 1.508754 1.512122 3.321200 -1.819417 1.801853 39.949297 -2.275615 0.069078
Cyclist -1 -1 -10 945.000000 197.000000 1128.000000 375.000000 1.706455 0.559312 1.691691 2.601483 1.558891 4.567487 0.968347 0.094672
