Pedestrian -1 -1 -10 673.000000 167.000000 684.000000 206.000000 1.769352 0.608012 0.845939 3.237434 1.509177 33.939089 1.196759 0.660788
Pedestrian -1 -1 -10 668.000000 171.000000 688.000000 197.000000 1.794857 0.600984 0.693328 3.160540 1.385643 33.867557 0.090875 0.019873
Car -1 -1 -10 783.000000 183.000000 1127.000000 371.000000 1.459035 1.573719 3.566972 3.100398 1.552583 7.280436 -1.618032 0.999450
Car -1 -1 -10 75.000000 187.000000 325.000000 307.000000 1.459941 1.619126 3.898244 -5.766345 1.680905 10.796747 1.548298 0.997714
Car -1 -1 -10 469.000000 175.000000 522.000000 204.000000 1.398996 1.607293 3.838262 -6.182075 1.659298 38.281722 1.004036 0.996082
Car -1 -1 -10 354.000000 176.000000 412.000000 201.000000 1.449775 1.666385 3.888764 -13.648221 2.033403 44.080209 0.489059 0.885867
Car -1 -1 -10 1001.000000 211.000000 1236.000000 373.000000 1.476658 1.617247 3.893868 3.020230 1.595080 1.831555 -1.608590 0.694834
Car -1 -1 -10 181.000000 174.000000 267.000000 221.000000 1.462856 1.568188 4.006736 -14.698225 1.701500 28.045720 1.046786 0.673758
Car -1 -1 -10 2.000000 199.000000 155.000000 374.000000 1.485692 1.604718 3.741304 -5.705061 1.773727 6.045601 1.536408 0.657375
Car -1 -1 -10 141.000000 178.000000 201.000000 213.000000 1.500854 1.644386 3.822779 -17.124416 1.542005 28.968793 -2.031041 0.096610
Car -1 -1 -10 233.000000 184.000000 313.000000 240.000000 1.426935 1.590733 3.698605 -11.315460 1.485452 25.418853 0.472903 0.066695
Cyclist -1 -1 -10 669.000000 170.000000 687.000000 202.000000 1.731637 0.635251 1.695565 3.227674 1.480646 34.190732 0.628316 0.016687
