Pedestrian -1 -1 -10 736.000000 167.000000 761.000000 230.000000 1.771696 0.662179 0.896758 3.765875 1.616231 19.906100 1.614553 0.954375
Car -1 -1 -10 346.000000 186.000000 450.000000 262.000000 1.449072 1.567635 3.704015 -4.350375 1.720222 15.177583 1.470834 0.999676
Car -1 -1 -10 498.000000 175.000000 578.000000 204.000000 1.578767 1.664720 4.142737 -4.031785 1.835728 40.069654 -0.694171 0.965919
Car -1 -1 -10 350.000000 185.000000 424.000000 217.000000 1.540578 1.587246 3.804064 -8.007150 1.865756 26.182695 -2.426903 0.644970
Car -1 -1 -10 101.000000 180.000000 215.000000 221.000000 1.509063 1.595962 3.983063 -19.835124 1.947938 31.787183 -3.202989 0.598264
Car -1 -1 -10 619.000000 174.000000 702.000000 199.000000 1.555569 1.618146 4.167004 2.787696 1.621833 43.158159 2.756548 0.568400
Car -1 -1 -10 332.000000 180.000000 400.000000 206.000000 1.591143 1.648576 3.935173 -16.797600 1.943419 50.628472 -3.008243 0.060007
Car -1 -1 -10 1.000000 166.000000 201.000000 233.000000 1.831654 1.624600 3.963169 -13.665935 1.619371 20.303704 -2.811261 0.010709
Cyclist -1 -1 -10 736.000000 167.000000 760.000000 231.000000 1.874865 0.665115 1.759331 3.805205 1.677628 19.919743 1.697457 0.134924
Cyclist -1 -1 -10 783.000000 176.000000 832.000000 204.000000 1.639070 0.411337 1.459843 5.233673 1.333213 19.317837 -1.257879 0.022860
