Car -1 -1 -10 667.000000 184.000000 835.000000 300.000000 1.530348 1.581970 3.601304 2.130294 1.730338 11.955729 -1.774540 0.999021
Car -1 -1 -10 561.000000 185.000000 626.000000 229.000000 1.491740 1.583987 3.594464 -0.685746 1.996647 26.614975 -1.817317 0.998400
Car -1 -1 -10 508.000000 180.000000 575.000000 209.000000 1.501920 1.576875 3.847465 -3.938602 2.070260 41.809851 2.407039 0.977893
Car -1 -1 -10 618.000000 180.000000 692.000000 209.000000 1.556739 1.603143 3.828477 2.455844 1.892917 38.447752 2.371140 0.797268
Car -1 -1 -10 700.000000 179.000000 805.000000 221.000000 1.512585 1.593890 3.823937 9.167359 2.053853 44.973534 -0.729466 0.441452
Car -1 -1 -10 681.000000 179.000000 743.000000 209.000000 1.461416 1.612770 3.942113 5.658491 1.796681 41.585823 -0.778148 0.305635
Car -1 -1 -10 736.000000 177.000000 794.000000 213.000000 1.518502 1.613866 3.921759 9.239236 1.823562 44.972907 -0.705674 0.045586
Car -1 -1 -10 639.000000 180.000000 728.000000 206.000000 1.519445 1.619143 3.778834 5.195366 1.783648 41.870125 -0.828704 0.041816
Cyclist -1 -1 -10 331.000000 179.000000 399.000000 306.000000 1.703402 0.609410 1.808501 -3.706103 1.840437 10.948007 1.474666 0.999165
Cyclist -1 -1 -10 723.000000 176.000000 802.000000 223.000000 1.737412 0.688047 1.663477 8.768214 1.963788 43.895684 2.332143 0.015244
