Pedestrian -1 -1 -10 392.000000 175.000000 414.000000 243.000000 1.834408 0.689395 0.763073 -5.885526 2.003406 20.500472 1.425606 0.985237
Pedestrian -1 -1 -10 447.000000 171.000000 457.000000 207.000000 1.747298 0.709908 0.461773 -7.877755 1.464910 35.647396 0.760558 0.251914
Pedestrian -1 -1 -10 367.000000 184.000000 385.000000 241.000000 1.774885 0.643532 0.591703 -7.010053 1.950593 21.243463 -1.885927 0.041673
Pedestrian -1 -1 -10 363.000000 183.000000 413.000000 245.000000 1.830599 0.740184 0.903639 -6.348658 1.922464 20.357982 -1.555964 0.021633
Pedestrian -1 -1 -10 387.000000 187.000000 397.000000 234.000000 1.709525 0.552784 0.648857 -7.649639 1.939049 24.568408 0.298681 0.016279
Car -1 -1 -10 750.000000 179.000000 997.000000 338.000000 1.544005 1.585064 3.612823 2.842134 1.645908 8.572239 -1.587985 0.999486
Car -1 -1 -10 675.000000 179.000000 751.000000 241.000000 1.526336 1.578372 3.591444 2.583388 1.694619 18.888652 -1.569540 0.999166
Car -1 -1 -10 335.000000 197.000000 459.000000 280.000000 1.457195 1.577758 3.693297 -4.300235 1.961355 14.940641 -1.620573 0.998755
Car -1 -1 -10 645.000000 176.000000 683.000000 210.000000 1.475089 1.572716 3.607652 2.610362 1.654716 34.599081 -1.584361 0.995998
Car -1 -1 -10 427.000000 180.000000 499.000000 238.000000 1.633035 1.646633 3.955361 -4.602173 1.936784 24.035976 -1.557036 0.993669
Car -1 -1 -10 495.000000 182.000000 531.000000 215.000000 1.566972 1.578668 3.699669 -5.050093 2.107837 37.896265 1.553209 0.967579
Cyclist -1 -1 -10 380.000000 180.000000 414.000000 242.000000 1.706368 0.659097 1.668599 -6.033999 1.705551 20.963474 0.235635 0.014136
Cyclist -1 -1 -10 415.000000 195.000000 425.000000 226.000000 1.694470 0.631106 1.733688 -7.825751 1.904756 28.813728 -1.713141 0.011254
