Pedestrian -1 -1 -10 118.000000 163.000000 137.000000 228.000000 1.772592 0.656726 0.657335 -13.655290 1.531341 20.338267 -2.687845 0.026489
Car -1 -1 -10 823.000000 191.000000 1044.000000 263.000000 1.428780 1.606144 3.780163 6.637675 1.833432 14.907316 -0.028559 0.999507
Car -1 -1 -10 3.000000 181.000000 318.000000 306.000000 1.430234 1.607361 3.932207 -6.423720 1.585320 9.617663 -3.176436 0.998560
Car -1 -1 -10 713.000000 184.000000 824.000000 226.000000 1.504611 1.636600 3.802333 5.823920 1.952048 26.937303 0.001503 0.995859
Car -1 -1 -10 249.000000 179.000000 466.000000 249.000000 1.547178 1.596708 3.916985 -5.756973 1.684292 16.762656 0.082243 0.994859
Car -1 -1 -10 174.000000 182.000000 405.000000 275.000000 1.534002 1.573481 3.843717 -5.999195 1.744035 13.462281 -3.082671 0.993133
Car -1 -1 -10 959.000000 190.000000 1233.000000 366.000000 1.539989 1.634680 4.134345 6.166894 1.718949 7.340120 3.178161 0.990896
Car -1 -1 -10 639.000000 182.000000 672.000000 208.000000 1.411121 1.603530 3.880989 2.718201 2.031149 41.366091 -1.522557 0.990126
Car -1 -1 -10 798.000000 185.000000 942.000000 255.000000 1.552349 1.580111 3.875383 6.758963 1.791228 17.239730 -0.054563 0.984566
Car -1 -1 -10 336.000000 175.000000 472.000000 234.000000 1.492134 1.592655 3.991185 -6.328149 1.471291 21.504097 -3.183719 0.979674
Car -1 -1 -10 430.000000 177.000000 523.000000 213.000000 1.558788 1.616809 3.978830 -6.216067 1.935857 35.050382 -0.069090 0.891201
Car -1 -1 -10 386.000000 177.000000 500.000000 222.000000 1.475382 1.654121 3.940153 -5.684628 1.623784 26.220622 -2.848559 0.382922
Cyclist -1 -1 -10 119.000000 167.000000 139.000000 229.000000 1.692354 0.566345 1.666314 -13.865510 1.236492 20.606078 -2.146616 0.013979
