Pedestrian -1 -1 -10 629.000000 153.000000 663.000000 231.000000 1.758226 0.726216 0.847201 0.961839 1.079380 16.232982 1.211599 0.992480
Pedestrian -1 -1 -10 2.000000 165.000000 79.000000 372.000000 1.679102 0.644197 0.704677 -4.263243 1.506453 5.363102 -2.282609 0.959837
Pedestrian -1 -1 -10 63.000000 177.000000 109.000000 297.000000 1.673411 0.625109 0.730141 -6.426701 1.490691 8.888044 -3.749391 0.809720
Pedestrian -1 -1 -10 460.000000 162.000000 478.000000 215.000000 1.720672 0.592158 0.789082 -4.891275 1.132653 26.157054 1.264148 0.481412
Pedestrian -1 -1 -10 19.000000 176.000000 106.000000 326.000000 1.800260 0.636874 0.864952 -5.673940 1.588375 7.593513 0.946927 0.467564
Pedestrian -1 -1 -10 477.000000 167.000000 493.000000 215.000000 1.759106 0.613173 0.773191 -4.321903 1.125640 26.340670 -1.906470 0.253147
Pedestrian -1 -1 -10 2.000000 163.000000 21.000000 362.000000 1.707232 0.488237 0.687459 -6.028857 1.550196 7.216672 -0.105784 0.129618
Pedestrian -1 -1 -10 427.000000 167.000000 434.000000 197.000000 1.813468 0.580861 0.693551 -9.971907 1.108481 41.942039 0.883501 0.106775
Pedestrian -1 -1 -10 13.000000 170.000000 61.000000 320.000000 1.763619 0.644932 0.701317 -5.543713 1.363164 7.139626 -1.789886 0.078741
Car -1 -1 -10 58.000000 182.000000 325.000000 341.000000 1.624276 1.686439 4.151309 -5.004766 1.607063 9.380421 1.455413 0.998388
Car -1 -1 -10 27.000000 175.000000 124.000000 307.000000 1.553199 1.527882 3.311983 -8.240887 1.360819 10.384495 -2.201146 0.012881
Cyclist -1 -1 -10 301.000000 156.000000 383.000000 318.000000 1.760819 0.654007 1.806847 -3.157635 1.529439 8.829087 1.433012 0.999652
Cyclist -1 -1 -10 14.000000 174.000000 110.000000 315.000000 1.650186 0.595654 1.647840 -6.221884 1.326273 8.403809 2.371951 0.243867
Cyclist -1 -1 -10 359.000000 172.000000 388.000000 200.000000 1.702134 0.601695 1.647290 -12.333925 1.306153 38.785179 2.302256 0.065482
Cyclist -1 -1 -10 1.000000 167.000000 72.000000 369.000000 1.727085 0.520506 1.752019 -4.424053 1.555765 5.499531 -2.321593 0.036290
Cyclist -1 -1 -10 60.000000 176.000000 110.000000 298.000000 1.644321 0.582067 1.666196 -6.811363 1.291893 9.288723 -2.807378 0.020999
Cyclist -1 -1 -10 460.000000 161.000000 478.000000 214.000000 1.748025 0.553246 1.735577 -4.922427 1.135208 26.159920 1.278754 0.013499
Cyclist -1 -1 -10 346.000000 172.000000 368.000000 202.000000 1.702162 0.528669 1.525891 -12.941386 1.063243 38.569417 2.697898 0.012629
