Car -1 -1 -10 220.000000 186.000000 417.000000 307.000000 1.501130 1.599274 3.719237 -4.132140 1.535862 10.838253 -1.571474 0.999329
Car -1 -1 -10 436.000000 184.000000 509.000000 235.000000 1.453202 1.571885 3.580945 -4.179835 1.457020 22.324961 -1.598071 0.999253
Car -1 -1 -10 497.000000 183.000000 537.000000 219.000000 1.433805 1.606979 3.934571 -3.956861 1.322356 29.956607 -1.608110 0.991786
Car -1 -1 -10 0.000000 186.000000 186.000000 306.000000 1.512915 1.634751 3.981373 -8.308770 1.600007 10.468198 -1.568681 0.942837
Car -1 -1 -10 414.000000 182.000000 458.000000 214.000000 1.533025 1.630157 4.041600 -7.788513 1.350383 33.633329 -1.675031 0.926282
Car -1 -1 -10 191.000000 167.000000 324.000000 256.000000 1.734286 1.669524 3.945593 -8.393736 1.415632 17.220973 -1.580291 0.876582
Car -1 -1 -10 936.000000 165.000000 1232.000000 372.000000 1.512268 1.603043 3.759709 3.221606 1.557168 3.505298 -1.574464 0.844526
Car -1 -1 -10 592.000000 180.000000 634.000000 215.000000 1.532953 1.638865 4.025688 0.202669 1.272529 33.246769 -1.563171 0.700786
Car -1 -1 -10 311.000000 169.000000 404.000000 229.000000 1.877233 1.635910 3.883753 -8.690023 1.424968 25.581373 1.698665 0.602587
Car -1 -1 -10 584.000000 182.000000 609.000000 209.000000 1.503882 1.610561 3.857733 -0.258894 1.284519 41.700337 -0.980145 0.106564
