Car -1 -1 -10 652.000000 173.000000 704.000000 214.000000 1.543439 1.640125 3.969818 2.714209 1.617849 29.621566 -1.612418 0.999026
Car -1 -1 -10 724.000000 187.000000 906.000000 299.000000 1.396530 1.616821 4.022562 2.898724 1.646711 11.012211 -1.582054 0.998997
Car -1 -1 -10 512.000000 178.000000 565.000000 221.000000 1.486334 1.582773 3.712729 -2.461335 1.700263 25.860766 1.582337 0.997778
Car -1 -1 -10 5.000000 186.000000 318.000000 325.000000 1.529783 1.609390 4.001968 -5.986653 1.822578 8.293044 -0.144441 0.997732
Car -1 -1 -10 423.000000 176.000000 506.000000 210.000000 1.469000 1.607217 3.928147 -6.527772 1.614467 32.674552 -3.219578 0.987858
Car -1 -1 -10 283.000000 175.000000 432.000000 241.000000 1.521440 1.586898 3.840587 -6.183407 1.601560 17.025901 -3.312341 0.930190
Car -1 -1 -10 125.000000 182.000000 375.000000 279.000000 1.567565 1.562279 3.995027 -6.257952 1.866246 13.127209 -0.106436 0.779778
Car -1 -1 -10 1089.000000 186.000000 1236.000000 368.000000 1.459941 1.571226 3.711872 2.815837 1.654546 1.855844 -1.559269 0.156640
Car -1 -1 -10 455.000000 175.000000 521.000000 205.000000 1.608076 1.643210 3.775953 -5.008871 1.669250 38.511576 -1.712510 0.079920
Car -1 -1 -10 340.000000 179.000000 435.000000 220.000000 1.599771 1.629693 3.806410 -9.278098 1.809921 33.161909 1.220902 0.027437
Cyclist -1 -1 -10 93.000000 183.000000 383.000000 280.000000 1.670092 0.812122 1.993964 -5.314212 1.898648 11.674998 0.022507 0.013093
