Pedestrian -1 -1 -10 648.000000 190.000000 730.000000 247.000000 1.719448 0.664140 0.879387 1.619354 2.024365 19.150212 -1.063976 0.012511
Car -1 -1 -10 423.000000 192.000000 502.000000 249.000000 1.509221 1.648237 3.943902 -4.288169 2.122795 21.513010 1.522393 0.998764
Car -1 -1 -10 751.000000 194.000000 973.000000 346.000000 1.542274 1.575887 3.580787 2.951447 1.884893 9.516998 -1.612231 0.997422
Car -1 -1 -10 687.000000 190.000000 789.000000 271.000000 1.536239 1.567792 3.461093 2.630093 1.971590 15.922634 -1.626654 0.996552
Car -1 -1 -10 647.000000 189.000000 732.000000 248.000000 1.491220 1.599822 3.723839 2.102561 1.963636 20.695254 -1.636021 0.995450
Car -1 -1 -10 -2.000000 198.000000 340.000000 375.000000 1.522968 1.588108 3.793255 -3.422044 1.821902 5.420759 1.517439 0.987226
Car -1 -1 -10 631.000000 189.000000 689.000000 233.000000 1.475193 1.610505 3.915380 1.851640 2.138300 26.567937 -1.626993 0.954464
Car -1 -1 -10 854.000000 211.000000 1242.000000 377.000000 1.461607 1.624570 3.885965 2.981928 1.774262 4.369275 -1.561962 0.936407
Car -1 -1 -10 467.000000 192.000000 515.000000 236.000000 1.512701 1.377130 2.818033 -5.478153 2.369412 30.572335 -1.672864 0.737295
Car -1 -1 -10 492.000000 192.000000 527.000000 221.000000 1.528305 1.551881 3.479520 -5.764092 2.310782 35.663028 1.505914 0.371764
