Car -1 -1 -10 682.000000 179.000000 762.000000 237.000000 1.448894 1.608158 3.989289 2.993880 1.682433 20.157081 1.555484 0.999591
Car -1 -1 -10 399.000000 174.000000 507.000000 250.000000 1.515682 1.544950 3.531630 -3.232417 1.508768 15.547562 1.563118 0.999544
Car -1 -1 -10 468.000000 174.000000 545.000000 223.000000 1.521824 1.602106 3.896198 -3.114259 1.555503 22.585912 1.592630 0.996684
Car -1 -1 -10 14.000000 171.000000 406.000000 377.000000 1.616419 1.611148 3.820117 -3.270623 1.600658 6.729774 1.576920 0.993262
Car -1 -1 -10 651.000000 173.000000 685.000000 200.000000 1.509427 1.628377 3.971657 3.167591 1.524800 40.285660 -1.498090 0.986731
Car -1 -1 -10 772.000000 202.000000 1221.000000 372.000000 1.456835 1.644381 4.058662 2.721924 1.747801 6.095216 1.553802 0.984994
Car -1 -1 -10 -3.000000 213.000000 115.000000 374.000000 1.512901 1.591438 3.817856 -3.144625 1.573086 1.493815 -1.533376 0.577755
Car -1 -1 -10 9.000000 183.000000 205.000000 375.000000 1.516513 1.594127 3.813955 -3.206808 1.561585 1.558435 -1.501881 0.072575
Car -1 -1 -10 982.000000 228.000000 1233.000000 373.000000 1.392051 1.546477 3.800371 2.539362 1.983686 5.105994 2.812091 0.031655
Car -1 -1 -10 1103.000000 255.000000 1237.000000 371.000000 1.487725 1.587572 3.816506 1.679503 1.923194 4.553857 2.838178 0.016027
Car -1 -1 -10 220.000000 179.000000 404.000000 289.000000 1.690497 1.629205 4.055525 -5.579531 1.834406 12.935327 -0.320250 0.013125
