Pedestrian -1 -1 -10 672.000000 167.000000 689.000000 208.000000 1.759308 0.661938 0.901874 3.189695 1.499874 32.954681 0.049992 0.926246
Car -1 -1 -10 796.000000 182.000000 1208.000000 376.000000 1.471754 1.585149 3.603919 3.099278 1.577617 6.380877 -1.635933 0.999689
Car -1 -1 -10 13.000000 186.000000 299.000000 322.000000 1.509995 1.624669 3.840176 -5.798232 1.718827 9.914073 1.549691 0.997653
Car -1 -1 -10 466.000000 177.000000 521.000000 206.000000 1.445981 1.588608 3.680930 -5.970090 1.635245 36.564926 1.026329 0.997633
Car -1 -1 -10 349.000000 177.000000 415.000000 202.000000 1.488484 1.626963 3.982452 -13.428917 1.784057 43.265207 0.807718 0.973173
Car -1 -1 -10 165.000000 175.000000 250.000000 223.000000 1.475222 1.579312 3.770167 -14.837827 1.716490 26.922867 1.504055 0.736379
Car -1 -1 -10 2.000000 206.000000 85.000000 373.000000 1.479646 1.602100 3.880965 -6.038496 1.697684 5.265142 1.578068 0.507967
Car -1 -1 -10 104.000000 179.000000 187.000000 218.000000 1.477175 1.628171 3.718490 -17.261286 1.726374 27.960098 -1.991871 0.289521
Car -1 -1 -10 5.000000 198.000000 152.000000 335.000000 1.515586 1.632719 3.984139 -5.813832 1.866147 5.813342 -1.633556 0.046541
Cyclist -1 -1 -10 672.000000 169.000000 689.000000 207.000000 1.777420 0.616309 1.773484 3.163228 1.559363 32.881995 0.560540 0.148725
