Pedestrian -1 -1 -10 573.000000 163.000000 609.000000 273.000000 1.814506 0.618744 0.721536 -0.191737 1.472536 11.477746 0.086556 0.984710
Pedestrian -1 -1 -10 555.000000 169.000000 596.000000 275.000000 1.802579 0.629081 0.949803 -0.370171 1.498877 11.432049 0.600215 0.965658
Pedestrian -1 -1 -10 1002.000000 149.000000 1024.000000 214.000000 1.662109 0.577652 0.566313 10.352540 0.791056 18.174880 -1.573849 0.179433
Pedestrian -1 -1 -10 1205.000000 146.000000 1223.000000 223.000000 1.705730 0.637387 0.631259 12.728665 1.785612 14.931273 -1.375011 0.124953
Pedestrian -1 -1 -10 881.000000 152.000000 899.000000 195.000000 1.701098 0.537891 0.599613 13.414651 0.271870 33.714921 1.972684 0.091451
Pedestrian -1 -1 -10 1183.000000 147.000000 1221.000000 281.000000 1.659411 0.543533 0.867913 7.038025 1.164789 8.190041 3.242898 0.018005
Pedestrian -1 -1 -10 1210.000000 112.000000 1222.000000 307.000000 1.693955 0.600242 0.757353 6.967775 1.104786 8.129268 -0.318111 0.014803
Car -1 -1 -10 448.000000 173.000000 481.000000 199.000000 1.579949 1.680418 3.937433 -8.706470 1.090475 43.979884 1.500490 0.997051
Car -1 -1 -10 0.000000 205.000000 295.000000 365.000000 1.507286 1.617137 3.838372 -3.217373 1.672437 3.278466 -1.554927 0.974265
Cyclist -1 -1 -10 1205.000000 147.000000 1224.000000 222.000000 1.669383 0.471014 1.509112 7.137019 0.825773 8.446286 -0.912731 0.162274
Cyclist -1 -1 -10 1207.000000 116.000000 1222.000000 311.000000 1.681281 0.581968 1.683825 7.002220 1.089409 8.267063 -0.906103 0.039902
Cyclist -1 -1 -10 18.000000 198.000000 278.000000 361.000000 1.676639 0.700313 1.966512 -2.818764 1.732479 3.611479 1.641976 0.019176
