Pedestrian -1 -1 -10 935.000000 133.000000 993.000000 282.000000 1.800318 0.701282 1.052858 4.681076 1.265689 9.654740 -1.321757 0.996082
Pedestrian -1 -1 -10 998.000000 130.000000 1050.000000 292.000000 1.723137 0.641994 0.700181 5.205888 1.138832 9.298567 -1.465935 0.927951
Pedestrian -1 -1 -10 988.000000 137.000000 1034.000000 242.000000 1.733023 0.649326 0.740174 6.772550 1.567425 12.795594 0.990659 0.070595
Pedestrian -1 -1 -10 995.000000 140.000000 1018.000000 229.000000 1.764655 0.604599 0.673997 6.990963 1.529262 13.139000 2.618126 0.026027
Pedestrian -1 -1 -10 50.000000 199.000000 76.000000 257.000000 1.741951 0.615179 0.635155 -14.520887 3.071483 19.254554 -2.750749 0.023906
Car -1 -1 -10 903.000000 199.000000 1236.000000 370.000000 1.477469 1.605238 3.655222 3.107950 1.691385 3.951981 -1.569872 0.991237
Car -1 -1 -10 810.000000 166.000000 916.000000 204.000000 1.509517 1.592106 3.821998 10.120661 1.314682 28.792354 3.148778 0.969895
Car -1 -1 -10 24.000000 202.000000 141.000000 241.000000 1.467683 1.583438 3.817076 -20.543576 2.574779 28.082028 -3.085448 0.698235
Car -1 -1 -10 0.000000 204.000000 115.000000 262.000000 1.471079 1.635120 4.026424 -16.433133 2.282970 19.769378 0.018171 0.507312
Car -1 -1 -10 211.000000 177.000000 349.000000 230.000000 1.808648 1.752731 4.157360 -12.729821 2.121753 28.093652 -3.071540 0.398459
Car -1 -1 -10 309.000000 182.000000 373.000000 209.000000 1.544214 1.602796 3.925958 -14.087718 2.099872 37.445404 0.734551 0.044331
Car -1 -1 -10 192.000000 188.000000 253.000000 214.000000 1.510233 1.555185 3.713447 -20.228588 2.251275 37.220054 0.781858 0.022858
Car -1 -1 -10 0.000000 206.000000 54.000000 260.000000 1.464597 1.577849 3.831473 -16.621858 2.278497 19.710048 -0.096564 0.022800
Car -1 -1 -10 42.000000 201.000000 72.000000 261.000000 1.490823 1.584147 3.835754 -16.326284 2.396899 20.391055 -2.314636 0.017707
Car -1 -1 -10 58.000000 198.000000 93.000000 243.000000 1.435803 1.564956 3.426155 -12.506790 1.771026 16.873336 1.779443 0.010007
Cyclist -1 -1 -10 991.000000 134.000000 1059.000000 289.000000 1.764558 0.555248 1.691756 5.199949 1.201676 9.280343 -1.626534 0.561182
Cyclist -1 -1 -10 896.000000 199.000000 1247.000000 363.000000 1.757605 0.741691 1.825893 2.446082 1.851772 3.677456 -1.604082 0.054339
Cyclist -1 -1 -10 934.000000 138.000000 995.000000 284.000000 1.881883 0.518320 1.722814 4.789883 1.388159 9.864483 -1.184210 0.041411
