Car -1 -1 -10 570.000000 179.000000 605.000000 210.000000 1.589709 1.631491 3.920145 -1.089416 1.190794 39.253952 -1.591462 0.999745
Car -1 -1 -10 108.000000 193.000000 416.000000 371.000000 1.516988 1.628968 3.991340 -3.407752 1.633936 8.076076 -1.571044 0.999520
Car -1 -1 -10 414.000000 186.000000 487.000000 233.000000 1.466290 1.642751 3.873723 -5.120778 1.474189 23.439625 -1.606983 0.998757
Car -1 -1 -10 2.000000 195.000000 219.000000 311.000000 1.406160 1.591764 3.823264 -7.629739 1.603046 10.776982 -1.597172 0.996567
Car -1 -1 -10 343.000000 186.000000 401.000000 224.000000 1.450868 1.585616 3.709528 -8.993343 1.501149 26.970062 -1.614886 0.815410
Car -1 -1 -10 159.000000 179.000000 255.000000 235.000000 1.540957 1.637049 3.940860 -13.019497 1.479565 23.940964 -1.632220 0.544461
Car -1 -1 -10 295.000000 193.000000 368.000000 238.000000 1.479340 1.640893 3.833715 -9.680350 1.543896 26.410949 -1.907569 0.209872
Car -1 -1 -10 417.000000 182.000000 470.000000 213.000000 1.546305 1.569046 3.896150 -9.209028 0.400114 37.768203 1.463981 0.178001
Car -1 -1 -10 194.000000 194.000000 373.000000 280.000000 1.521153 1.659925 3.941130 -7.875768 1.317279 19.436764 1.528962 0.032397
Cyclist -1 -1 -10 157.000000 177.000000 261.000000 238.000000 1.725599 0.670520 1.779810 -12.739589 1.597651 22.178831 2.604858 0.061523
Cyclist -1 -1 -10 271.000000 192.000000 372.000000 241.000000 1.687267 0.612348 1.758537 -7.477448 1.490912 19.300750 1.744258 0.013337
