Pedestrian -1 -1 -10 774.000000 162.000000 797.000000 218.000000 1.685545 0.705732 0.864907 5.403137 1.397976 22.168078 -1.329255 0.429984
Pedestrian -1 -1 -10 795.000000 164.000000 813.000000 213.000000 1.779688 0.657116 0.837696 7.321880 1.458554 27.323550 -1.704436 0.229813
Pedestrian -1 -1 -10 811.000000 167.000000 831.000000 210.000000 1.738194 0.606150 0.873954 7.974850 1.470767 27.132539 2.318376 0.056062
Car -1 -1 -10 1157.000000 199.000000 1238.000000 244.000000 1.492168 1.639095 4.006260 34.429669 4.225656 42.481400 3.642205 0.034148
Car -1 -1 -10 996.000000 164.000000 1076.000000 195.000000 1.495687 1.587139 3.626924 6.589483 1.571189 11.518471 3.056254 0.029655
Cyclist -1 -1 -10 961.000000 136.000000 1100.000000 323.000000 1.814790 0.508791 1.776686 4.491564 1.471195 7.779823 -1.540741 0.999851
Cyclist -1 -1 -10 772.000000 162.000000 798.000000 219.000000 1.760145 0.553391 1.768846 5.317713 1.450574 22.233623 -1.539277 0.996769
Cyclist -1 -1 -10 725.000000 170.000000 740.000000 202.000000 1.693786 0.459971 1.686077 6.431070 1.450070 38.544729 -1.534618 0.131881
Cyclist -1 -1 -10 811.000000 167.000000 831.000000 210.000000 1.785426 0.658057 1.783184 8.019194 1.460392 27.259251 -1.784173 0.051501
Cyclist -1 -1 -10 795.000000 166.000000 813.000000 212.000000 1.830831 0.591510 1.679498 7.341986 1.545920 27.486759 -1.758188 0.024011
Cyclist -1 -1 -10 1006.000000 163.000000 1063.000000 202.000000 1.704113 0.530610 1.551584 9.278460 1.313266 16.283814 -1.083685 0.012205
