Car -1 -1 -10 766.000000 182.000000 1034.000000 330.000000 1.468401 1.644039 3.859643 3.301666 1.618104 9.064752 -1.602124 0.999538
Car -1 -1 -10 232.000000 193.000000 405.000000 280.000000 1.468596 1.660537 4.098286 -5.786015 2.018525 14.954587 1.605823 0.999433
Car -1 -1 -10 716.000000 179.000000 850.000000 265.000000 1.524423 1.654386 3.964569 3.181328 1.624050 14.638178 -1.569402 0.998760
Car -1 -1 -10 682.000000 181.000000 740.000000 227.000000 1.488165 1.524610 3.790375 3.378255 1.784494 24.504029 1.527626 0.996427
Car -1 -1 -10 361.000000 190.000000 455.000000 248.000000 1.515127 1.559711 3.763788 -5.732985 2.045412 20.891470 1.595729 0.994139
Car -1 -1 -10 449.000000 186.000000 507.000000 224.000000 1.551821 1.555627 3.818880 -5.629795 2.105014 29.886348 1.677286 0.994030
Car -1 -1 -10 996.000000 153.000000 1251.000000 261.000000 1.550894 1.636038 4.101684 8.437938 1.229343 10.948531 3.130175 0.993099
Car -1 -1 -10 1.000000 208.000000 222.000000 373.000000 1.471479 1.626422 3.894467 -5.923314 1.901820 7.640894 1.545778 0.979312
Car -1 -1 -10 664.000000 182.000000 717.000000 217.000000 1.533769 1.648000 4.034924 3.306708 1.833246 30.250645 1.499664 0.883723
Car -1 -1 -10 649.000000 180.000000 690.000000 208.000000 1.491471 1.586132 3.714196 3.144736 1.823708 38.795250 -1.590549 0.598961
Car -1 -1 -10 502.000000 180.000000 536.000000 206.000000 1.531062 1.617607 3.872717 -5.365352 2.119008 45.000686 1.855103 0.151678
Car -1 -1 -10 41.000000 189.000000 172.000000 244.000000 1.499249 1.559110 3.795083 -14.934043 1.774949 21.163986 0.326868 0.141977
