Pedestrian -1 -1 -10 842.000000 154.000000 884.000000 270.000000 1.736961 0.685150 0.780697 3.774434 1.294421 10.462030 -1.722426 0.990457
Pedestrian -1 -1 -10 562.000000 155.000000 572.000000 187.000000 1.762237 0.579240 0.802977 -2.054273 0.107966 42.479919 -3.103932 0.185678
Pedestrian -1 -1 -10 980.000000 149.000000 1022.000000 271.000000 1.767465 0.602601 0.766593 5.628221 1.096408 9.874525 2.956375 0.130472
Pedestrian -1 -1 -10 543.000000 155.000000 553.000000 189.000000 1.734944 0.589337 0.738135 -0.884198 1.140150 9.743045 2.902940 0.118639
Pedestrian -1 -1 -10 624.000000 155.000000 633.000000 182.000000 1.814894 0.622079 0.950659 1.868475 0.051512 48.793200 0.035167 0.086811
Pedestrian -1 -1 -10 726.000000 153.000000 746.000000 228.000000 1.795931 0.609844 0.703652 3.507625 1.037938 18.810765 1.666610 0.063830
Pedestrian -1 -1 -10 621.000000 155.000000 629.000000 181.000000 1.772088 0.665874 0.989414 1.713589 0.116054 50.239763 -0.931307 0.056738
Pedestrian -1 -1 -10 1002.000000 149.000000 1034.000000 277.000000 1.705730 0.637387 0.631260 4.988748 1.633137 8.468551 -1.560649 0.031351
Pedestrian -1 -1 -10 960.000000 147.000000 998.000000 266.000000 1.727037 0.521557 0.800333 4.682612 1.126142 9.164552 1.463284 0.019012
Pedestrian -1 -1 -10 152.000000 157.000000 318.000000 358.000000 1.673770 0.684420 0.764919 -2.725595 1.472492 5.499906 1.585568 0.014152
Pedestrian -1 -1 -10 948.000000 150.000000 967.000000 242.000000 1.762042 0.676826 0.633763 5.511321 0.976298 11.429523 1.435970 0.013746
Car -1 -1 -10 583.000000 162.000000 615.000000 188.000000 1.523287 1.639788 3.883480 -0.444733 0.379052 41.257364 1.474245 0.997163
Cyclist -1 -1 -10 115.000000 152.000000 344.000000 372.000000 1.700705 0.495497 1.764932 -2.690255 1.493711 5.408541 1.586436 0.999831
Cyclist -1 -1 -10 352.000000 157.000000 452.000000 327.000000 1.717911 0.536853 1.742396 -2.231682 1.494631 8.138219 1.618781 0.999416
Cyclist -1 -1 -10 370.000000 157.000000 405.000000 224.000000 1.712112 0.487032 1.700788 -6.451828 0.888589 21.174970 1.722097 0.015321
Cyclist -1 -1 -10 377.000000 167.000000 421.000000 217.000000 1.690747 0.582946 1.689890 -6.343214 0.906986 21.303328 0.611821 0.014007
