Pedestrian -1 -1 -10 840.000000 146.000000 889.000000 270.000000 1.726817 0.571888 0.875505 3.619948 1.246818 9.987726 -1.837153 0.998993
Pedestrian -1 -1 -10 1021.000000 145.000000 1124.000000 360.000000 1.731470 0.637642 0.665338 3.896192 1.397814 5.847757 1.599854 0.997473
Pedestrian -1 -1 -10 551.000000 152.000000 580.000000 229.000000 1.644877 0.555498 0.479350 -0.818617 0.976950 14.441947 1.033181 0.996458
Pedestrian -1 -1 -10 514.000000 151.000000 543.000000 231.000000 1.663158 0.565812 0.604985 -1.575277 1.003997 14.015042 1.427348 0.995128
Pedestrian -1 -1 -10 475.000000 143.000000 501.000000 210.000000 1.821318 0.619402 0.950205 -2.920573 0.816310 17.698207 1.331779 0.920984
Pedestrian -1 -1 -10 650.000000 142.000000 670.000000 204.000000 1.820877 0.640971 0.696601 1.569800 0.642552 20.811196 -1.985747 0.712799
Pedestrian -1 -1 -10 644.000000 145.000000 658.000000 198.000000 1.573839 0.526070 0.622286 1.612754 0.474845 24.932075 2.547287 0.433709
Pedestrian -1 -1 -10 598.000000 142.000000 612.000000 190.000000 1.760893 0.692189 0.845762 -0.071581 0.309525 25.309666 -1.580262 0.415275
Pedestrian -1 -1 -10 547.000000 142.000000 565.000000 186.000000 1.789052 0.607875 0.771674 -2.146151 0.686005 29.001320 1.561431 0.338060
Pedestrian -1 -1 -10 268.000000 137.000000 324.000000 257.000000 1.823335 0.688278 0.971587 -5.120808 1.069592 11.676188 -1.426466 0.279020
Pedestrian -1 -1 -10 483.000000 143.000000 506.000000 192.000000 1.819979 0.540044 0.783249 -2.308851 1.117705 13.693770 2.822781 0.233099
Pedestrian -1 -1 -10 431.000000 140.000000 456.000000 202.000000 1.709166 0.516362 0.764936 -4.103903 0.254394 17.401910 0.375113 0.218845
Pedestrian -1 -1 -10 551.000000 146.000000 570.000000 200.000000 1.705735 0.495355 0.732093 -1.043268 1.334682 14.523582 0.508384 0.210152
Pedestrian -1 -1 -10 527.000000 144.000000 541.000000 187.000000 1.736774 0.538758 0.692976 -3.301354 0.004091 32.702564 2.562887 0.146251
Pedestrian -1 -1 -10 539.000000 142.000000 552.000000 182.000000 1.744319 0.522200 0.501636 -3.292184 0.826695 37.267065 -1.643055 0.140914
Pedestrian -1 -1 -10 440.000000 142.000000 466.000000 200.000000 1.705730 0.637387 0.631260 -3.787699 0.098684 17.811925 -2.298537 0.109182
Pedestrian -1 -1 -10 492.000000 142.000000 508.000000 180.000000 1.815043 0.702918 0.754469 -5.320126 0.054815 36.464389 2.373702 0.097914
Pedestrian -1 -1 -10 251.000000 136.000000 290.000000 255.000000 1.806144 0.674249 1.000864 -5.824929 1.137855 12.017786 2.130301 0.090034
Pedestrian -1 -1 -10 422.000000 141.000000 445.000000 205.000000 1.746414 0.521942 0.694392 -5.621697 0.448111 22.610311 2.397586 0.045494
Pedestrian -1 -1 -10 456.000000 141.000000 473.000000 192.000000 1.802447 0.649937 0.700936 -4.844129 0.477874 24.451652 1.431292 0.043594
Pedestrian -1 -1 -10 417.000000 142.000000 469.000000 207.000000 1.742705 0.545746 0.775171 -3.977476 0.652331 17.512220 0.305533 0.038078
Cyclist -1 -1 -10 266.000000 139.000000 330.000000 255.000000 1.816785 0.516016 1.751206 -5.139210 1.111199 11.701070 -1.493037 0.876052
Cyclist -1 -1 -10 422.000000 142.000000 462.000000 215.000000 1.772159 0.485355 1.732924 -4.038353 0.789275 17.627331 1.709745 0.759448
Cyclist -1 -1 -10 649.000000 140.000000 671.000000 205.000000 1.826259 0.520587 1.726324 1.511308 0.634934 20.954781 -2.045588 0.527682
Cyclist -1 -1 -10 282.000000 143.000000 345.000000 225.000000 1.711626 0.484566 1.480430 -7.068365 1.144939 17.678231 -1.945149 0.399647
Cyclist -1 -1 -10 302.000000 145.000000 372.000000 213.000000 1.677933 0.533627 1.651381 -7.124650 1.127520 18.658466 1.231675 0.283124
Cyclist -1 -1 -10 383.000000 149.000000 466.000000 218.000000 1.717835 0.547879 1.650568 -4.162655 0.566431 17.254277 0.774721 0.266827
Cyclist -1 -1 -10 333.000000 147.000000 381.000000 201.000000 1.685669 0.475125 1.508936 -3.777390 0.602363 10.396103 -1.966776 0.144713
Cyclist -1 -1 -10 406.000000 142.000000 448.000000 210.000000 1.788766 0.508213 1.691481 -5.796325 0.526526 22.822955 -2.238015 0.143871
Cyclist -1 -1 -10 439.000000 142.000000 465.000000 201.000000 1.674595 0.347711 1.433392 -4.341401 1.305353 20.594225 -1.772692 0.121497
Cyclist -1 -1 -10 551.000000 148.000000 580.000000 226.000000 1.743347 0.632896 1.773238 -0.803833 0.978365 14.278128 0.943487 0.114062
Cyclist -1 -1 -10 396.000000 144.000000 428.000000 198.000000 1.810804 0.624452 1.639405 -6.367464 0.538546 23.212776 0.686888 0.085131
Cyclist -1 -1 -10 360.000000 147.000000 403.000000 199.000000 1.697031 0.481972 1.444753 -7.223719 0.861468 23.231389 -1.909723 0.063491
Cyclist -1 -1 -10 474.000000 140.000000 505.000000 204.000000 1.777626 0.646206 1.721476 -3.299255 0.573968 18.616481 -1.715745 0.058650
Cyclist -1 -1 -10 485.000000 142.000000 506.000000 186.000000 1.729152 0.543707 1.700881 -5.493644 -0.441845 36.725743 0.911601 0.057535
Cyclist -1 -1 -10 551.000000 142.000000 567.000000 186.000000 1.754161 0.558250 1.512862 -2.138257 -0.034077 31.209952 0.032787 0.043302
Cyclist -1 -1 -10 251.000000 136.000000 290.000000 255.000000 1.786297 0.524015 1.728666 -5.652053 1.021450 12.062841 0.631947 0.039953
Cyclist -1 -1 -10 527.000000 144.000000 541.000000 187.000000 1.690475 0.565912 1.705470 -3.393584 -0.096516 33.314510 -1.746771 0.036133
Cyclist -1 -1 -10 538.000000 142.000000 552.000000 183.000000 1.662970 0.458987 1.481883 -1.216929 1.036288 13.761607 -1.690701 0.017868
Cyclist -1 -1 -10 456.000000 141.000000 473.000000 192.000000 1.733200 0.523744 1.608673 -4.980006 0.444067 25.064160 1.866988 0.014168
