Pedestrian -1 -1 -10 785.000000 150.000000 808.000000 231.000000 1.706812 0.721124 0.895310 5.482632 1.016961 21.214069 -1.795383 0.704870
Pedestrian -1 -1 -10 767.000000 154.000000 787.000000 235.000000 1.714039 0.731455 0.749516 4.923464 1.179326 21.656538 -0.906863 0.413760
Pedestrian -1 -1 -10 770.000000 157.000000 817.000000 227.000000 1.704610 0.610743 0.645165 5.423859 1.024282 21.116257 2.865102 0.158414
Car -1 -1 -10 180.000000 189.000000 366.000000 294.000000 1.537520 1.566464 3.643305 -5.811304 1.870313 13.010832 1.577111 0.999556
Car -1 -1 -10 795.000000 181.000000 1161.000000 377.000000 1.457432 1.618907 3.761030 3.025967 1.548418 6.889814 -1.608226 0.997272
Car -1 -1 -10 321.000000 188.000000 427.000000 252.000000 1.506996 1.543606 3.699417 -5.803790 1.870627 18.087265 1.548317 0.995422
Car -1 -1 -10 724.000000 178.000000 896.000000 283.000000 1.507088 1.560982 3.483144 3.045748 1.621375 12.227623 -1.675659 0.990638
Car -1 -1 -10 705.000000 179.000000 792.000000 240.000000 1.422145 1.593973 3.678056 3.288336 1.566973 17.985762 -1.579222 0.979719
Car -1 -1 -10 1.000000 201.000000 118.000000 285.000000 1.499998 1.555090 3.862583 -11.195567 2.050646 14.941036 -1.639955 0.195048
Car -1 -1 -10 862.000000 166.000000 938.000000 216.000000 1.553254 1.571206 3.800687 12.037618 0.994060 29.153173 1.430632 0.024329
Car -1 -1 -10 1.000000 193.000000 143.000000 349.000000 1.590295 1.580112 3.750248 -6.445254 1.757383 8.641116 -1.098042 0.023897
Car -1 -1 -10 742.000000 171.000000 829.000000 230.000000 1.508262 1.592988 3.926595 5.440917 1.076050 21.952592 1.906698 0.017494
Car -1 -1 -10 779.000000 166.000000 819.000000 232.000000 1.550978 1.565686 3.787157 4.741672 0.825369 22.431047 -2.315651 0.012161
Cyclist -1 -1 -10 861.000000 169.000000 953.000000 218.000000 1.735829 0.791588 1.776275 11.246857 1.276484 26.007522 0.371483 0.014286
