Pedestrian -1 -1 -10 408.000000 177.000000 428.000000 237.000000 1.810293 0.711849 0.654321 -6.085126 2.019764 22.514233 1.807238 0.979660
Pedestrian -1 -1 -10 385.000000 184.000000 404.000000 232.000000 1.780720 0.668123 0.624681 -6.900104 2.083753 22.800059 -1.791564 0.248015
Pedestrian -1 -1 -10 363.000000 196.000000 473.000000 266.000000 1.727264 0.690404 0.820447 -4.226030 2.153314 15.015206 2.800995 0.016819
Pedestrian -1 -1 -10 406.000000 181.000000 418.000000 231.000000 1.680131 0.532582 0.517844 -6.150815 1.807189 22.579045 2.319449 0.013231
Pedestrian -1 -1 -10 394.000000 185.000000 439.000000 246.000000 1.808596 0.683480 0.814606 -6.087960 2.156559 22.517957 -1.640790 0.011246
Car -1 -1 -10 729.000000 183.000000 914.000000 310.000000 1.479004 1.599983 3.639809 2.799367 1.634277 10.362553 -1.613454 0.999587
Car -1 -1 -10 668.000000 181.000000 736.000000 236.000000 1.472872 1.562587 3.499587 2.516842 1.739520 20.639943 -1.569975 0.998159
Car -1 -1 -10 365.000000 195.000000 473.000000 267.000000 1.428024 1.576191 3.716345 -4.364405 1.970739 16.567728 -1.621884 0.998107
Car -1 -1 -10 640.000000 178.000000 677.000000 211.000000 1.518027 1.571337 3.677904 2.487825 1.824949 36.457848 -1.621515 0.991447
Car -1 -1 -10 438.000000 181.000000 507.000000 235.000000 1.614058 1.644200 3.965017 -4.693361 1.992086 25.768634 -1.574112 0.989741
Car -1 -1 -10 495.000000 184.000000 533.000000 215.000000 1.534264 1.580173 3.761300 -5.137616 2.129071 39.697000 1.557555 0.931399
Car -1 -1 -10 748.000000 187.000000 812.000000 234.000000 1.507482 1.523433 3.581674 6.806021 1.818318 32.130219 -1.415634 0.049668
Cyclist -1 -1 -10 384.000000 184.000000 405.000000 233.000000 1.741881 0.617014 1.535782 -6.790840 1.837542 23.333328 0.323668 0.014394
Cyclist -1 -1 -10 406.000000 179.000000 428.000000 234.000000 1.690637 0.656090 1.695276 -6.078393 1.708456 22.713398 1.352463 0.012636
