Pedestrian -1 -1 -10 639.000000 156.000000 669.000000 243.000000 1.761363 0.685352 0.917270 1.053864 1.196236 15.252608 -1.580023 0.997022
Pedestrian -1 -1 -10 396.000000 153.000000 464.000000 358.000000 1.769606 0.650993 0.908036 -1.604195 1.547840 6.445153 1.898203 0.996404
Pedestrian -1 -1 -10 316.000000 160.000000 412.000000 376.000000 1.792794 0.680015 0.899781 -1.942640 1.578623 5.707442 1.597622 0.995823
Pedestrian -1 -1 -10 626.000000 158.000000 649.000000 219.000000 1.859400 0.650666 0.939643 1.127585 1.123669 23.417848 -1.561269 0.960271
Pedestrian -1 -1 -10 680.000000 161.000000 710.000000 239.000000 1.784500 0.615877 0.744655 1.918923 1.255999 15.052272 -1.485716 0.923938
Pedestrian -1 -1 -10 708.000000 166.000000 730.000000 230.000000 1.745404 0.570436 0.916627 2.903350 1.273570 18.181405 3.277126 0.813171
Pedestrian -1 -1 -10 487.000000 163.000000 503.000000 217.000000 1.741309 0.642920 0.836156 -3.479929 1.274093 23.820147 -1.146847 0.804208
Pedestrian -1 -1 -10 674.000000 164.000000 697.000000 232.000000 1.791538 0.601967 0.705345 2.083374 1.299644 17.989199 -0.579388 0.513877
Pedestrian -1 -1 -10 45.000000 252.000000 217.000000 371.000000 1.785782 0.574394 0.633232 -2.642431 1.972818 3.989109 0.036725 0.501216
Pedestrian -1 -1 -10 752.000000 153.000000 778.000000 217.000000 1.792717 0.648426 0.955100 5.076060 0.922623 22.312303 2.192630 0.453583
Pedestrian -1 -1 -10 732.000000 158.000000 754.000000 220.000000 1.735297 0.669577 0.781167 3.780239 1.064198 19.242510 -1.423362 0.407056
Pedestrian -1 -1 -10 998.000000 284.000000 1090.000000 372.000000 1.669503 0.485942 0.603557 2.048228 1.333916 3.406914 2.999578 0.371110
Pedestrian -1 -1 -10 354.000000 160.000000 443.000000 363.000000 1.787389 0.592422 0.913371 -1.837144 1.510996 5.952417 -0.206992 0.234943
Pedestrian -1 -1 -10 473.000000 165.000000 488.000000 208.000000 1.759430 0.586475 0.743959 -1.768135 0.996841 9.812468 -0.056648 0.182001
Pedestrian -1 -1 -10 265.000000 198.000000 311.000000 297.000000 1.746044 0.676542 0.554923 -4.897376 1.645825 10.836159 0.106195 0.056902
Pedestrian -1 -1 -10 315.000000 185.000000 349.000000 272.000000 1.740430 0.598540 0.706764 -4.562473 1.325261 11.587132 -2.423034 0.037331
Car -1 -1 -10 565.000000 170.000000 599.000000 196.000000 1.494186 1.621799 4.009687 -1.014652 0.893766 42.404825 1.689598 0.997384
Car -1 -1 -10 19.000000 247.000000 235.000000 371.000000 1.502421 1.556437 3.759365 -2.740048 1.422547 4.171173 -1.210005 0.011529
Cyclist -1 -1 -10 747.000000 155.000000 782.000000 223.000000 1.764794 0.578716 1.698562 5.023152 0.874168 22.313036 1.332228 0.117328
Cyclist -1 -1 -10 40.000000 249.000000 226.000000 371.000000 1.724942 0.686269 1.747749 -2.375956 1.818162 3.813724 0.346927 0.091079
Cyclist -1 -1 -10 317.000000 188.000000 355.000000 269.000000 1.755516 0.545091 1.387493 -6.070967 1.243522 17.115246 -1.926086 0.049684
Cyclist -1 -1 -10 314.000000 170.000000 408.000000 357.000000 1.757902 0.618396 1.697463 -1.934340 1.591082 5.738771 1.287593 0.012670
