Car -1 -1 -10 668.000000 175.000000 736.000000 225.000000 1.451048 1.615046 3.858042 2.844233 1.575227 22.821749 -1.584106 0.999663
Car -1 -1 -10 735.000000 178.000000 926.000000 308.000000 1.493517 1.607563 3.739241 2.924999 1.615225 10.636031 -1.601711 0.996271
Car -1 -1 -10 311.000000 174.000000 470.000000 228.000000 1.570295 1.614028 4.025036 -6.547100 1.561937 21.428207 0.135734 0.992289
Car -1 -1 -10 -3.000000 148.000000 250.000000 351.000000 1.638194 1.648427 4.130213 -5.895693 1.464492 7.150558 -0.173283 0.989402
Car -1 -1 -10 843.000000 201.000000 1237.000000 373.000000 1.465814 1.578348 3.668802 2.842634 1.758901 5.059866 -1.607816 0.979810
Car -1 -1 -10 79.000000 167.000000 401.000000 279.000000 1.522136 1.596424 4.100754 -6.712390 1.669969 11.805012 -3.394398 0.971438
Car -1 -1 -10 649.000000 169.000000 692.000000 207.000000 1.653708 1.640939 3.990439 2.716290 1.559584 33.617657 -1.565540 0.921975
Car -1 -1 -10 356.000000 169.000000 501.000000 216.000000 1.608100 1.701521 3.918762 -6.330397 1.497445 26.025958 -3.239924 0.660788
Car -1 -1 -10 206.000000 171.000000 416.000000 243.000000 1.559150 1.660114 3.947633 -6.491792 1.215980 15.486003 -3.081975 0.356749
Car -1 -1 -10 432.000000 173.000000 522.000000 207.000000 1.559656 1.647802 4.040537 -5.539820 1.540780 34.775712 -1.673836 0.206727
