Pedestrian -1 -1 -10 -1.000000 179.000000 59.000000 362.000000 1.594298 0.523150 0.640321 -6.957618 1.618357 8.787628 1.824816 0.109111
Car -1 -1 -10 352.000000 174.000000 453.000000 223.000000 1.502196 1.629575 3.787695 -7.086863 1.689184 25.131600 -3.079784 0.997418
Car -1 -1 -10 700.000000 183.000000 838.000000 260.000000 1.479432 1.629662 3.860169 3.006248 1.654107 15.418895 1.534705 0.986027
Car -1 -1 -10 402.000000 175.000000 506.000000 218.000000 1.599409 1.597527 3.972158 -6.418112 1.675879 27.789106 -0.037975 0.983259
Car -1 -1 -10 -4.000000 161.000000 348.000000 313.000000 1.706366 1.707145 3.990735 -5.838555 1.597399 9.759954 -3.268633 0.980222
Car -1 -1 -10 637.000000 176.000000 674.000000 203.000000 1.566414 1.658925 3.982708 2.846832 1.759932 43.315849 -1.482056 0.638318
Car -1 -1 -10 156.000000 169.000000 370.000000 263.000000 1.534206 1.653754 4.105339 -6.110110 1.521324 11.896725 -3.191501 0.338463
Car -1 -1 -10 444.000000 176.000000 521.000000 211.000000 1.419468 1.574428 3.828152 -5.359002 1.705302 28.848982 1.991077 0.076456
Car -1 -1 -10 0.000000 173.000000 70.000000 360.000000 1.503101 1.642729 3.952522 -5.969806 1.662779 4.999069 -2.352448 0.028901
Car -1 -1 -10 652.000000 175.000000 683.000000 209.000000 1.540125 1.576949 3.666245 3.253667 2.152173 42.515760 -1.564378 0.015517
Car -1 -1 -10 475.000000 177.000000 540.000000 203.000000 1.657458 1.618104 4.013495 -6.462951 1.911603 45.229055 -3.134392 0.010306
