Pedestrian -1 -1 -10 576.000000 177.000000 588.000000 202.000000 1.729428 0.571308 0.721519 -0.617619 1.272348 11.976077 0.092826 0.030682
Car -1 -1 -10 582.000000 178.000000 623.000000 214.000000 1.527947 1.637701 3.835890 -0.263376 1.262192 33.641163 -1.580099 0.999679
Car -1 -1 -10 233.000000 185.000000 451.000000 318.000000 1.476209 1.618835 3.872904 -3.561178 1.514048 10.312168 -1.559861 0.999582
Car -1 -1 -10 469.000000 185.000000 537.000000 235.000000 1.421843 1.617966 3.926257 -3.289765 1.429027 22.444653 -1.560229 0.999213
Car -1 -1 -10 196.000000 185.000000 335.000000 258.000000 1.423006 1.602314 3.688326 -7.534099 1.534771 16.510211 -1.525544 0.989466
Car -1 -1 -10 105.000000 184.000000 235.000000 246.000000 1.465813 1.657470 3.983503 -11.430357 1.529215 18.220679 1.597373 0.921058
Car -1 -1 -10 -6.000000 175.000000 182.000000 333.000000 1.579024 1.658366 3.913004 -7.725304 1.581251 9.665621 -1.583925 0.593383
Car -1 -1 -10 372.000000 183.000000 434.000000 225.000000 1.460696 1.588470 3.808605 -7.368485 1.422933 25.979245 1.554820 0.254548
Car -1 -1 -10 432.000000 180.000000 483.000000 212.000000 1.517467 1.640817 3.965290 -7.609697 1.273655 36.198464 -1.588661 0.178774
Car -1 -1 -10 496.000000 184.000000 535.000000 212.000000 1.505160 1.544414 3.444266 -3.815059 1.345276 36.732691 0.847050 0.095736
Car -1 -1 -10 192.000000 184.000000 297.000000 226.000000 1.463211 1.583844 3.745409 -12.461636 1.292744 25.076424 -1.551620 0.075253
Car -1 -1 -10 332.000000 183.000000 380.000000 211.000000 1.536034 1.634364 3.795033 -12.518668 1.249362 35.712313 -1.559305 0.073224
