Pedestrian -1 -1 -10 0.000000 201.000000 62.000000 368.000000 1.655776 0.521760 0.456276 -5.136756 2.506880 6.068617 -2.722364 0.058048
Pedestrian -1 -1 -10 765.000000 164.000000 775.000000 210.000000 1.724274 0.628040 0.734632 6.152095 0.935134 28.739436 -0.828263 0.016348
Car -1 -1 -10 791.000000 176.000000 1104.000000 353.000000 1.445440 1.554602 3.762509 3.353431 1.559173 7.954617 1.522369 0.999343
Car -1 -1 -10 190.000000 189.000000 399.000000 285.000000 1.480752 1.640197 4.004619 -5.636029 1.868233 13.408523 1.673292 0.999119
Car -1 -1 -10 717.000000 176.000000 867.000000 268.000000 1.449069 1.615394 3.924630 3.315868 1.565988 13.767268 -1.642241 0.998867
Car -1 -1 -10 680.000000 173.000000 752.000000 225.000000 1.524172 1.610931 3.805704 3.171342 1.552036 22.347266 -1.583511 0.995558
Car -1 -1 -10 431.000000 175.000000 494.000000 219.000000 1.597143 1.567687 3.658955 -5.683349 1.764625 28.378730 1.590739 0.989883
Car -1 -1 -10 663.000000 173.000000 719.000000 212.000000 1.507613 1.597900 3.606328 3.265351 1.538565 27.602921 -1.626581 0.968308
Car -1 -1 -10 461.000000 176.000000 511.000000 211.000000 1.499546 1.608371 3.788023 -5.624110 1.813278 33.713051 1.542908 0.827055
Cyclist -1 -1 -10 0.000000 207.000000 57.000000 369.000000 1.704709 0.614084 1.632191 -5.276898 2.333205 6.162685 1.837946 0.052478
Cyclist -1 -1 -10 765.000000 164.000000 775.000000 210.000000 1.711467 0.447074 1.511165 6.609632 0.872782 30.019767 -1.421271 0.043728
Cyclist -1 -1 -10 756.000000 166.000000 780.000000 207.000000 1.754140 0.550497 1.641992 6.251365 0.803186 29.086012 -1.357311 0.023310
