Pedestrian -1 -1 -10 427.000000 168.000000 440.000000 204.000000 1.730346 0.655374 0.675258 -8.499712 1.256034 34.680352 -2.277687 0.234673
Pedestrian -1 -1 -10 458.000000 172.000000 518.000000 327.000000 1.743996 0.654057 0.675186 -1.373371 1.657500 8.040377 0.368757 0.030050
Car -1 -1 -10 635.000000 177.000000 671.000000 207.000000 1.485937 1.669896 3.793161 2.342215 1.754210 38.765774 1.570763 0.999501
Car -1 -1 -10 756.000000 198.000000 1059.000000 376.000000 1.449191 1.570518 3.580177 2.445479 1.670385 6.711705 -1.512980 0.999075
Car -1 -1 -10 381.000000 175.000000 502.000000 269.000000 1.583938 1.632158 3.968207 -3.091156 1.656492 14.218283 1.521700 0.994088
Car -1 -1 -10 487.000000 181.000000 551.000000 235.000000 1.496630 1.591398 3.779570 -2.860624 1.762407 22.106978 -1.556497 0.982630
Car -1 -1 -10 0.000000 176.000000 205.000000 330.000000 1.541619 1.657920 4.290955 -7.319980 1.490248 7.722908 -3.187414 0.771328
Car -1 -1 -10 947.000000 214.000000 1240.000000 370.000000 1.515514 1.598129 3.737668 2.967590 1.305905 2.741109 -0.938302 0.308746
Car -1 -1 -10 440.000000 183.000000 516.000000 248.000000 1.479853 1.577719 3.621508 -4.196259 1.359942 21.611962 2.272247 0.063211
Car -1 -1 -10 441.000000 173.000000 522.000000 335.000000 1.565375 1.521555 3.453359 -1.829534 1.495756 7.736570 -1.184168 0.037781
Cyclist -1 -1 -10 442.000000 167.000000 519.000000 343.000000 1.771789 0.668435 1.781761 -1.352604 1.667138 7.912812 1.637307 0.999384
Cyclist -1 -1 -10 379.000000 174.000000 502.000000 266.000000 1.727069 0.532117 1.711981 -3.013269 1.755317 13.010091 2.403009 0.288296
Cyclist -1 -1 -10 476.000000 179.000000 551.000000 237.000000 1.711100 0.645619 1.777690 -2.451263 1.866198 20.727588 -1.285054 0.024878
Cyclist -1 -1 -10 424.000000 167.000000 442.000000 207.000000 1.672843 0.649294 1.775022 -8.660253 0.990017 34.792285 -1.769015 0.011052
