Pedestrian -1 -1 -10 457.000000 166.000000 500.000000 272.000000 1.769443 0.629931 0.684111 -2.160016 1.492366 11.548190 0.325322 0.992002
Pedestrian -1 -1 -10 1055.000000 131.000000 1168.000000 303.000000 1.763527 0.619335 1.125961 5.384513 1.201022 7.524187 0.175463 0.986986
Pedestrian -1 -1 -10 1024.000000 140.000000 1123.000000 299.000000 1.823485 0.591083 1.066887 5.252073 1.309708 7.783924 0.051946 0.966557
Pedestrian -1 -1 -10 424.000000 171.000000 470.000000 278.000000 1.729881 0.539939 0.803182 -2.426269 1.545540 11.049406 0.258526 0.651271
Pedestrian -1 -1 -10 1003.000000 148.000000 1029.000000 213.000000 1.743275 0.582462 0.742437 4.259436 0.787614 7.635191 3.526594 0.168934
Pedestrian -1 -1 -10 1019.000000 153.000000 1084.000000 232.000000 1.791217 0.547353 0.692202 6.388340 1.216470 10.454962 0.706052 0.078556
Pedestrian -1 -1 -10 1008.000000 149.000000 1053.000000 218.000000 1.744195 0.652127 0.651954 10.425804 1.900699 17.175026 -1.556856 0.068259
Pedestrian -1 -1 -10 1037.000000 154.000000 1082.000000 203.000000 1.761736 0.648831 0.643871 20.983971 1.330485 32.008168 -1.526176 0.021252
Pedestrian -1 -1 -10 1037.000000 161.000000 1060.000000 222.000000 1.761650 0.686114 0.920644 20.518418 0.532038 32.920527 0.540865 0.013737
Pedestrian -1 -1 -10 1075.000000 150.000000 1130.000000 213.000000 1.779562 0.524439 0.689969 7.551535 1.353122 11.047420 0.770154 0.010915
Pedestrian -1 -1 -10 880.000000 153.000000 898.000000 195.000000 1.736417 0.595596 0.571932 13.425510 0.268332 33.645176 0.997360 0.010782
Car -1 -1 -10 0.000000 204.000000 293.000000 365.000000 1.553857 1.619784 3.866061 -3.208832 1.691420 3.382745 -1.567589 0.975233
Car -1 -1 -10 446.000000 171.000000 485.000000 218.000000 1.577128 1.667788 4.087618 -8.660187 1.092185 44.115670 1.488783 0.012065
Cyclist -1 -1 -10 1018.000000 143.000000 1132.000000 292.000000 1.789376 0.516023 1.669130 5.416345 1.283402 8.063890 -1.404168 0.311835
Cyclist -1 -1 -10 1011.000000 152.000000 1063.000000 217.000000 1.632904 0.460893 1.491344 6.466293 1.015046 10.739237 -1.063248 0.152456
Cyclist -1 -1 -10 1000.000000 149.000000 1039.000000 214.000000 1.719245 0.506177 1.773232 10.484095 0.953546 18.380436 -1.235996 0.071319
Cyclist -1 -1 -10 1037.000000 161.000000 1060.000000 222.000000 1.685130 0.578727 1.630193 20.766691 0.419938 33.027482 0.550873 0.054993
Cyclist -1 -1 -10 1030.000000 156.000000 1075.000000 209.000000 1.746962 0.587739 1.687738 21.031820 0.613104 32.950053 -1.125069 0.040505
Cyclist -1 -1 -10 1017.000000 156.000000 1111.000000 235.000000 1.709910 0.512603 1.632103 11.399697 1.103605 17.511714 -0.999747 0.038980
Cyclist -1 -1 -10 1027.000000 144.000000 1081.000000 282.000000 1.755294 0.465698 1.660692 5.600156 1.259660 8.642710 -1.342433 0.025028
Cyclist -1 -1 -10 431.000000 172.000000 473.000000 280.000000 1.754931 0.575481 1.750125 -2.443650 1.545473 11.134852 -1.309927 0.023297
Cyclist -1 -1 -10 456.000000 167.000000 499.000000 274.000000 1.763124 0.520771 1.786820 -2.201516 1.559283 11.510377 1.790637 0.015671
Cyclist -1 -1 -10 -7.000000 202.000000 291.000000 365.000000 1.707040 0.695898 1.986686 -2.762233 1.720173 3.566234 1.668615 0.010945
