Car -1 -1 -10 559.000000 177.000000 602.000000 217.000000 1.528841 1.618747 3.679268 -1.247423 1.233308 31.886481 -1.618370 0.999368
Car -1 -1 -10 326.000000 188.000000 455.000000 273.000000 1.451800 1.556558 3.571188 -4.127453 1.540605 13.894233 -1.629881 0.998719
Car -1 -1 -10 -7.000000 183.000000 390.000000 374.000000 1.487949 1.624695 3.864384 -3.237789 1.521340 6.191162 -1.621002 0.997621
Car -1 -1 -10 0.000000 168.000000 47.000000 209.000000 1.511087 1.510609 3.523911 -17.038656 1.046750 22.051915 0.221516 0.203930
Car -1 -1 -10 192.000000 182.000000 367.000000 248.000000 1.520041 1.619950 3.836060 -9.097498 1.431541 21.977877 -1.632173 0.106359
Car -1 -1 -10 268.000000 185.000000 350.000000 237.000000 1.499087 1.634039 3.845055 -9.001815 1.374297 22.114509 -1.630499 0.089289
Car -1 -1 -10 363.000000 155.000000 436.000000 232.000000 1.672728 1.706003 3.958796 -8.351326 0.727880 28.942250 -1.611542 0.030848
Car -1 -1 -10 27.000000 186.000000 166.000000 237.000000 1.449259 1.608103 3.687415 -12.989056 1.533698 18.824144 -1.579572 0.014723
Car -1 -1 -10 416.000000 183.000000 458.000000 210.000000 1.505899 1.347897 2.489925 -9.761699 1.680777 41.903326 -1.809695 0.014439
Car -1 -1 -10 231.000000 186.000000 309.000000 248.000000 1.525134 1.608745 3.745327 -13.566864 1.033852 27.766818 1.173889 0.013925
Car -1 -1 -10 8.000000 189.000000 237.000000 299.000000 1.458859 1.553777 3.807725 -13.008369 1.352025 18.548455 1.463201 0.013362
