Pedestrian -1 -1 -10 577.000000 158.000000 613.000000 269.000000 1.769487 0.587101 0.939270 -0.166094 1.436731 11.723326 -2.581466 0.997924
Pedestrian -1 -1 -10 866.000000 163.000000 976.000000 373.000000 1.723951 0.661493 0.874480 2.254472 1.515895 5.183740 -1.878899 0.997452
Pedestrian -1 -1 -10 496.000000 161.000000 543.000000 300.000000 1.700532 0.650539 0.791813 -1.131961 1.507083 9.281934 -2.032029 0.995854
Pedestrian -1 -1 -10 716.000000 162.000000 762.000000 292.000000 1.722330 0.625684 0.752972 1.866900 1.430615 9.866604 2.847145 0.994754
Pedestrian -1 -1 -10 641.000000 163.000000 694.000000 321.000000 1.731978 0.595768 0.796136 0.584937 1.490207 7.756548 -2.517509 0.993717
Pedestrian -1 -1 -10 809.000000 160.000000 877.000000 344.000000 1.740348 0.535592 0.914871 2.156165 1.562781 6.827057 -2.227440 0.993438
Pedestrian -1 -1 -10 662.000000 166.000000 704.000000 302.000000 1.780904 0.677180 0.853719 1.047870 1.542571 9.324272 2.083366 0.887554
Pedestrian -1 -1 -10 557.000000 160.000000 577.000000 215.000000 1.749272 0.610953 0.801176 -1.237368 1.143562 24.189226 -2.141430 0.862954
Pedestrian -1 -1 -10 622.000000 161.000000 656.000000 262.000000 1.809739 0.615781 1.024696 0.588966 1.404375 12.798066 -2.556756 0.809596
Pedestrian -1 -1 -10 627.000000 165.000000 678.000000 278.000000 1.684173 0.550127 0.683052 0.608023 1.241242 12.778588 -2.026003 0.470180
Pedestrian -1 -1 -10 357.000000 155.000000 400.000000 254.000000 1.806828 0.732465 0.770211 -4.209598 1.452980 13.708460 1.229439 0.468827
Pedestrian -1 -1 -10 483.000000 169.000000 537.000000 251.000000 1.742663 0.573404 0.668035 -2.501726 1.547166 18.128767 2.465072 0.342005
Pedestrian -1 -1 -10 479.000000 165.000000 491.000000 193.000000 1.705377 0.586235 0.551517 -5.318754 0.541468 32.161705 -2.279377 0.268587
Pedestrian -1 -1 -10 502.000000 166.000000 526.000000 235.000000 1.771171 0.661923 0.699645 -2.363404 1.157770 18.824330 -0.078044 0.211274
Pedestrian -1 -1 -10 871.000000 170.000000 944.000000 304.000000 1.783432 0.519472 0.689913 3.629228 1.294877 8.799548 0.564323 0.078078
Pedestrian -1 -1 -10 823.000000 168.000000 863.000000 297.000000 1.820972 0.591667 0.596648 6.246412 1.507647 18.681494 3.307252 0.068653
Pedestrian -1 -1 -10 527.000000 161.000000 537.000000 201.000000 1.705730 0.637387 0.631261 -5.004348 0.637499 50.860083 -2.182919 0.047831
Car -1 -1 -10 463.000000 171.000000 546.000000 237.000000 1.529518 1.612833 3.958572 -2.512393 1.250474 19.311006 1.602629 0.954993
Car -1 -1 -10 489.000000 172.000000 520.000000 237.000000 1.472191 1.628501 3.810119 -2.744369 0.978952 20.349432 1.518135 0.024544
Car -1 -1 -10 491.000000 168.000000 546.000000 286.000000 1.621372 1.625617 3.486701 -1.417066 1.460054 10.592334 -1.709832 0.020418
Cyclist -1 -1 -10 483.000000 168.000000 544.000000 253.000000 1.795925 0.531894 1.477196 -1.895785 1.496578 15.698413 -0.997087 0.356755
Cyclist -1 -1 -10 352.000000 158.000000 406.000000 254.000000 1.786132 0.614784 1.703851 -4.236668 1.355742 13.640223 -2.368264 0.169036
Cyclist -1 -1 -10 8.000000 214.000000 273.000000 374.000000 1.697935 0.673651 1.694361 -2.955860 1.616821 4.982679 -0.583322 0.030503
Cyclist -1 -1 -10 504.000000 167.000000 530.000000 227.000000 1.690634 0.530892 1.673892 -2.339827 0.866603 19.990285 -3.256073 0.022460
Cyclist -1 -1 -10 659.000000 165.000000 702.000000 296.000000 1.732100 0.617580 1.711075 1.005743 1.443068 9.408291 -1.449810 0.021036
Cyclist -1 -1 -10 871.000000 170.000000 944.000000 304.000000 1.703119 0.538313 1.682649 2.138689 1.316948 5.258163 -0.651336 0.016440
Cyclist -1 -1 -10 493.000000 169.000000 522.000000 239.000000 1.726578 0.490851 1.752165 -2.620630 1.313742 18.601287 -1.260463 0.014081
Cyclist -1 -1 -10 514.000000 167.000000 541.000000 226.000000 1.679335 0.534598 1.693938 -2.036970 1.120811 19.848739 -1.671178 0.013532
