Car -1 -1 -10 572.000000 173.000000 617.000000 213.000000 1.491049 1.619245 3.699801 -0.673261 1.054202 31.568177 -1.586745 0.999667
Car -1 -1 -10 81.000000 185.000000 357.000000 319.000000 1.506801 1.620627 3.849407 -5.113408 1.494027 10.236472 -1.559793 0.999282
Car -1 -1 -10 108.000000 182.000000 230.000000 236.000000 1.471475 1.585431 3.736118 -11.951073 1.400885 20.088593 -1.563748 0.759160
Car -1 -1 -10 482.000000 171.000000 531.000000 208.000000 1.649543 1.665296 4.011028 -5.049804 0.980637 37.565165 -1.631518 0.500857
Car -1 -1 -10 264.000000 177.000000 344.000000 233.000000 1.617318 1.601641 3.695385 -8.789929 1.343070 19.459667 1.639284 0.349455
Car -1 -1 -10 222.000000 180.000000 330.000000 244.000000 1.508074 1.630803 3.815585 -8.309111 1.262878 17.760546 1.639648 0.261128
Car -1 -1 -10 -5.000000 185.000000 126.000000 298.000000 1.532111 1.637581 3.981939 -8.915407 1.580794 10.018814 -1.574122 0.183355
Car -1 -1 -10 221.000000 169.000000 302.000000 222.000000 1.441215 1.480624 3.199594 -9.619862 1.232652 19.768359 -2.674282 0.100724
Car -1 -1 -10 506.000000 173.000000 545.000000 200.000000 1.609310 1.623377 3.886583 -5.369860 0.860197 37.447947 -1.709478 0.053279
Car -1 -1 -10 309.000000 182.000000 394.000000 224.000000 1.478183 1.560436 3.591528 -8.893973 1.378847 25.696701 -1.617572 0.040734
