Car -1 -1 -10 715.000000 187.000000 857.000000 285.000000 1.464056 1.564958 3.561521 2.849238 1.759539 12.491976 -1.574137 0.999131
Car -1 -1 -10 3.000000 192.000000 272.000000 331.000000 1.491297 1.617461 4.012441 -6.252892 1.781061 8.194878 -0.021787 0.997825
Car -1 -1 -10 769.000000 173.000000 969.000000 244.000000 1.571691 1.667298 4.004083 6.410690 1.631430 17.610694 0.028491 0.994285
Car -1 -1 -10 58.000000 184.000000 378.000000 287.000000 1.545290 1.618516 4.088522 -6.330107 1.658064 12.216794 -0.073441 0.994151
Car -1 -1 -10 636.000000 176.000000 667.000000 202.000000 1.481167 1.618595 3.955692 2.667671 1.860421 46.316894 -1.594982 0.993488
Car -1 -1 -10 376.000000 176.000000 482.000000 225.000000 1.530580 1.678931 3.796907 -6.312625 1.741614 27.060957 2.843625 0.975817
Car -1 -1 -10 708.000000 179.000000 817.000000 220.000000 1.528409 1.582701 3.987241 6.273325 1.804566 28.225758 3.077956 0.955428
Car -1 -1 -10 159.000000 179.000000 425.000000 261.000000 1.555951 1.605015 4.263434 -6.308172 1.725439 15.035462 0.093120 0.950082
Car -1 -1 -10 315.000000 177.000000 463.000000 234.000000 1.531111 1.581870 4.010237 -6.416762 1.700150 20.316644 -3.235100 0.932745
Car -1 -1 -10 446.000000 177.000000 536.000000 207.000000 1.571149 1.623082 3.895038 -6.085071 1.790350 40.723425 0.029836 0.422316
Car -1 -1 -10 702.000000 175.000000 779.000000 210.000000 1.508654 1.639273 3.969300 5.828367 1.713070 31.296008 2.878621 0.358881
