Pedestrian -1 -1 -10 472.000000 175.000000 489.000000 217.000000 1.763641 0.667469 0.854193 -5.328968 1.903751 29.560202 1.376713 0.029256
Pedestrian -1 -1 -10 131.000000 197.000000 156.000000 262.000000 1.702264 0.535527 0.730439 -10.801255 2.445281 16.638502 2.036867 0.010371
Car -1 -1 -10 643.000000 175.000000 710.000000 224.000000 1.477997 1.524894 3.495698 2.083934 1.559149 23.145263 -1.694274 0.997316
Car -1 -1 -10 700.000000 172.000000 835.000000 261.000000 1.486853 1.568012 3.816278 2.785284 1.518255 14.170199 1.539909 0.980464
Car -1 -1 -10 750.000000 148.000000 970.000000 325.000000 1.781709 1.694744 4.121019 2.916864 1.532185 8.938115 -1.572628 0.969985
Car -1 -1 -10 414.000000 181.000000 465.000000 228.000000 1.525883 1.605864 3.696131 -6.094403 1.833865 25.626823 -1.780183 0.961804
Car -1 -1 -10 565.000000 176.000000 602.000000 206.000000 1.478016 1.588678 3.716972 -1.522311 1.827844 42.002291 -1.732667 0.928807
Car -1 -1 -10 606.000000 177.000000 672.000000 213.000000 1.466458 1.573054 3.629287 0.865200 1.454566 30.035196 -1.738211 0.478210
Car -1 -1 -10 720.000000 161.000000 902.000000 283.000000 1.579981 1.685322 4.078515 2.860325 1.490786 10.010329 -1.511548 0.110578
Car -1 -1 -10 1.000000 187.000000 43.000000 278.000000 1.479001 1.609185 3.743882 -14.883643 2.091641 16.638018 1.197709 0.094874
Car -1 -1 -10 441.000000 179.000000 471.000000 204.000000 1.534994 1.647921 3.743263 -7.314334 1.744409 31.985273 -1.768404 0.038822
Car -1 -1 -10 944.000000 163.000000 1232.000000 372.000000 1.651349 1.651159 3.880563 2.679313 1.317418 2.714212 1.601786 0.032043
Cyclist -1 -1 -10 471.000000 175.000000 491.000000 217.000000 1.801517 0.582785 1.792776 -5.366911 1.930706 29.488861 1.353101 0.696589
Cyclist -1 -1 -10 492.000000 175.000000 510.000000 216.000000 1.724463 0.510162 1.737786 -4.813550 1.820582 31.485318 -1.758789 0.648355
