Pedestrian -1 -1 -10 490.000000 177.000000 524.000000 239.000000 1.692568 0.597562 0.862105 -2.515582 1.525992 19.054613 -0.814458 0.850059
Pedestrian -1 -1 -10 860.000000 224.000000 946.000000 369.000000 1.695020 0.560343 0.779461 2.412106 1.879890 5.814802 -0.697640 0.807042
Pedestrian -1 -1 -10 1014.000000 222.000000 1129.000000 373.000000 1.685336 0.643343 0.596188 3.154992 1.923856 4.720463 3.218137 0.759441
Pedestrian -1 -1 -10 945.000000 224.000000 1057.000000 369.000000 1.756089 0.696134 0.929861 2.698255 1.998995 4.889145 -1.122511 0.682769
Pedestrian -1 -1 -10 951.000000 222.000000 1206.000000 370.000000 1.793281 0.759418 0.670152 2.939855 1.920095 4.580071 3.168047 0.524495
Pedestrian -1 -1 -10 937.000000 213.000000 1006.000000 299.000000 1.705730 0.637387 0.631260 5.770783 1.590792 11.131981 -1.610519 0.377670
Pedestrian -1 -1 -10 1065.000000 234.000000 1191.000000 367.000000 1.762874 0.656868 0.348132 4.025545 1.977103 5.557267 -0.900125 0.133165
Pedestrian -1 -1 -10 901.000000 209.000000 1018.000000 367.000000 1.744560 0.703633 0.798634 2.545300 2.028721 4.968268 -0.987695 0.123858
Car -1 -1 -10 999.000000 224.000000 1202.000000 371.000000 1.449625 1.498296 3.648653 2.937829 1.741584 4.396985 1.570506 0.014337
Cyclist -1 -1 -10 1007.000000 222.000000 1128.000000 373.000000 1.630956 0.506892 1.626371 2.900184 1.784655 4.179052 1.573132 0.561153
Cyclist -1 -1 -10 936.000000 223.000000 1207.000000 370.000000 1.661392 0.499332 1.668809 2.893356 1.682330 4.512798 1.657366 0.195060
Cyclist -1 -1 -10 270.000000 176.000000 391.000000 368.000000 1.672307 0.571541 1.679774 -2.214847 1.545007 5.138576 1.685683 0.168018
Cyclist -1 -1 -10 940.000000 216.000000 1051.000000 370.000000 1.692858 0.621728 1.746941 2.565746 1.779318 4.840979 -1.577573 0.068910
Cyclist -1 -1 -10 1065.000000 234.000000 1191.000000 367.000000 1.676057 0.506472 1.547143 3.294036 1.759780 4.422526 3.220036 0.015427
Cyclist -1 -1 -10 945.000000 212.000000 1014.000000 291.000000 1.721939 0.527842 1.468126 2.941683 1.219343 5.739862 -1.122016 0.011719
Cyclist -1 -1 -10 1015.000000 221.000000 1074.000000 353.000000 1.654878 0.618670 1.739596 2.671051 1.781484 4.749369 -0.968441 0.011582
