Car -1 -1 -10 294.000000 189.000000 455.000000 305.000000 1.532234 1.515466 3.507814 -3.538355 1.829375 11.483601 1.547969 0.999173
Car -1 -1 -10 783.000000 187.000000 1043.000000 344.000000 1.463788 1.611165 3.827815 3.420227 1.680283 9.080331 -1.554710 0.998353
Car -1 -1 -10 704.000000 170.000000 833.000000 270.000000 1.613410 1.655075 3.810042 2.892785 1.633429 14.441006 -1.652602 0.997635
Car -1 -1 -10 652.000000 176.000000 711.000000 222.000000 1.508995 1.632757 4.099472 2.542461 1.680054 27.252385 -1.581789 0.994244
Car -1 -1 -10 454.000000 167.000000 532.000000 233.000000 1.848828 1.712498 4.157032 -3.757807 1.808330 23.053357 -1.620799 0.992953
Car -1 -1 -10 924.000000 212.000000 1244.000000 374.000000 1.508810 1.614110 3.902996 3.466319 1.782651 4.533860 -1.545660 0.984882
Car -1 -1 -10 1.000000 199.000000 334.000000 375.000000 1.572439 1.616098 3.919727 -3.317468 1.844189 4.889862 1.505198 0.982981
Car -1 -1 -10 525.000000 174.000000 556.000000 200.000000 1.552519 1.641806 3.981562 -4.505005 1.712687 44.626199 1.476437 0.966823
Car -1 -1 -10 676.000000 175.000000 766.000000 238.000000 1.544409 1.651304 3.693202 3.271211 1.395567 22.517872 -1.409469 0.922901
Car -1 -1 -10 646.000000 175.000000 686.000000 212.000000 1.640600 1.615816 3.764402 2.974529 1.781439 32.090659 -1.605571 0.549376
Car -1 -1 -10 626.000000 173.000000 659.000000 200.000000 1.519440 1.604877 3.802737 2.115643 1.648605 43.435378 -1.550593 0.154169
