Pedestrian -1 -1 -10 836.000000 141.000000 911.000000 314.000000 1.850110 0.695607 1.169569 2.848313 1.443643 7.810243 -0.198903 0.992631
Pedestrian -1 -1 -10 296.000000 166.000000 350.000000 275.000000 1.765149 0.606916 0.914906 -4.694413 1.543290 11.611994 0.082681 0.987459
Pedestrian -1 -1 -10 808.000000 153.000000 860.000000 309.000000 1.861723 0.649704 0.966687 2.610800 1.425979 8.337463 -0.204555 0.978241
Pedestrian -1 -1 -10 267.000000 169.000000 309.000000 278.000000 1.761759 0.561409 0.896926 -5.028393 1.596963 11.107746 0.152759 0.954990
Pedestrian -1 -1 -10 1003.000000 150.000000 1025.000000 214.000000 1.761475 0.642144 0.830955 10.378972 0.925954 18.161729 2.998939 0.270296
Pedestrian -1 -1 -10 857.000000 150.000000 882.000000 204.000000 1.740373 0.582892 0.744054 2.907292 0.864577 8.228718 3.352236 0.070482
Pedestrian -1 -1 -10 846.000000 153.000000 900.000000 205.000000 1.705730 0.637387 0.631260 13.050051 0.199971 32.989385 -1.724318 0.058053
Pedestrian -1 -1 -10 284.000000 172.000000 320.000000 254.000000 1.779817 0.642656 0.860692 -6.183872 1.613015 14.435582 0.691100 0.029977
Pedestrian -1 -1 -10 377.000000 166.000000 385.000000 195.000000 1.793883 0.649934 0.728347 -20.801451 1.320609 65.623485 -2.301909 0.024725
Pedestrian -1 -1 -10 -5.000000 201.000000 299.000000 365.000000 1.806972 0.779684 0.996365 -2.700297 1.988677 3.824658 1.962095 0.012301
Car -1 -1 -10 448.000000 173.000000 481.000000 198.000000 1.577903 1.660987 3.847303 -8.670980 1.086776 43.806822 1.506700 0.996825
Car -1 -1 -10 728.000000 167.000000 821.000000 200.000000 1.527249 1.650758 4.037418 7.996588 0.855005 33.545828 -2.398164 0.972985
Car -1 -1 -10 3.000000 200.000000 285.000000 367.000000 1.537589 1.617202 3.890847 -3.187639 1.652385 3.505149 -1.588773 0.966148
Cyclist -1 -1 -10 836.000000 145.000000 912.000000 317.000000 1.856470 0.473780 1.646462 2.977861 1.497594 7.931362 -1.627623 0.257662
Cyclist -1 -1 -10 859.000000 152.000000 902.000000 199.000000 1.831138 0.627410 1.728242 13.538839 0.553813 33.855882 0.837956 0.157300
Cyclist -1 -1 -10 -13.000000 200.000000 288.000000 364.000000 1.721991 0.601876 1.965664 -2.728010 1.727958 3.799299 -1.550595 0.016779
Cyclist -1 -1 -10 862.000000 147.000000 883.000000 203.000000 1.674750 0.471082 1.507603 3.844710 0.754752 10.496635 -1.262076 0.015355
Cyclist -1 -1 -10 847.000000 162.000000 889.000000 201.000000 1.651518 0.457512 1.485199 4.471274 1.049940 12.301428 -1.255773 0.014791
Cyclist -1 -1 -10 807.000000 153.000000 862.000000 309.000000 1.800755 0.603035 1.812376 2.677192 1.446033 8.465751 0.793080 0.011063
