Pedestrian -1 -1 -10 890.000000 204.000000 935.000000 311.000000 1.763172 0.650499 0.536418 5.560239 1.555292 13.323372 -1.772473 0.850215
Pedestrian -1 -1 -10 613.000000 174.000000 631.000000 218.000000 1.718437 0.578050 0.852774 0.754576 1.435249 26.320209 2.595711 0.797845
Pedestrian -1 -1 -10 976.000000 209.000000 1029.000000 310.000000 1.768837 0.720288 0.748572 5.973942 1.897869 10.789612 -1.486837 0.416989
Pedestrian -1 -1 -10 801.000000 194.000000 832.000000 279.000000 1.701310 0.597891 0.583517 3.641841 1.494781 12.199501 -1.844705 0.158102
Pedestrian -1 -1 -10 939.000000 213.000000 1060.000000 314.000000 1.753987 0.699613 0.683269 3.256436 1.796633 6.005159 -1.596636 0.082354
Pedestrian -1 -1 -10 760.000000 196.000000 800.000000 274.000000 1.770380 0.509387 0.731486 3.001117 1.743325 12.147201 0.885058 0.061099
Pedestrian -1 -1 -10 951.000000 184.000000 978.000000 279.000000 1.748187 0.468922 0.899307 5.868525 1.695536 11.616991 3.044850 0.024059
Pedestrian -1 -1 -10 776.000000 194.000000 822.000000 278.000000 1.706809 0.489018 0.746394 3.258557 1.716291 11.798999 0.753405 0.012011
Car -1 -1 -10 968.000000 208.000000 1050.000000 313.000000 1.410422 1.542920 3.630461 6.452235 1.549887 11.570082 2.139531 0.032205
Car -1 -1 -10 919.000000 217.000000 1159.000000 370.000000 1.484739 1.579375 3.645802 3.540113 1.632171 6.444005 -1.471004 0.014087
Cyclist -1 -1 -10 466.000000 182.000000 539.000000 243.000000 1.790691 0.605250 1.735272 -2.700802 1.610822 19.665709 -2.160818 0.102853
Cyclist -1 -1 -10 472.000000 181.000000 514.000000 273.000000 1.704295 0.589503 1.726504 -2.142418 2.141216 12.845439 -1.274975 0.047724
Cyclist -1 -1 -10 969.000000 210.000000 1048.000000 307.000000 1.682591 0.589299 1.736112 5.980982 1.650857 10.839169 1.628777 0.017468
