Pedestrian -1 -1 -10 64.000000 196.000000 105.000000 291.000000 1.736754 0.657073 0.583347 -6.282554 1.596393 8.838218 -2.884595 0.925922
Pedestrian -1 -1 -10 44.000000 200.000000 88.000000 297.000000 1.740126 0.608953 0.532775 -7.064806 1.519323 9.191625 -2.802371 0.019874
Pedestrian -1 -1 -10 11.000000 205.000000 105.000000 308.000000 1.696508 0.517728 0.742316 -7.086076 1.948372 9.075278 -0.030324 0.010248
Car -1 -1 -10 735.000000 175.000000 950.000000 304.000000 1.560997 1.630596 3.958354 3.195683 1.604573 10.663200 -1.615964 0.997871
Car -1 -1 -10 -1.000000 186.000000 354.000000 374.000000 1.656144 1.649378 3.981169 -4.259544 1.868311 7.670729 1.571467 0.997495
Car -1 -1 -10 850.000000 185.000000 1233.000000 372.000000 1.525793 1.605335 3.790681 2.962189 1.635388 4.831318 -1.559178 0.966827
Car -1 -1 -10 488.000000 185.000000 524.000000 212.000000 1.593517 1.632165 3.958578 -5.949421 2.204000 42.707289 -1.736195 0.703492
Car -1 -1 -10 662.000000 177.000000 728.000000 223.000000 1.557869 1.656913 4.023696 2.900204 1.703261 25.618111 -1.613146 0.561346
Car -1 -1 -10 630.000000 179.000000 674.000000 208.000000 1.582081 1.571128 3.691182 2.007849 1.935666 40.162891 -1.600462 0.203328
Car -1 -1 -10 678.000000 174.000000 753.000000 237.000000 1.596553 1.609874 3.710479 2.719138 1.663524 20.209683 -1.561978 0.023917
Car -1 -1 -10 645.000000 179.000000 701.000000 215.000000 1.526443 1.603972 3.879421 2.738819 1.935621 32.113278 -1.610578 0.012956
Cyclist -1 -1 -10 56.000000 194.000000 109.000000 291.000000 1.711549 0.530107 1.545350 -11.067990 1.369053 14.677582 -2.223644 0.060892
Cyclist -1 -1 -10 11.000000 205.000000 105.000000 308.000000 1.683100 0.302729 1.390518 -8.068358 1.802088 11.038823 -2.170845 0.024195
Cyclist -1 -1 -10 26.000000 208.000000 67.000000 298.000000 1.666436 0.304828 1.361219 -8.452323 1.796517 11.281312 -2.164011 0.019044
Cyclist -1 -1 -10 7.000000 214.000000 55.000000 316.000000 1.677878 0.511423 1.619001 -4.639159 1.996773 5.842968 -2.314219 0.013090
