Pedestrian -1 -1 -10 1118.000000 153.000000 1173.000000 261.000000 1.713063 0.605367 0.806464 8.491092 1.437170 11.479365 -1.482776 0.916963
Pedestrian -1 -1 -10 1055.000000 161.000000 1141.000000 254.000000 1.765990 0.640598 0.640357 5.914631 1.505021 8.895815 -1.568627 0.077698
Pedestrian -1 -1 -10 800.000000 166.000000 819.000000 212.000000 1.653999 0.601958 0.778601 7.328602 1.443146 26.587603 -1.495106 0.034433
Pedestrian -1 -1 -10 1084.000000 164.000000 1109.000000 232.000000 1.712364 0.500735 0.707769 7.847769 1.278763 11.903118 1.182511 0.018422
Pedestrian -1 -1 -10 1076.000000 168.000000 1130.000000 220.000000 1.796724 0.526284 0.688333 7.085634 1.315578 10.681613 0.765083 0.016072
Car -1 -1 -10 1158.000000 167.000000 1243.000000 193.000000 1.498595 1.589898 3.610951 7.014540 1.311102 8.692795 3.193062 0.032963
Cyclist -1 -1 -10 1005.000000 150.000000 1126.000000 281.000000 1.781386 0.501755 1.804361 5.995972 1.494185 9.711645 -1.569305 0.999762
Cyclist -1 -1 -10 800.000000 167.000000 818.000000 211.000000 1.736415 0.496977 1.740809 7.300242 1.508336 26.637785 -1.699206 0.855346
Cyclist -1 -1 -10 1063.000000 161.000000 1137.000000 253.000000 1.654754 0.629470 1.701671 8.070407 1.481928 11.578143 1.168996 0.430771
Cyclist -1 -1 -10 1116.000000 154.000000 1178.000000 257.000000 1.762077 0.636589 1.769333 8.482343 1.445073 11.505577 -2.487861 0.353654
Cyclist -1 -1 -10 1092.000000 164.000000 1151.000000 230.000000 1.683307 0.513080 1.613587 9.852991 1.855900 13.433593 -0.941721 0.063230
Cyclist -1 -1 -10 1076.000000 168.000000 1130.000000 220.000000 1.754025 0.561230 1.484564 8.612574 1.403971 12.832467 -0.992709 0.024097
Cyclist -1 -1 -10 1028.000000 174.000000 1066.000000 199.000000 1.704169 0.515396 1.557221 9.785351 1.356584 16.681247 -1.071832 0.012223
Cyclist -1 -1 -10 1084.000000 164.000000 1109.000000 232.000000 1.733813 0.482917 1.432087 8.596962 1.351786 13.076533 -0.984199 0.010320
