Car -1 -1 -10 729.000000 191.000000 916.000000 305.000000 1.435529 1.617121 4.005424 3.004688 1.727931 11.107963 -1.605631 0.997091
Car -1 -1 -10 654.000000 172.000000 706.000000 218.000000 1.655565 1.647068 3.896205 2.813802 1.750006 30.345398 -1.610706 0.992648
Car -1 -1 -10 346.000000 177.000000 481.000000 230.000000 1.554649 1.648082 3.925641 -5.974955 1.662176 23.298356 -2.830304 0.935328
Car -1 -1 -10 405.000000 171.000000 510.000000 216.000000 1.516204 1.586180 3.867751 -5.798638 1.755760 28.245554 -0.146587 0.780549
Car -1 -1 -10 447.000000 172.000000 531.000000 209.000000 1.570875 1.599810 3.732163 -5.964424 1.655276 35.042030 -2.930517 0.444776
Car -1 -1 -10 -3.000000 161.000000 193.000000 353.000000 1.584679 1.630444 4.029686 -6.401178 1.582962 7.035073 -3.228668 0.364869
Car -1 -1 -10 305.000000 183.000000 448.000000 242.000000 1.527864 1.565189 3.755513 -5.821535 1.774693 20.846569 -1.816071 0.105840
Car -1 -1 -10 705.000000 192.000000 768.000000 251.000000 1.499369 1.623728 3.806943 3.186072 1.630502 16.587440 1.690763 0.092439
Car -1 -1 -10 485.000000 172.000000 547.000000 201.000000 1.518373 1.597516 3.789916 -5.267278 1.221061 45.322544 1.466956 0.042819
Car -1 -1 -10 740.000000 195.000000 828.000000 249.000000 1.521575 1.554422 3.488160 6.775759 1.960983 25.675606 1.227419 0.022873
Car -1 -1 -10 1110.000000 190.000000 1179.000000 232.000000 1.443621 1.557340 3.431131 11.901222 1.390987 16.216749 3.074402 0.016464
Car -1 -1 -10 30.000000 167.000000 252.000000 284.000000 1.622549 1.614015 3.760716 -6.307576 1.407987 8.758546 1.607482 0.010085
Cyclist -1 -1 -10 708.000000 188.000000 764.000000 250.000000 1.700771 0.470053 1.667281 2.781929 1.817254 15.758833 1.134924 0.468626
