Car -1 -1 -10 560.000000 177.000000 602.000000 216.000000 1.541143 1.637199 3.796744 -1.191212 1.203200 32.588330 -1.598034 0.999535
Car -1 -1 -10 299.000000 189.000000 444.000000 283.000000 1.485187 1.565076 3.593324 -4.093806 1.593682 12.860855 -1.614979 0.999066
Car -1 -1 -10 5.000000 176.000000 349.000000 372.000000 1.506261 1.614414 3.870875 -3.197635 1.567110 5.026902 -1.606293 0.991009
Car -1 -1 -10 243.000000 184.000000 339.000000 243.000000 1.517628 1.616976 3.868666 -8.998473 1.473233 20.653503 -1.604723 0.910259
Car -1 -1 -10 301.000000 178.000000 364.000000 212.000000 1.572153 1.631926 3.818195 -13.367874 1.028870 34.642385 -1.797065 0.076080
Car -1 -1 -10 211.000000 182.000000 282.000000 219.000000 1.559668 1.600649 3.795450 -13.118248 1.231515 26.686637 -1.635345 0.044964
Car -1 -1 -10 414.000000 185.000000 450.000000 212.000000 1.472066 1.568886 3.476142 -3.997807 1.032506 16.215162 2.247632 0.042918
Car -1 -1 -10 399.000000 184.000000 439.000000 217.000000 1.510566 1.587435 3.701578 -8.307628 1.415106 31.173708 1.497095 0.022232
Car -1 -1 -10 353.000000 153.000000 431.000000 237.000000 1.789201 1.768033 4.164331 -8.378172 0.954099 27.457392 -1.629937 0.014309
Car -1 -1 -10 176.000000 184.000000 263.000000 228.000000 1.526284 1.615276 3.891048 -13.066634 1.104094 26.196400 0.145000 0.013856
Car -1 -1 -10 429.000000 183.000000 445.000000 212.000000 1.450583 1.563323 3.452709 -4.344551 1.235396 17.866699 2.224116 0.010824
