Pedestrian -1 -1 -10 724.000000 135.000000 780.000000 288.000000 1.790612 0.657444 0.983161 1.817604 1.261506 9.066464 1.248347 0.998729
Pedestrian -1 -1 -10 650.000000 141.000000 718.000000 295.000000 1.773296 0.682530 0.958251 0.864391 1.300320 8.894019 1.267823 0.998462
Pedestrian -1 -1 -10 572.000000 139.000000 618.000000 249.000000 1.788490 0.659249 0.779287 -0.243797 1.087287 12.077114 1.029916 0.997069
Pedestrian -1 -1 -10 610.000000 142.000000 649.000000 248.000000 1.735165 0.588908 0.763763 0.399273 1.075155 12.270498 1.249151 0.996188
Pedestrian -1 -1 -10 519.000000 136.000000 554.000000 239.000000 1.798553 0.693287 0.836968 -1.384011 1.044374 13.257590 0.973918 0.988693
Pedestrian -1 -1 -10 465.000000 140.000000 502.000000 251.000000 1.787553 0.650808 0.937015 -2.109674 1.068882 11.879758 0.958286 0.975084
Pedestrian -1 -1 -10 682.000000 145.000000 712.000000 219.000000 1.764494 0.578519 0.733421 1.564486 0.921858 13.335032 1.760795 0.837376
Pedestrian -1 -1 -10 493.000000 146.000000 522.000000 238.000000 1.743307 0.577383 0.615219 -1.810288 1.076586 12.803433 0.867186 0.822008
Pedestrian -1 -1 -10 539.000000 138.000000 569.000000 229.000000 1.817564 0.583763 0.788033 -1.104202 0.993102 14.158228 0.975992 0.815730
Pedestrian -1 -1 -10 719.000000 144.000000 746.000000 233.000000 1.723087 0.568183 0.639010 2.502909 0.924761 13.221340 0.515141 0.813488
Pedestrian -1 -1 -10 560.000000 149.000000 591.000000 237.000000 1.748757 0.611510 0.692645 -0.659509 1.145935 13.273426 2.617084 0.728606
Pedestrian -1 -1 -10 451.000000 144.000000 479.000000 214.000000 1.735294 0.597919 0.828221 -3.619484 0.864572 17.925927 1.273633 0.568278
Pedestrian -1 -1 -10 599.000000 140.000000 632.000000 211.000000 1.755112 0.604474 0.716352 0.251420 0.651565 18.640409 -2.005258 0.345832
Pedestrian -1 -1 -10 487.000000 138.000000 507.000000 203.000000 1.707974 0.556290 0.759844 -5.590055 0.058173 36.665121 -2.121163 0.290664
Pedestrian -1 -1 -10 513.000000 143.000000 532.000000 212.000000 1.810751 0.628856 0.803768 -2.190885 0.862019 18.433043 -0.630957 0.183349
Pedestrian -1 -1 -10 1197.000000 191.000000 1222.000000 279.000000 1.794379 0.452991 0.913622 14.950429 2.365410 17.378373 3.260868 0.100183
Pedestrian -1 -1 -10 677.000000 143.000000 700.000000 203.000000 1.837207 0.463025 0.775590 1.914495 0.730511 17.244135 -1.412623 0.094527
Pedestrian -1 -1 -10 476.000000 142.000000 499.000000 199.000000 1.745685 0.581064 0.743141 -1.648285 0.870435 9.034990 2.835018 0.074328
Cyclist -1 -1 -10 457.000000 141.000000 505.000000 246.000000 1.763168 0.538364 1.735950 -2.122055 1.105678 12.097630 -1.700457 0.690741
Cyclist -1 -1 -10 447.000000 144.000000 479.000000 213.000000 1.805421 0.674922 1.819507 -3.619454 0.864603 17.904449 1.405143 0.630586
Cyclist -1 -1 -10 270.000000 139.000000 326.000000 224.000000 1.703726 0.516001 1.584709 -7.718290 -0.043724 17.467982 -1.938578 0.589983
Cyclist -1 -1 -10 407.000000 150.000000 495.000000 238.000000 1.662860 0.460338 1.485099 -3.358555 1.182323 14.882290 -1.815912 0.303699
Cyclist -1 -1 -10 322.000000 149.000000 391.000000 198.000000 1.697031 0.481972 1.444753 -11.210759 1.225524 31.349662 -1.941498 0.167050
Cyclist -1 -1 -10 287.000000 151.000000 349.000000 209.000000 1.665988 0.472326 1.678562 -7.819287 1.109093 19.180287 -1.863693 0.139109
Cyclist -1 -1 -10 383.000000 142.000000 417.000000 193.000000 1.642839 0.465543 1.499137 -3.368258 0.952567 11.310431 -1.901440 0.059966
Cyclist -1 -1 -10 490.000000 138.000000 510.000000 218.000000 1.688652 0.475315 1.518781 -1.707299 0.610077 10.445911 -1.776631 0.044005
Cyclist -1 -1 -10 498.000000 145.000000 522.000000 231.000000 1.690300 0.646181 1.673323 -1.768085 1.426448 12.861762 -1.105287 0.027971
Cyclist -1 -1 -10 1196.000000 190.000000 1222.000000 286.000000 1.723757 0.611012 1.648962 14.911335 2.077680 17.464144 2.789843 0.017691
Cyclist -1 -1 -10 482.000000 138.000000 503.000000 202.000000 1.686873 0.470092 1.506061 -1.896966 0.663082 11.233826 -1.779077 0.015950
