Pedestrian -1 -1 -10 370.000000 162.000000 384.000000 197.000000 1.779634 0.584866 0.978925 -12.953647 1.342006 39.463413 -2.903652 0.041303
Pedestrian -1 -1 -10 759.000000 164.000000 767.000000 191.000000 1.828787 0.630816 0.807124 9.875492 1.210554 46.463591 -2.894012 0.040253
Pedestrian -1 -1 -10 431.000000 163.000000 444.000000 192.000000 1.732056 0.623720 0.680226 -9.241465 1.185683 38.486053 -1.818380 0.034674
Pedestrian -1 -1 -10 739.000000 164.000000 773.000000 190.000000 1.738765 0.690346 0.937322 9.934976 1.447625 49.808971 -0.142173 0.018673
Car -1 -1 -10 434.000000 169.000000 517.000000 201.000000 1.474134 1.609714 3.841849 -6.631499 1.364107 34.709475 2.896240 0.870273
Car -1 -1 -10 734.000000 164.000000 775.000000 189.000000 1.547209 1.653480 3.825186 10.134168 1.095259 51.626475 1.324297 0.466492
Car -1 -1 -10 898.000000 157.000000 966.000000 186.000000 1.684244 1.547793 3.799373 23.130217 0.762562 51.643164 1.458521 0.193218
Car -1 -1 -10 94.000000 172.000000 160.000000 197.000000 1.653722 1.638064 3.977409 -30.813755 1.406077 46.621491 1.009512 0.172508
Car -1 -1 -10 698.000000 159.000000 741.000000 190.000000 1.542808 1.599918 4.137075 7.632292 1.013598 50.503241 1.322086 0.092318
Car -1 -1 -10 750.000000 164.000000 767.000000 189.000000 1.607762 1.568871 3.778862 10.373417 1.057964 51.032748 1.656738 0.016422
Cyclist -1 -1 -10 431.000000 164.000000 444.000000 193.000000 1.650698 0.531195 1.639757 -9.589660 0.951273 39.274218 -1.881032 0.010320
