Car -1 -1 -10 708.000000 172.000000 943.000000 329.000000 1.499002 1.626605 3.891028 2.264652 1.502047 8.726362 -1.588377 0.999411
Car -1 -1 -10 644.000000 173.000000 729.000000 229.000000 1.541743 1.654743 4.035506 2.219883 1.555131 21.227690 -1.689468 0.998847
Car -1 -1 -10 468.000000 173.000000 536.000000 231.000000 1.550842 1.637620 3.772830 -3.271962 1.656986 22.183486 -1.637511 0.998690
Car -1 -1 -10 0.000000 191.000000 198.000000 286.000000 1.492673 1.569659 3.630768 -9.129753 1.784050 12.276104 -3.132561 0.997521
Car -1 -1 -10 524.000000 177.000000 555.000000 209.000000 1.566247 1.577112 3.515774 -4.150101 1.751587 35.591104 -3.234429 0.741595
Car -1 -1 -10 623.000000 169.000000 665.000000 204.000000 1.673425 1.664251 4.031154 1.712729 1.519342 37.939240 -1.636812 0.611645
Car -1 -1 -10 633.000000 174.000000 688.000000 215.000000 1.499977 1.589495 3.796725 1.827182 1.605322 27.284491 -1.594509 0.447291
Car -1 -1 -10 489.000000 171.000000 535.000000 212.000000 1.561428 1.610698 3.685684 -3.858862 1.595185 27.256002 -1.703471 0.076723
Car -1 -1 -10 618.000000 169.000000 649.000000 197.000000 1.558746 1.602346 3.623786 1.177691 1.685640 49.233097 -1.561491 0.038512
Cyclist -1 -1 -10 744.000000 175.000000 763.000000 225.000000 1.698009 0.538900 1.770707 4.755639 1.385919 21.968185 -1.510328 0.012011
