Pedestrian -1 -1 -10 713.000000 163.000000 751.000000 259.000000 1.777293 0.704399 1.022955 2.403444 1.376620 13.589766 -1.450932 0.995002
Pedestrian -1 -1 -10 675.000000 165.000000 709.000000 259.000000 1.700383 0.618782 0.766835 1.622510 1.449222 13.446352 -1.990231 0.994249
Pedestrian -1 -1 -10 422.000000 167.000000 460.000000 265.000000 1.700044 0.667687 0.906767 -3.036842 1.455478 13.226020 -1.338955 0.989231
Pedestrian -1 -1 -10 524.000000 171.000000 542.000000 214.000000 1.736773 0.655242 0.849594 -2.797101 1.257617 29.005474 -1.598381 0.232533
Pedestrian -1 -1 -10 199.000000 197.000000 218.000000 255.000000 1.756372 0.677030 0.472003 -10.471847 1.923527 19.068120 -1.713460 0.093850
Pedestrian -1 -1 -10 984.000000 244.000000 1084.000000 373.000000 1.682975 0.754627 0.545347 3.036116 1.924335 5.032203 1.992459 0.024667
Pedestrian -1 -1 -10 728.000000 166.000000 766.000000 234.000000 1.741864 0.497830 0.589135 3.624483 1.724951 17.580736 0.156806 0.024373
Pedestrian -1 -1 -10 746.000000 164.000000 768.000000 210.000000 1.786412 0.653189 0.813199 5.845483 1.039352 27.281435 1.339210 0.013207
Pedestrian -1 -1 -10 618.000000 172.000000 634.000000 211.000000 1.634674 0.557129 0.572566 0.916107 1.327871 28.581439 1.585584 0.011410
Pedestrian -1 -1 -10 575.000000 168.000000 599.000000 224.000000 1.694252 0.662192 0.567242 -0.466737 1.309706 21.863032 1.700006 0.011037
Pedestrian -1 -1 -10 568.000000 168.000000 583.000000 207.000000 1.765206 0.586838 0.815953 -1.078492 1.137289 29.697376 1.225258 0.010829
Cyclist -1 -1 -10 571.000000 166.000000 602.000000 228.000000 1.726783 0.644688 1.833082 -0.452811 1.341942 21.701022 1.810429 0.997466
Cyclist -1 -1 -10 523.000000 171.000000 544.000000 214.000000 1.782894 0.566939 1.763561 -2.804550 1.364329 29.109806 -1.573950 0.906152
Cyclist -1 -1 -10 710.000000 164.000000 760.000000 248.000000 1.797456 0.618161 1.704638 2.340454 1.387250 13.628612 -1.468308 0.661968
Cyclist -1 -1 -10 861.000000 184.000000 988.000000 370.000000 1.654968 0.562042 1.754588 2.458761 1.611946 4.885544 -1.014379 0.571820
Cyclist -1 -1 -10 615.000000 171.000000 637.000000 212.000000 1.673353 0.629420 1.695146 0.896359 1.290886 28.396103 1.606662 0.451299
Cyclist -1 -1 -10 730.000000 167.000000 782.000000 235.000000 1.699135 0.549550 1.666407 5.686170 1.141889 25.639955 -1.369251 0.411657
Cyclist -1 -1 -10 568.000000 168.000000 589.000000 211.000000 1.801145 0.582717 1.866078 -1.132004 1.220425 29.680915 1.349947 0.189098
Cyclist -1 -1 -10 736.000000 165.000000 757.000000 227.000000 1.684727 0.603600 1.672793 4.925796 0.743677 25.923346 3.286904 0.039421
Cyclist -1 -1 -10 422.000000 170.000000 461.000000 266.000000 1.824589 0.616374 1.722568 -3.144519 1.535957 13.258675 -1.842263 0.021380
Cyclist -1 -1 -10 749.000000 163.000000 776.000000 214.000000 1.754786 0.501169 1.666084 6.047471 1.098722 27.281878 -1.780178 0.020779
