Car -1 -1 -10 694.000000 185.000000 788.000000 257.000000 1.426058 1.558303 3.578589 2.899315 1.731776 16.426917 -1.566735 0.998976
Car -1 -1 -10 104.000000 185.000000 428.000000 273.000000 1.517110 1.611070 4.051029 -6.118719 1.784957 12.382447 0.047498 0.996499
Car -1 -1 -10 742.000000 175.000000 898.000000 233.000000 1.652611 1.677150 3.903372 6.441249 1.765726 21.607242 0.063262 0.996248
Car -1 -1 -10 -3.000000 185.000000 240.000000 326.000000 1.544327 1.607738 3.902357 -7.012917 1.706510 9.057772 -3.216795 0.977144
Car -1 -1 -10 369.000000 178.000000 493.000000 222.000000 1.562438 1.600240 4.041463 -6.581400 1.693335 26.467851 -3.065021 0.966950
Car -1 -1 -10 306.000000 180.000000 469.000000 239.000000 1.560193 1.563335 3.809282 -5.924632 1.727305 19.151069 0.126401 0.962845
Car -1 -1 -10 918.000000 159.000000 1248.000000 371.000000 1.559217 1.627815 3.887628 2.827296 1.559159 2.383345 -1.587499 0.959809
Car -1 -1 -10 413.000000 178.000000 529.000000 213.000000 1.566733 1.607005 3.721743 -5.818485 1.794153 31.615016 -1.664318 0.733494
Car -1 -1 -10 3.000000 164.000000 123.000000 369.000000 1.801239 1.621362 3.773395 -6.420704 1.690577 6.159329 1.583320 0.267869
Car -1 -1 -10 693.000000 177.000000 750.000000 206.000000 1.592424 1.599623 4.110424 5.567726 1.656397 36.106158 -0.129005 0.190417
