Pedestrian -1 -1 -10 668.000000 160.000000 725.000000 302.000000 1.721643 0.774863 0.849158 1.162395 1.423206 9.148795 -1.490776 0.998051
Pedestrian -1 -1 -10 608.000000 162.000000 660.000000 304.000000 1.698900 0.650163 0.739573 0.321292 1.505225 8.974239 -1.914777 0.994468
Pedestrian -1 -1 -10 231.000000 159.000000 287.000000 310.000000 1.711317 0.660233 0.904153 -4.103631 1.453774 8.577434 -1.984586 0.793245
Pedestrian -1 -1 -10 4.000000 169.000000 47.000000 299.000000 1.707055 0.557955 0.804997 -8.619510 1.535155 10.739851 1.983369 0.352061
Pedestrian -1 -1 -10 705.000000 156.000000 730.000000 232.000000 1.704714 0.618237 0.698517 3.308444 1.161726 20.505266 0.607138 0.312755
Pedestrian -1 -1 -10 714.000000 160.000000 743.000000 227.000000 1.765274 0.609124 0.783456 3.483696 1.209617 20.540658 -2.465816 0.087687
Pedestrian -1 -1 -10 363.000000 178.000000 379.000000 226.000000 1.778646 0.595269 0.763864 -7.625224 1.513416 23.575176 -1.325607 0.078284
Pedestrian -1 -1 -10 727.000000 161.000000 750.000000 222.000000 1.709686 0.626839 0.720434 3.483093 1.194472 18.303735 1.818825 0.054151
Pedestrian -1 -1 -10 690.000000 154.000000 728.000000 267.000000 1.721466 0.637257 0.790453 1.880382 1.631246 12.202021 -2.052220 0.042254
Pedestrian -1 -1 -10 704.000000 161.000000 809.000000 291.000000 1.803728 0.622005 1.093273 2.019510 1.978369 9.973998 -1.861383 0.035457
Pedestrian -1 -1 -10 616.000000 169.000000 646.000000 213.000000 1.806916 0.705970 0.680592 1.524423 1.343497 39.074299 -3.102057 0.033917
Pedestrian -1 -1 -10 651.000000 167.000000 671.000000 233.000000 1.733630 0.686275 0.765112 1.642813 1.269439 20.591908 -1.879986 0.030479
Pedestrian -1 -1 -10 246.000000 165.000000 353.000000 347.000000 1.658958 0.715896 0.624272 -2.694392 1.493912 6.877178 1.650152 0.026363
Pedestrian -1 -1 -10 522.000000 170.000000 530.000000 197.000000 1.796754 0.711117 0.857657 -5.329495 1.138279 50.647175 -1.634399 0.022159
Pedestrian -1 -1 -10 456.000000 167.000000 473.000000 202.000000 1.816384 0.660471 0.743972 -8.745236 0.624949 43.437913 0.442118 0.017518
Pedestrian -1 -1 -10 434.000000 171.000000 452.000000 210.000000 1.726448 0.659720 0.701593 -5.210435 1.226028 23.320861 -0.105547 0.017085
Pedestrian -1 -1 -10 631.000000 168.000000 651.000000 236.000000 1.802353 0.524499 0.687930 0.446039 1.417162 10.396206 0.618145 0.013257
Car -1 -1 -10 482.000000 168.000000 520.000000 204.000000 1.798551 1.749239 4.189160 -6.129871 1.118479 42.822219 1.548220 0.063864
Cyclist -1 -1 -10 428.000000 167.000000 489.000000 274.000000 1.763623 0.599359 1.839818 -2.359008 1.533514 12.164142 1.638282 0.999718
Cyclist -1 -1 -10 249.000000 162.000000 376.000000 369.000000 1.746682 0.630160 1.810332 -2.707674 1.614452 6.725971 1.512192 0.999701
Cyclist -1 -1 -10 702.000000 170.000000 823.000000 287.000000 1.715298 0.491135 1.726261 2.561731 1.607044 10.230388 -0.336367 0.588190
Cyclist -1 -1 -10 237.000000 162.000000 311.000000 318.000000 1.808079 0.547351 1.741247 -4.221761 1.595949 8.624844 -2.055484 0.289593
Cyclist -1 -1 -10 676.000000 158.000000 745.000000 297.000000 1.768123 0.658245 1.730587 1.184467 1.515863 9.125681 2.286272 0.086494
Cyclist -1 -1 -10 610.000000 164.000000 659.000000 299.000000 1.749041 0.627813 1.693941 0.369054 1.514854 8.910075 -1.582952 0.054973
Cyclist -1 -1 -10 4.000000 173.000000 73.000000 296.000000 1.733575 0.537596 1.753036 -8.595417 1.548816 10.712392 -2.398941 0.052073
Cyclist -1 -1 -10 702.000000 157.000000 734.000000 240.000000 1.797871 0.655231 1.774906 3.427821 1.247092 20.257314 -0.489331 0.051489
Cyclist -1 -1 -10 703.000000 161.000000 769.000000 251.000000 1.729255 0.543790 1.726238 3.398277 1.248558 18.114293 2.799028 0.048455
Cyclist -1 -1 -10 434.000000 171.000000 454.000000 213.000000 1.689123 0.547867 1.691213 -5.202807 1.171794 23.405126 -2.330382 0.041578
Cyclist -1 -1 -10 448.000000 170.000000 478.000000 206.000000 1.718626 0.618884 1.655284 -8.733644 0.591872 43.534927 1.767553 0.034094
Cyclist -1 -1 -10 651.000000 167.000000 671.000000 233.000000 1.767003 0.545170 1.722190 1.643131 1.284973 20.668477 -1.985912 0.027726
Cyclist -1 -1 -10 269.000000 174.000000 319.000000 277.000000 1.620597 0.320799 1.314635 -4.138124 1.530976 10.005359 -1.993748 0.021670
Cyclist -1 -1 -10 733.000000 167.000000 808.000000 241.000000 1.713211 0.536306 1.731811 3.744261 1.227305 15.848942 -1.863089 0.017008
