Car -1 -1 -10 896.000000 191.000000 1185.000000 291.000000 1.429590 1.566312 3.698261 6.522590 1.721724 11.144003 -0.030916 0.999603
Car -1 -1 -10 636.000000 179.000000 672.000000 208.000000 1.387537 1.598842 3.853045 2.352999 1.811848 37.646517 -1.570193 0.997764
Car -1 -1 -10 722.000000 180.000000 860.000000 230.000000 1.488966 1.644426 3.923202 5.754399 1.775649 23.165297 -0.082351 0.997250
Car -1 -1 -10 3.000000 187.000000 303.000000 335.000000 1.473968 1.593016 4.132829 -6.209341 1.655730 8.235343 -3.175268 0.997138
Car -1 -1 -10 177.000000 179.000000 431.000000 266.000000 1.575640 1.560610 3.954824 -5.827596 1.744109 14.169758 -0.054359 0.997129
Car -1 -1 -10 267.000000 174.000000 442.000000 244.000000 1.724725 1.680790 4.006434 -6.329235 1.744892 18.055193 -3.193967 0.977053
Car -1 -1 -10 840.000000 181.000000 1062.000000 274.000000 1.494301 1.581409 3.747926 6.493068 1.698254 13.493282 -0.036797 0.969282
Car -1 -1 -10 395.000000 176.000000 511.000000 214.000000 1.546464 1.614412 3.911479 -6.663895 1.806588 32.013778 -3.202869 0.933008
Car -1 -1 -10 325.000000 176.000000 468.000000 227.000000 1.444311 1.625722 3.902724 -5.866347 1.622161 22.038291 1.510554 0.924040
Car -1 -1 -10 1.000000 188.000000 139.000000 367.000000 1.458671 1.631386 4.034561 -6.295719 1.548851 6.240619 -3.238590 0.578248
