Car -1 -1 -10 739.000000 182.000000 954.000000 317.000000 1.445953 1.633310 4.092459 2.907692 1.607649 9.789531 -1.567578 0.999550
Car -1 -1 -10 682.000000 171.000000 739.000000 221.000000 1.493777 1.585969 3.835751 3.355958 1.573821 24.932999 -1.546923 0.997689
Car -1 -1 -10 -5.000000 188.000000 274.000000 372.000000 1.487288 1.598400 4.119379 -5.990081 1.607133 7.127812 -3.103639 0.993631
Car -1 -1 -10 102.000000 181.000000 371.000000 291.000000 1.540902 1.533301 3.944731 -6.442554 1.721431 12.051296 0.063634 0.987528
Car -1 -1 -10 302.000000 182.000000 487.000000 233.000000 1.576151 1.671278 4.215370 -5.825042 1.687723 21.424984 -0.122383 0.956595
Car -1 -1 -10 432.000000 175.000000 533.000000 209.000000 1.517330 1.586605 3.639558 -5.416954 1.604827 34.615773 -3.197791 0.946240
Car -1 -1 -10 377.000000 179.000000 502.000000 224.000000 1.602650 1.620001 3.868019 -6.023056 1.963983 27.353037 0.763191 0.778758
Car -1 -1 -10 471.000000 174.000000 556.000000 203.000000 1.572379 1.594555 3.889345 -5.059572 1.173320 39.152200 1.577050 0.261218
Car -1 -1 -10 663.000000 173.000000 691.000000 198.000000 1.439388 1.576450 3.605755 4.072071 1.589819 43.484385 -1.482322 0.207014
Car -1 -1 -10 257.000000 180.000000 389.000000 240.000000 1.616136 1.676259 4.133255 -7.640975 1.623401 18.111447 -3.075320 0.190814
Car -1 -1 -10 160.000000 180.000000 291.000000 216.000000 1.550512 1.612172 3.831117 -10.174934 1.361357 19.030303 -1.688762 0.037852
Car -1 -1 -10 674.000000 172.000000 712.000000 206.000000 1.484599 1.561794 3.573097 3.499489 1.449768 29.763948 -1.577492 0.037584
