Car -1 -1 -10 789.000000 180.000000 1204.000000 375.000000 1.498305 1.619187 3.744981 2.934748 1.592010 6.463084 -1.607148 0.999623
Car -1 -1 -10 532.000000 179.000000 568.000000 204.000000 1.488007 1.635526 3.724031 -3.607108 1.860113 43.247536 1.606042 0.999144
Car -1 -1 -10 271.000000 176.000000 410.000000 264.000000 1.614129 1.641548 4.003807 -6.028814 1.810904 16.822646 1.561867 0.998585
Car -1 -1 -10 368.000000 180.000000 456.000000 234.000000 1.479704 1.605998 3.955174 -6.261542 1.901743 23.529701 1.623384 0.997992
Car -1 -1 -10 0.000000 208.000000 257.000000 369.000000 1.446903 1.619939 3.910448 -6.024927 1.936975 8.669742 1.587906 0.995092
Car -1 -1 -10 448.000000 183.000000 498.000000 213.000000 1.425234 1.622524 4.249859 -6.467976 1.844449 34.493195 1.585998 0.918358
Car -1 -1 -10 691.000000 167.000000 768.000000 193.000000 1.544243 1.655547 4.142599 8.519089 1.482134 50.202749 -2.873569 0.879888
Car -1 -1 -10 963.000000 156.000000 1141.000000 224.000000 1.534799 1.686861 3.920607 14.531421 0.847655 24.058167 3.652847 0.126158
Car -1 -1 -10 917.000000 166.000000 1190.000000 313.000000 1.541192 1.628824 3.979295 2.976965 1.444076 6.610747 1.735100 0.021716
Cyclist -1 -1 -10 958.000000 154.000000 1145.000000 234.000000 1.832534 0.573796 1.532439 8.759593 1.470650 14.491026 0.602588 0.065440
