Pedestrian -1 -1 -10 454.000000 185.000000 477.000000 231.000000 1.690895 0.701769 0.710452 -5.237964 2.184333 25.790684 1.419885 0.045370
Car -1 -1 -10 645.000000 187.000000 727.000000 243.000000 1.528214 1.584893 3.494508 2.064809 1.938911 20.388628 -1.702864 0.998802
Car -1 -1 -10 387.000000 195.000000 451.000000 246.000000 1.460104 1.635253 3.661700 -6.085533 2.149066 22.935376 -1.773773 0.995795
Car -1 -1 -10 721.000000 184.000000 873.000000 301.000000 1.504041 1.584248 3.847407 2.846230 1.734675 11.374781 1.517305 0.994973
Car -1 -1 -10 562.000000 187.000000 600.000000 218.000000 1.490274 1.594061 3.581211 -1.553485 2.359477 39.149043 -1.772550 0.935552
Car -1 -1 -10 780.000000 143.000000 1241.000000 375.000000 1.880281 1.710492 4.305510 2.897951 1.745011 6.281676 -1.567167 0.872803
Car -1 -1 -10 610.000000 188.000000 673.000000 229.000000 1.536940 1.600111 3.719336 0.908597 1.942690 27.291592 -1.746109 0.020965
Car -1 -1 -10 421.000000 193.000000 461.000000 225.000000 1.435629 1.574794 3.450236 -4.509889 2.187759 19.779311 2.190161 0.015674
Cyclist -1 -1 -10 454.000000 185.000000 478.000000 233.000000 1.708811 0.541476 1.741205 -5.223593 2.178255 25.747247 1.413881 0.914187
Cyclist -1 -1 -10 478.000000 185.000000 498.000000 230.000000 1.716378 0.632496 1.809542 -4.675753 2.219186 27.747258 1.447837 0.883205
Cyclist -1 -1 -10 17.000000 206.000000 74.000000 291.000000 1.636346 0.648192 1.742447 -10.931359 2.451304 13.956404 2.442132 0.020400
