Pedestrian -1 -1 -10 308.000000 164.000000 324.000000 210.000000 1.790040 0.737957 0.750170 -11.717417 1.437289 28.811241 -1.993413 0.011309
Car -1 -1 -10 717.000000 191.000000 864.000000 284.000000 1.399912 1.583992 3.968848 3.036079 1.742548 12.986378 -1.600584 0.999318
Car -1 -1 -10 -6.000000 175.000000 257.000000 315.000000 1.545409 1.607342 3.686825 -6.336135 1.718992 8.704091 -3.202181 0.993115
Car -1 -1 -10 654.000000 173.000000 704.000000 216.000000 1.758642 1.671930 3.916470 3.013465 1.891117 32.272735 -1.593166 0.992947
Car -1 -1 -10 362.000000 177.000000 499.000000 228.000000 1.561395 1.618013 3.865686 -5.082129 1.781913 24.446905 0.793728 0.928775
Car -1 -1 -10 931.000000 231.000000 1251.000000 371.000000 1.475451 1.576739 3.739540 2.761709 1.746921 2.268195 -1.632176 0.855666
Car -1 -1 -10 418.000000 172.000000 525.000000 212.000000 1.581185 1.598767 3.739134 -5.723645 1.777407 29.848802 0.162985 0.669457
Car -1 -1 -10 699.000000 198.000000 759.000000 244.000000 1.520576 1.633147 3.841700 3.269249 1.712020 18.619477 -2.344694 0.463531
Car -1 -1 -10 464.000000 174.000000 537.000000 207.000000 1.602676 1.616918 3.833145 -5.980484 1.723357 37.147978 -3.098766 0.177402
Car -1 -1 -10 222.000000 188.000000 429.000000 248.000000 1.577753 1.649700 3.797490 -5.940242 1.631047 16.262114 -2.992660 0.103181
Car -1 -1 -10 304.000000 181.000000 469.000000 241.000000 1.609879 1.676542 4.022656 -5.580492 1.749094 18.575511 -2.913606 0.039158
Cyclist -1 -1 -10 701.000000 195.000000 766.000000 245.000000 1.673292 0.788766 1.691357 2.799616 2.116398 17.771394 -2.199346 0.345672
Cyclist -1 -1 -10 1082.000000 186.000000 1144.000000 230.000000 1.662818 0.823852 1.887021 18.147614 2.214224 26.139699 3.613732 0.258317
