Pedestrian -1 -1 -10 776.000000 154.000000 814.000000 265.000000 1.663056 0.619360 0.737295 2.865198 1.260815 10.958353 -1.798682 0.988082
Pedestrian -1 -1 -10 347.000000 142.000000 365.000000 203.000000 1.749167 0.506228 0.642907 -7.739801 0.601472 22.557758 1.747971 0.039442
Pedestrian -1 -1 -10 764.000000 160.000000 799.000000 260.000000 1.768257 0.734051 0.713997 2.783257 1.388722 11.037885 0.242285 0.037337
Pedestrian -1 -1 -10 495.000000 151.000000 505.000000 186.000000 1.731335 0.558776 0.591324 -5.720841 -0.003431 40.549382 -1.697119 0.032823
Pedestrian -1 -1 -10 518.000000 152.000000 527.000000 183.000000 1.830626 0.642689 0.906821 -5.087999 0.027179 46.307425 1.423213 0.030423
Pedestrian -1 -1 -10 850.000000 141.000000 868.000000 229.000000 1.701157 0.502465 0.698855 4.763443 1.320498 13.749733 0.935355 0.025309
Pedestrian -1 -1 -10 776.000000 149.000000 792.000000 214.000000 1.716446 0.570936 0.726947 3.873450 0.722975 15.691652 2.714093 0.023712
Pedestrian -1 -1 -10 826.000000 153.000000 846.000000 220.000000 1.738104 0.544417 0.636224 5.575309 1.510396 17.369492 3.309014 0.022627
Pedestrian -1 -1 -10 675.000000 153.000000 695.000000 224.000000 1.792472 0.662983 0.835960 2.273932 0.985021 19.715273 -1.408732 0.020021
Pedestrian -1 -1 -10 361.000000 157.000000 400.000000 211.000000 1.737733 0.493438 0.719784 -8.107666 0.918099 25.056818 0.282754 0.017586
Pedestrian -1 -1 -10 834.000000 149.000000 865.000000 223.000000 1.748139 0.531809 0.620125 6.436766 1.140452 18.481474 -1.632489 0.010219
Car -1 -1 -10 1197.000000 177.000000 1236.000000 256.000000 1.425204 1.577151 3.652208 11.285644 1.150742 13.001342 2.237071 0.043589
Cyclist -1 -1 -10 441.000000 157.000000 494.000000 251.000000 1.716248 0.588528 1.772638 -2.689889 1.314241 14.163088 1.604904 0.999383
Cyclist -1 -1 -10 345.000000 152.000000 416.000000 276.000000 1.718121 0.515871 1.760351 -3.451626 1.358494 11.314458 1.601008 0.999314
Cyclist -1 -1 -10 361.000000 157.000000 400.000000 211.000000 1.710570 0.547684 1.697425 -8.070231 0.699656 25.017458 -1.734115 0.037681
Cyclist -1 -1 -10 352.000000 151.000000 370.000000 199.000000 1.763408 0.647906 1.748959 -7.867618 0.599171 22.827252 -2.546592 0.023126
