Pedestrian -1 -1 -10 746.000000 160.000000 821.000000 353.000000 1.709555 0.687781 0.959022 1.664382 1.467861 6.729281 -1.415509 0.996964
Pedestrian -1 -1 -10 685.000000 160.000000 750.000000 353.000000 1.703148 0.586924 0.781464 0.995269 1.523893 6.541283 1.240250 0.996930
Pedestrian -1 -1 -10 211.000000 158.000000 284.000000 348.000000 1.775254 0.667595 0.946645 -3.491588 1.556762 7.033427 -1.551279 0.996112
Pedestrian -1 -1 -10 873.000000 159.000000 916.000000 259.000000 1.682476 0.643382 0.707979 4.764919 1.315517 11.711370 1.914314 0.963477
Pedestrian -1 -1 -10 789.000000 158.000000 820.000000 252.000000 1.797294 0.797781 0.567051 4.384885 1.407421 16.018761 1.939621 0.705701
Pedestrian -1 -1 -10 0.000000 148.000000 205.000000 370.000000 1.744434 0.819892 0.670133 -2.427860 1.563368 3.432553 1.509034 0.370438
Pedestrian -1 -1 -10 834.000000 160.000000 853.000000 218.000000 1.741399 0.660116 0.730855 7.533389 1.141674 22.347295 0.993240 0.099103
Pedestrian -1 -1 -10 694.000000 168.000000 719.000000 220.000000 1.807271 0.638393 0.622733 4.767939 1.457879 33.250438 -1.933425 0.080879
Pedestrian -1 -1 -10 775.000000 160.000000 829.000000 285.000000 1.704800 0.537897 0.644849 2.570919 1.035597 8.921541 0.918550 0.041444
Pedestrian -1 -1 -10 698.000000 168.000000 734.000000 240.000000 1.769066 0.629178 0.614998 5.029015 1.605826 30.162769 -0.936632 0.038831
Pedestrian -1 -1 -10 739.000000 162.000000 764.000000 259.000000 1.717189 0.572124 0.638075 3.647289 1.341411 17.608890 2.202462 0.011628
Car -1 -1 -10 530.000000 167.000000 579.000000 209.000000 1.804157 1.736105 4.105794 -2.329331 1.298917 36.657855 1.669160 0.022207
Cyclist -1 -1 -10 -3.000000 147.000000 208.000000 377.000000 1.671668 0.564337 1.694233 -2.488090 1.385119 3.140657 1.628454 0.976537
Cyclist -1 -1 -10 403.000000 170.000000 459.000000 241.000000 1.707320 0.598385 1.795127 -4.274325 1.476735 18.392285 0.818255 0.947282
Cyclist -1 -1 -10 869.000000 161.000000 920.000000 260.000000 1.766648 0.575763 1.739128 4.762423 1.360400 11.749502 1.961752 0.691681
Cyclist -1 -1 -10 855.000000 165.000000 982.000000 368.000000 1.671479 0.438208 1.682350 2.223473 1.790482 5.759880 2.565776 0.225942
Cyclist -1 -1 -10 788.000000 157.000000 822.000000 259.000000 1.705803 0.553827 1.722295 4.121603 1.411560 14.706771 -2.790177 0.163656
Cyclist -1 -1 -10 762.000000 159.000000 832.000000 321.000000 1.736827 0.472403 1.446473 2.146193 1.488579 8.131023 -0.651017 0.058708
Cyclist -1 -1 -10 693.000000 167.000000 724.000000 223.000000 1.648765 0.491860 1.626682 4.732662 1.311088 32.480535 0.721384 0.022593
