Car -1 -1 -10 361.000000 179.000000 464.000000 248.000000 1.492531 1.605905 3.715608 -4.853880 1.461390 18.359692 -1.544318 0.999263
Car -1 -1 -10 575.000000 172.000000 629.000000 224.000000 1.551090 1.694229 3.777585 -0.272448 1.132786 25.084537 -1.592770 0.998605
Car -1 -1 -10 155.000000 181.000000 320.000000 254.000000 1.508190 1.664781 4.092803 -8.535790 1.436987 17.194958 -1.586388 0.976481
Car -1 -1 -10 339.000000 180.000000 377.000000 207.000000 1.488967 1.638470 3.865831 -13.423857 1.251586 39.560300 -1.752745 0.839418
Car -1 -1 -10 505.000000 172.000000 547.000000 206.000000 1.477577 1.591973 3.835035 -4.435430 0.943083 40.777079 -1.608296 0.792512
Car -1 -1 -10 -6.000000 158.000000 251.000000 350.000000 1.748259 1.684609 4.046541 -4.586329 1.614851 5.929780 -1.593790 0.373240
Car -1 -1 -10 420.000000 180.000000 454.000000 209.000000 1.471020 1.595228 3.673516 -8.168400 0.876034 38.039916 -2.732943 0.134679
Car -1 -1 -10 11.000000 165.000000 210.000000 261.000000 1.504082 1.614447 3.841334 -12.887782 1.086186 19.634139 1.544297 0.042201
Car -1 -1 -10 385.000000 180.000000 433.000000 217.000000 1.528690 1.552478 3.475458 -9.704150 0.931548 39.025992 -1.847677 0.020028
Car -1 -1 -10 67.000000 176.000000 191.000000 239.000000 1.526755 1.649521 4.090349 -17.004833 0.950241 25.703107 1.985179 0.016555
Car -1 -1 -10 579.000000 173.000000 615.000000 204.000000 1.518967 1.561611 3.549393 -0.324046 0.600617 34.057044 -2.257106 0.011272
