Pedestrian -1 -1 -10 927.000000 154.000000 939.000000 197.000000 1.776996 0.543107 0.697301 4.607475 1.263955 10.679622 0.570724 0.171319
Pedestrian -1 -1 -10 927.000000 150.000000 951.000000 204.000000 1.780359 0.541713 0.699945 4.452962 1.238915 10.070777 0.575596 0.117185
Pedestrian -1 -1 -10 943.000000 145.000000 993.000000 221.000000 1.698259 0.553266 0.706171 6.391515 1.624448 13.248775 0.605533 0.069186
Pedestrian -1 -1 -10 968.000000 144.000000 989.000000 213.000000 1.771916 0.540890 0.694282 4.987158 1.258928 10.116599 0.626455 0.061267
Pedestrian -1 -1 -10 923.000000 149.000000 968.000000 216.000000 1.782713 0.520929 0.690371 4.113464 1.302920 9.153001 0.593700 0.059076
Pedestrian -1 -1 -10 963.000000 150.000000 1006.000000 195.000000 1.785961 0.533846 0.696680 4.866880 1.295888 9.676109 0.630147 0.011171
Car -1 -1 -10 332.000000 191.000000 467.000000 282.000000 1.486628 1.566460 3.661415 -3.934236 1.907896 13.802274 1.587727 0.998957
Car -1 -1 -10 651.000000 179.000000 700.000000 219.000000 1.446667 1.580206 4.005288 2.459353 1.717980 28.591813 -1.597753 0.998850
Car -1 -1 -10 6.000000 202.000000 369.000000 375.000000 1.462308 1.667776 4.153080 -3.681290 1.771001 6.545586 1.539235 0.995359
Car -1 -1 -10 796.000000 161.000000 954.000000 220.000000 1.575226 1.627135 3.901298 7.685253 1.491077 21.582304 3.091306 0.973246
Car -1 -1 -10 483.000000 183.000000 518.000000 209.000000 1.596465 1.603117 3.966661 -6.806866 2.189203 43.937406 1.692942 0.949909
Car -1 -1 -10 434.000000 183.000000 489.000000 223.000000 1.595949 1.695725 4.127726 -6.827906 2.075666 31.724217 1.734543 0.947338
Car -1 -1 -10 0.000000 215.000000 155.000000 345.000000 1.417077 1.569563 3.995479 -4.262387 1.853075 6.751811 1.391103 0.171159
Car -1 -1 -10 747.000000 163.000000 863.000000 207.000000 1.588151 1.633720 4.045049 7.854813 1.321095 30.907744 3.061090 0.075412
Car -1 -1 -10 980.000000 149.000000 1060.000000 184.000000 1.571180 1.627055 3.923478 22.132580 0.527193 39.631223 0.405988 0.026113
Car -1 -1 -10 894.000000 160.000000 980.000000 217.000000 1.574529 1.628154 3.735750 9.478247 1.372520 24.210994 -2.654185 0.018075
Car -1 -1 -10 360.000000 192.000000 435.000000 228.000000 1.521889 1.595556 3.744683 -6.533989 2.234355 21.760667 1.643964 0.015841
Cyclist -1 -1 -10 939.000000 146.000000 991.000000 220.000000 1.699571 0.520217 1.536445 7.212336 1.187046 15.093721 -1.158740 0.270086
Cyclist -1 -1 -10 925.000000 151.000000 970.000000 216.000000 1.743340 0.513508 1.514647 4.635151 1.288534 10.227973 -1.148791 0.243911
Cyclist -1 -1 -10 962.000000 145.000000 985.000000 218.000000 1.693224 0.519176 1.541853 7.343171 1.183206 15.040759 -1.153168 0.047066
Cyclist -1 -1 -10 928.000000 151.000000 951.000000 205.000000 1.696422 0.520821 1.535247 6.654910 1.170103 15.027300 -1.188584 0.030906
Cyclist -1 -1 -10 972.000000 146.000000 994.000000 204.000000 1.701148 0.524741 1.544706 7.458977 1.201291 14.891264 -1.140646 0.019106
