Car -1 -1 -10 644.000000 176.000000 677.000000 203.000000 1.526055 1.657260 3.983421 2.794207 1.642863 41.307244 1.533926 0.999554
Car -1 -1 -10 732.000000 188.000000 941.000000 340.000000 1.518182 1.567455 3.555753 2.549712 1.752258 8.849367 -1.494557 0.999341
Car -1 -1 -10 424.000000 171.000000 534.000000 258.000000 1.637872 1.684253 3.934248 -2.817314 1.661567 16.379954 1.570750 0.999210
Car -1 -1 -10 -3.000000 173.000000 298.000000 289.000000 1.449880 1.608662 3.975756 -6.989801 1.506303 10.222765 -3.121785 0.998597
Car -1 -1 -10 841.000000 187.000000 1252.000000 374.000000 1.522839 1.548508 3.630593 2.507383 1.629240 3.842535 -1.579035 0.883804
Car -1 -1 -10 504.000000 178.000000 561.000000 225.000000 1.528307 1.594195 3.780557 -3.089536 1.622874 24.005994 -2.819188 0.710821
Car -1 -1 -10 526.000000 174.000000 574.000000 240.000000 1.522916 1.617837 3.810767 -2.468984 1.778743 24.127993 -1.660762 0.033247
Car -1 -1 -10 466.000000 173.000000 588.000000 248.000000 1.530352 1.616203 3.906502 -3.035908 1.755001 23.987513 -3.122746 0.026975
Cyclist -1 -1 -10 536.000000 168.000000 579.000000 269.000000 1.744076 0.650472 1.800016 -0.910577 1.635441 12.766833 1.682925 0.999232
Cyclist -1 -1 -10 509.000000 178.000000 568.000000 234.000000 1.725502 0.558600 1.791721 -2.405945 1.668929 22.908258 1.524012 0.146925
Cyclist -1 -1 -10 541.000000 174.000000 569.000000 241.000000 1.680113 0.545143 1.605648 -1.960906 2.634403 21.852844 -1.674200 0.010362
