Car -1 -1 -10 714.000000 181.000000 878.000000 289.000000 1.427845 1.628701 3.976277 2.789716 1.560459 11.625446 -1.572085 0.999705
Car -1 -1 -10 -6.000000 193.000000 331.000000 336.000000 1.442890 1.599810 4.024275 -6.029077 1.720603 8.983885 -3.098944 0.998180
Car -1 -1 -10 670.000000 171.000000 724.000000 216.000000 1.451158 1.586154 3.717790 3.156397 1.542905 26.721175 -1.563280 0.997019
Car -1 -1 -10 164.000000 181.000000 390.000000 272.000000 1.538920 1.552267 3.888351 -6.444507 1.775782 14.209761 0.154718 0.979299
Car -1 -1 -10 361.000000 180.000000 498.000000 226.000000 1.531389 1.623997 4.057483 -5.873678 1.672356 23.284209 -0.089386 0.955812
Car -1 -1 -10 6.000000 196.000000 179.000000 372.000000 1.497676 1.643002 4.039245 -6.422283 1.736741 6.525106 -3.174685 0.878189
Car -1 -1 -10 462.000000 174.000000 546.000000 204.000000 1.508277 1.614181 3.902639 -5.445464 1.602518 40.095916 -3.069125 0.821446
Car -1 -1 -10 425.000000 177.000000 526.000000 209.000000 1.405031 1.534457 3.266910 -4.049564 1.613977 21.141852 2.207718 0.674132
Car -1 -1 -10 303.000000 183.000000 464.000000 235.000000 1.723020 1.692429 4.154239 -6.411167 1.650249 20.355825 -3.056421 0.372805
Car -1 -1 -10 656.000000 172.000000 692.000000 198.000000 1.468265 1.573695 3.488894 1.357907 1.059488 16.226376 2.581413 0.064796
Car -1 -1 -10 1.000000 206.000000 119.000000 323.000000 1.571129 1.513061 3.640729 -6.292790 1.603302 9.456610 0.216695 0.050717
Car -1 -1 -10 265.000000 182.000000 393.000000 230.000000 1.724051 1.710106 4.153573 -7.800985 1.649607 20.082097 -3.130819 0.049206
