Pedestrian -1 -1 -10 455.000000 161.000000 474.000000 223.000000 1.769631 0.703028 0.610351 -3.767361 1.496256 18.407452 -1.724801 0.650244
Car -1 -1 -10 369.000000 174.000000 530.000000 288.000000 1.546138 1.644382 4.052044 -2.336969 1.571342 11.411928 -1.578310 0.999444
Car -1 -1 -10 748.000000 164.000000 981.000000 341.000000 1.645533 1.647603 3.854078 2.687015 1.581229 8.534093 -1.550051 0.999227
Car -1 -1 -10 467.000000 173.000000 572.000000 248.000000 1.521082 1.666570 4.183414 -2.109865 1.585812 16.644905 -1.484077 0.997945
Car -1 -1 -10 681.000000 173.000000 726.000000 210.000000 1.469599 1.579094 3.847555 3.857907 1.472427 29.775478 -1.564879 0.997783
Car -1 -1 -10 577.000000 170.000000 610.000000 199.000000 1.550929 1.624748 3.707588 -1.033406 1.451048 43.446143 -1.580580 0.993575
Car -1 -1 -10 715.000000 172.000000 830.000000 265.000000 1.458876 1.586019 3.779555 3.080255 1.583083 13.889733 -1.539301 0.981744
Car -1 -1 -10 670.000000 171.000000 705.000000 201.000000 1.535900 1.562549 3.717819 4.542946 1.562965 42.092255 -1.552636 0.188958
Car -1 -1 -10 665.000000 171.000000 690.000000 196.000000 1.528691 1.552476 3.475460 3.787820 1.838062 42.739621 -1.484922 0.037214
Cyclist -1 -1 -10 452.000000 159.000000 477.000000 223.000000 1.723535 0.598435 1.650263 -3.800502 1.147628 18.794726 2.431232 0.078585
Cyclist -1 -1 -10 409.000000 168.000000 446.000000 221.000000 1.646199 0.521201 1.700781 -4.818005 0.895062 17.696527 -1.452983 0.025192
