Pedestrian -1 -1 -10 564.000000 138.000000 602.000000 234.000000 1.780428 0.677360 0.972956 -0.537316 0.945421 13.687109 1.347833 0.998068
Pedestrian -1 -1 -10 605.000000 135.000000 638.000000 231.000000 1.828928 0.714110 0.995916 0.245162 0.922833 13.931708 1.167674 0.997351
Pedestrian -1 -1 -10 816.000000 139.000000 903.000000 368.000000 1.825930 0.812672 0.889959 2.038601 1.455496 5.569015 0.952785 0.995139
Pedestrian -1 -1 -10 525.000000 140.000000 559.000000 222.000000 1.775647 0.711618 0.801142 -1.379927 0.909273 15.410973 1.452493 0.987270
Pedestrian -1 -1 -10 893.000000 135.000000 993.000000 351.000000 1.762353 0.623192 0.914288 2.890935 1.364417 6.264571 -2.047015 0.978279
Pedestrian -1 -1 -10 488.000000 138.000000 514.000000 217.000000 1.808803 0.648924 0.863707 -2.490806 0.898720 16.564789 0.913195 0.943724
Pedestrian -1 -1 -10 687.000000 145.000000 703.000000 204.000000 1.760248 0.578311 0.558595 2.805153 0.671909 21.948451 3.094344 0.862378
Pedestrian -1 -1 -10 520.000000 139.000000 543.000000 215.000000 1.690557 0.531208 0.533858 -1.783996 0.831210 16.532600 2.007229 0.686313
Pedestrian -1 -1 -10 560.000000 142.000000 587.000000 218.000000 1.779116 0.622707 0.776713 -0.559055 0.899942 13.966970 1.482527 0.557077
Pedestrian -1 -1 -10 438.000000 143.000000 469.000000 220.000000 1.784942 0.633158 0.805427 -3.320730 0.888579 15.145229 0.904222 0.444895
Pedestrian -1 -1 -10 252.000000 134.000000 284.000000 253.000000 1.833865 0.705381 1.071730 -5.845393 1.091524 12.055610 2.135637 0.443826
Pedestrian -1 -1 -10 466.000000 143.000000 494.000000 216.000000 1.920108 0.734551 1.036885 -3.180123 0.899278 17.965218 0.936780 0.399055
Pedestrian -1 -1 -10 265.000000 138.000000 302.000000 242.000000 1.747766 0.622213 0.650543 -5.294300 1.022814 11.704221 -0.001810 0.344479
Pedestrian -1 -1 -10 543.000000 140.000000 575.000000 214.000000 1.788120 0.587249 0.841824 -0.996676 0.846599 15.879320 0.461435 0.223828
Pedestrian -1 -1 -10 538.000000 143.000000 561.000000 206.000000 1.766132 0.578041 0.744666 -0.876043 0.946162 9.814439 0.030720 0.202825
Pedestrian -1 -1 -10 502.000000 143.000000 519.000000 206.000000 1.764232 0.633239 0.662916 -2.807928 0.397044 21.787378 -1.743159 0.141127
Pedestrian -1 -1 -10 579.000000 139.000000 600.000000 197.000000 1.741543 0.613395 0.659177 -0.489416 0.369102 22.667011 -2.039503 0.122262
Pedestrian -1 -1 -10 547.000000 141.000000 564.000000 191.000000 1.765607 0.570921 0.709732 -2.029872 0.752301 28.978304 0.461472 0.112723
Cyclist -1 -1 -10 436.000000 143.000000 471.000000 232.000000 1.764555 0.603181 1.815176 -3.332524 0.903954 15.332045 1.735140 0.791356
Cyclist -1 -1 -10 402.000000 145.000000 484.000000 223.000000 1.737706 0.696443 1.801837 -3.349736 0.839428 15.174008 0.716111 0.521461
Cyclist -1 -1 -10 276.000000 139.000000 321.000000 226.000000 1.841215 0.603784 1.695498 -7.867247 0.672872 17.665514 -1.932592 0.343450
Cyclist -1 -1 -10 260.000000 135.000000 295.000000 245.000000 1.756958 0.487832 1.724985 -5.749594 1.155615 12.043193 -2.401344 0.210228
Cyclist -1 -1 -10 466.000000 144.000000 490.000000 214.000000 1.806768 0.559335 1.746788 -3.193595 0.865998 17.623488 1.413279 0.201023
Cyclist -1 -1 -10 385.000000 152.000000 452.000000 208.000000 1.719508 0.542101 1.782175 -6.417192 0.571821 23.721985 0.796945 0.165170
Cyclist -1 -1 -10 289.000000 151.000000 350.000000 207.000000 1.697031 0.481972 1.444753 -8.006668 1.110226 20.164219 -1.987233 0.156401
Cyclist -1 -1 -10 327.000000 151.000000 391.000000 199.000000 1.747686 0.590974 1.639921 -5.604119 1.137829 15.582317 -0.255460 0.141880
Cyclist -1 -1 -10 363.000000 149.000000 427.000000 205.000000 1.692746 0.517147 1.560297 -6.040234 1.019956 19.814694 -1.897909 0.090996
Cyclist -1 -1 -10 416.000000 145.000000 437.000000 195.000000 1.725733 0.513077 1.687258 -5.985797 0.624421 23.562416 -2.204123 0.069238
Cyclist -1 -1 -10 402.000000 143.000000 427.000000 190.000000 1.724315 0.575416 1.763202 -6.619612 0.492106 24.231552 -1.956370 0.061299
Cyclist -1 -1 -10 521.000000 140.000000 547.000000 213.000000 1.657770 0.498757 1.663547 -1.797113 0.697384 16.445750 -1.746658 0.052965
Cyclist -1 -1 -10 563.000000 140.000000 601.000000 231.000000 1.819462 0.598509 1.810690 -0.537910 0.972633 13.637204 1.512102 0.021509
Cyclist -1 -1 -10 535.000000 141.000000 560.000000 208.000000 1.726542 0.525286 1.510147 -1.578649 1.345852 16.225962 -1.664092 0.020627
Cyclist -1 -1 -10 545.000000 141.000000 562.000000 188.000000 1.669146 0.593536 1.658443 -2.049809 0.614295 29.098595 2.577682 0.016583
Cyclist -1 -1 -10 579.000000 139.000000 600.000000 197.000000 1.645883 0.736425 1.745745 -0.761417 0.078946 22.674252 3.070004 0.015117
