Pedestrian -1 -1 -10 677.000000 140.000000 737.000000 298.000000 1.785457 0.654196 0.814500 1.185018 1.323703 8.560955 1.541523 0.998577
Pedestrian -1 -1 -10 743.000000 144.000000 812.000000 300.000000 1.741676 0.600498 0.755283 1.911896 1.323820 8.303527 1.284797 0.998127
Pedestrian -1 -1 -10 834.000000 143.000000 891.000000 302.000000 1.712760 0.635038 0.734528 2.951576 1.254596 8.128343 1.383566 0.997461
Pedestrian -1 -1 -10 494.000000 141.000000 543.000000 294.000000 1.807646 0.721107 0.921439 -1.125841 1.343973 8.843152 1.534013 0.997406
Pedestrian -1 -1 -10 1012.000000 126.000000 1135.000000 369.000000 1.707699 0.657285 0.574861 2.762995 1.358365 4.273335 1.171882 0.997006
Pedestrian -1 -1 -10 915.000000 137.000000 1070.000000 368.000000 1.694098 0.619441 0.725374 2.143081 1.422515 4.000157 1.414706 0.994570
Pedestrian -1 -1 -10 565.000000 138.000000 613.000000 280.000000 1.803367 0.647828 0.879751 -0.299925 1.300987 9.647077 0.982824 0.993121
Pedestrian -1 -1 -10 910.000000 143.000000 959.000000 297.000000 1.678134 0.527098 0.738340 3.799583 1.209182 8.250320 1.480121 0.992095
Pedestrian -1 -1 -10 632.000000 138.000000 675.000000 266.000000 1.834440 0.677810 0.935444 0.723531 1.308540 10.503684 1.120398 0.991573
Pedestrian -1 -1 -10 534.000000 146.000000 579.000000 283.000000 1.788586 0.656233 0.893387 -0.721635 1.363777 9.449431 0.542234 0.988211
Pedestrian -1 -1 -10 610.000000 159.000000 654.000000 276.000000 1.731101 0.665256 0.794237 0.358420 1.329295 10.011268 0.586464 0.974244
Pedestrian -1 -1 -10 479.000000 140.000000 507.000000 229.000000 1.800478 0.644316 0.730624 -2.355956 0.948300 14.238709 1.273339 0.958942
Pedestrian -1 -1 -10 252.000000 135.000000 295.000000 260.000000 1.873322 0.636587 0.997255 -5.393239 1.174026 11.545335 0.648161 0.632631
Pedestrian -1 -1 -10 591.000000 138.000000 624.000000 224.000000 1.772470 0.589792 0.815001 -0.069400 0.863060 14.620733 1.621960 0.560631
Pedestrian -1 -1 -10 673.000000 146.000000 692.000000 205.000000 1.826525 0.630866 0.648068 2.410214 0.637183 22.224795 1.601287 0.559443
Pedestrian -1 -1 -10 960.000000 167.000000 988.000000 224.000000 1.742303 0.616856 0.600419 9.132466 1.080646 17.546937 -1.636095 0.447481
Pedestrian -1 -1 -10 917.000000 149.000000 1003.000000 309.000000 1.716804 0.597831 0.661811 2.106031 1.416124 4.004295 0.450532 0.234633
Pedestrian -1 -1 -10 561.000000 142.000000 580.000000 207.000000 1.681059 0.607188 0.633973 -0.750738 1.420178 14.479500 -2.165641 0.170175
Pedestrian -1 -1 -10 247.000000 138.000000 345.000000 251.000000 1.837639 0.617302 0.828562 -5.321305 1.089382 12.408635 0.124632 0.117050
Pedestrian -1 -1 -10 653.000000 144.000000 674.000000 222.000000 1.777829 0.655161 0.607241 1.192672 0.932377 14.907165 1.182749 0.096316
Pedestrian -1 -1 -10 490.000000 139.000000 507.000000 203.000000 1.705730 0.637387 0.631260 -3.429360 1.595522 22.100062 -2.236326 0.085572
Pedestrian -1 -1 -10 546.000000 145.000000 565.000000 189.000000 1.740013 0.588508 0.738895 -0.852318 1.115571 10.001393 0.052204 0.060669
Pedestrian -1 -1 -10 518.000000 144.000000 537.000000 197.000000 1.740843 0.582795 0.743717 -1.120647 0.867938 8.746549 2.885033 0.058820
Pedestrian -1 -1 -10 495.000000 141.000000 512.000000 185.000000 1.719870 0.553512 0.651054 -5.255340 -0.242379 36.106209 -3.259946 0.038825
Pedestrian -1 -1 -10 285.000000 141.000000 337.000000 227.000000 1.672698 0.562421 0.534637 -6.337709 1.555625 15.530624 -1.480003 0.019787
Pedestrian -1 -1 -10 842.000000 161.000000 887.000000 225.000000 1.774993 0.518094 0.650824 3.189009 1.408339 8.936772 0.924478 0.010039
Cyclist -1 -1 -10 281.000000 142.000000 342.000000 234.000000 1.738884 0.506524 1.464166 -6.223812 1.186726 15.612267 0.204655 0.876213
Cyclist -1 -1 -10 248.000000 137.000000 310.000000 262.000000 1.812832 0.611196 1.718830 -5.376153 1.144265 11.470995 0.622814 0.599580
Cyclist -1 -1 -10 334.000000 145.000000 381.000000 198.000000 1.776119 0.446248 1.625656 -8.448058 0.510183 23.711550 -1.981403 0.524998
Cyclist -1 -1 -10 300.000000 148.000000 371.000000 208.000000 1.755445 0.514477 1.463534 -6.577359 1.346843 16.529312 -1.971313 0.253021
Cyclist -1 -1 -10 543.000000 147.000000 568.000000 189.000000 1.678794 0.466283 1.485554 -0.946679 0.933495 13.078516 -1.681059 0.163404
Cyclist -1 -1 -10 554.000000 145.000000 576.000000 196.000000 1.710241 0.535687 1.605513 -1.719275 0.129271 29.021415 -1.642170 0.045354
Cyclist -1 -1 -10 589.000000 140.000000 621.000000 222.000000 1.804313 0.610383 1.795442 -0.030066 0.859406 14.738956 1.542469 0.036647
Cyclist -1 -1 -10 478.000000 139.000000 507.000000 231.000000 1.848861 0.683720 1.751064 -2.305433 0.977665 14.277295 1.473208 0.022863
Cyclist -1 -1 -10 513.000000 143.000000 534.000000 187.000000 1.695048 0.475275 1.521627 -1.372803 0.638820 10.733899 -1.736958 0.020345
Cyclist -1 -1 -10 494.000000 140.000000 512.000000 187.000000 1.695241 0.585316 1.687671 -5.475790 -0.405932 36.511642 -2.250138 0.013190
Cyclist -1 -1 -10 493.000000 140.000000 539.000000 291.000000 1.866623 0.602015 1.772068 -1.107562 1.373646 8.881520 1.454816 0.011588
Cyclist -1 -1 -10 569.000000 139.000000 615.000000 265.000000 1.853938 0.696207 1.849952 -0.235269 1.280410 9.699875 1.607482 0.011215
Cyclist -1 -1 -10 960.000000 167.000000 989.000000 225.000000 1.694037 0.572163 1.664074 9.105191 0.927398 17.618696 -1.080356 0.011006
