Pedestrian -1 -1 -10 960.000000 160.000000 992.000000 235.000000 1.777026 0.616635 0.871000 8.420729 1.422897 16.711255 -1.553065 0.840957
Pedestrian -1 -1 -10 927.000000 161.000000 957.000000 232.000000 1.701662 0.654382 0.768345 7.739489 1.490467 16.855515 -1.540951 0.186726
Pedestrian -1 -1 -10 931.000000 162.000000 984.000000 235.000000 1.790419 0.614483 0.681646 7.935429 1.615890 16.674323 1.010789 0.015040
Cyclist -1 -1 -10 886.000000 159.000000 947.000000 252.000000 1.769476 0.519059 1.803695 5.819902 1.468458 13.898412 -1.614129 0.999662
Cyclist -1 -1 -10 921.000000 162.000000 959.000000 238.000000 1.764949 0.495880 1.669331 7.825002 1.467980 16.994226 -0.683164 0.913639
Cyclist -1 -1 -10 954.000000 162.000000 997.000000 235.000000 1.765885 0.650389 1.806080 8.417363 1.520412 16.869705 3.511581 0.756459
Cyclist -1 -1 -10 770.000000 169.000000 786.000000 211.000000 1.720469 0.544876 1.725757 7.043476 1.545435 30.291470 1.667040 0.592038
Cyclist -1 -1 -10 910.000000 163.000000 1006.000000 235.000000 1.774600 0.563694 1.817231 8.262369 1.437253 16.820190 0.080378 0.399386
Cyclist -1 -1 -10 939.000000 169.000000 966.000000 222.000000 1.727236 0.507192 1.691544 7.849717 1.409949 16.833829 -0.580423 0.089913
Cyclist -1 -1 -10 909.000000 163.000000 942.000000 205.000000 1.696200 0.337730 1.412648 8.770436 1.445624 19.827866 -1.182725 0.071620
Cyclist -1 -1 -10 972.000000 171.000000 1020.000000 226.000000 1.701356 0.475496 1.630140 9.581864 2.090531 17.172527 -1.566078 0.020571
Cyclist -1 -1 -10 947.000000 168.000000 980.000000 211.000000 1.638456 0.619838 1.595640 8.332865 1.202546 16.816285 1.997181 0.017081
