Pedestrian -1 -1 -10 652.000000 167.000000 690.000000 280.000000 1.699621 0.608765 0.877069 1.028633 1.483150 11.217983 -1.830682 0.998217
Pedestrian -1 -1 -10 706.000000 164.000000 744.000000 277.000000 1.755623 0.654201 0.986067 1.864073 1.392871 11.295536 -1.538520 0.986167
Pedestrian -1 -1 -10 352.000000 168.000000 395.000000 286.000000 1.698730 0.635316 0.989172 -3.491950 1.468797 10.860690 -1.412196 0.980004
Pedestrian -1 -1 -10 481.000000 172.000000 501.000000 218.000000 1.791181 0.639462 0.882337 -4.058207 1.357740 26.358022 -1.137034 0.362142
Pedestrian -1 -1 -10 742.000000 164.000000 762.000000 220.000000 1.731502 0.611381 0.856658 4.692510 1.175243 22.407706 -1.315234 0.104164
Pedestrian -1 -1 -10 736.000000 162.000000 754.000000 223.000000 1.769854 0.588010 0.742891 4.638110 1.127567 23.746550 1.303627 0.075658
Pedestrian -1 -1 -10 728.000000 161.000000 747.000000 230.000000 1.770789 0.590290 0.717687 4.607749 1.136594 23.868250 1.753532 0.029765
Cyclist -1 -1 -10 492.000000 166.000000 533.000000 260.000000 1.745172 0.603515 1.803688 -1.854757 1.478853 15.100935 1.675814 0.999065
Cyclist -1 -1 -10 559.000000 170.000000 592.000000 229.000000 1.722216 0.572651 1.763214 -0.813013 1.401141 21.145568 1.816809 0.993981
Cyclist -1 -1 -10 525.000000 167.000000 552.000000 226.000000 1.740676 0.590882 1.776660 -2.110106 1.398930 23.814817 1.383510 0.762865
Cyclist -1 -1 -10 503.000000 167.000000 555.000000 251.000000 1.741613 0.602133 1.836499 -1.910435 1.467849 15.111181 1.674322 0.362454
Cyclist -1 -1 -10 705.000000 162.000000 746.000000 272.000000 1.842289 0.516306 1.697059 1.810819 1.539138 11.415970 -1.872129 0.176090
Cyclist -1 -1 -10 733.000000 164.000000 762.000000 224.000000 1.744424 0.467834 1.562164 4.908870 1.199539 23.448064 2.261982 0.067428
Cyclist -1 -1 -10 479.000000 171.000000 501.000000 218.000000 1.769464 0.483039 1.683688 -4.104032 1.346056 26.714574 1.888756 0.067099
Cyclist -1 -1 -10 711.000000 168.000000 780.000000 249.000000 1.678766 0.559247 1.667757 3.071688 1.594650 14.148253 -0.445381 0.052915
Cyclist -1 -1 -10 529.000000 170.000000 562.000000 207.000000 1.681971 0.548277 1.606574 -3.238048 1.160244 45.147013 -1.668818 0.045425
Cyclist -1 -1 -10 349.000000 168.000000 395.000000 285.000000 1.820762 0.539888 1.715113 -3.517602 1.573836 10.825015 -1.755483 0.042094
Cyclist -1 -1 -10 487.000000 169.000000 517.000000 231.000000 1.668813 0.476423 1.539090 -1.564426 1.029996 10.113953 -1.765693 0.028988
Cyclist -1 -1 -10 2.000000 145.000000 65.000000 249.000000 1.684240 0.683879 1.666674 -10.173365 1.635427 13.216399 -2.226661 0.014817
Cyclist -1 -1 -10 654.000000 167.000000 692.000000 280.000000 1.777241 0.537494 1.707397 1.047114 1.539383 11.205694 -1.841916 0.013725
