Pedestrian -1 -1 -10 0.000000 190.000000 101.000000 376.000000 1.703389 0.634218 0.868285 -5.353760 1.724031 6.803316 -3.785057 0.031498
Car -1 -1 -10 736.000000 193.000000 944.000000 327.000000 1.470645 1.573312 3.628222 2.867565 1.743753 9.647283 -1.579480 0.998775
Car -1 -1 -10 -8.000000 183.000000 298.000000 331.000000 1.524687 1.606030 4.038405 -6.151472 1.671662 9.305286 0.347640 0.998096
Car -1 -1 -10 636.000000 178.000000 668.000000 205.000000 1.519038 1.676990 4.073175 2.651759 1.874933 43.674915 -1.538191 0.997370
Car -1 -1 -10 783.000000 175.000000 1046.000000 262.000000 1.652946 1.669942 4.173161 5.914400 1.714046 14.701016 -0.049453 0.988796
Car -1 -1 -10 280.000000 181.000000 444.000000 242.000000 1.599170 1.638987 4.069869 -6.798303 1.804748 18.701133 -3.220785 0.974980
Car -1 -1 -10 725.000000 180.000000 819.000000 227.000000 1.481892 1.599865 4.098389 6.342517 1.936966 25.356442 -0.156194 0.968948
Car -1 -1 -10 744.000000 180.000000 873.000000 236.000000 1.491595 1.560040 3.794130 6.189424 1.625828 20.594638 0.084451 0.967384
Car -1 -1 -10 128.000000 180.000000 386.000000 271.000000 1.696289 1.618261 4.024326 -6.218516 1.834060 13.546850 -0.162777 0.847880
Car -1 -1 -10 329.000000 174.000000 477.000000 231.000000 1.591135 1.616027 3.948585 -6.723046 1.817033 23.917362 -3.214876 0.845092
Car -1 -1 -10 450.000000 179.000000 533.000000 209.000000 1.545375 1.562825 3.829023 -6.237100 1.916099 37.835853 0.039018 0.344308
Car -1 -1 -10 0.000000 191.000000 102.000000 376.000000 1.480530 1.659519 4.143242 -5.616985 1.751044 6.381639 1.047206 0.327461
