Pedestrian -1 -1 -10 609.000000 161.000000 662.000000 309.000000 1.711568 0.628775 0.761605 0.298538 1.548021 8.499514 -1.984758 0.997154
Pedestrian -1 -1 -10 668.000000 161.000000 725.000000 306.000000 1.771522 0.693361 0.916062 1.035530 1.485417 8.771284 -1.595900 0.996353
Pedestrian -1 -1 -10 714.000000 162.000000 736.000000 232.000000 1.713261 0.713409 0.828192 3.360418 1.180534 19.703911 -0.904621 0.500849
Pedestrian -1 -1 -10 197.000000 161.000000 281.000000 349.000000 1.815542 0.629266 0.812554 -4.046674 1.507492 8.129613 2.227958 0.419151
Pedestrian -1 -1 -10 734.000000 163.000000 757.000000 233.000000 1.694979 0.639020 0.680079 3.426536 1.234281 17.282950 -1.412346 0.284628
Pedestrian -1 -1 -10 107.000000 163.000000 268.000000 375.000000 1.617676 0.651923 0.515495 -2.675674 1.512717 4.987442 1.592995 0.067245
Pedestrian -1 -1 -10 370.000000 178.000000 381.000000 212.000000 1.739023 0.624935 0.695720 -10.370158 1.477926 32.873381 -0.328587 0.063438
Pedestrian -1 -1 -10 648.000000 168.000000 668.000000 232.000000 1.738981 0.625221 0.905781 1.563648 1.308625 20.125648 -1.631460 0.050295
Pedestrian -1 -1 -10 387.000000 172.000000 396.000000 203.000000 1.741823 0.648194 0.709232 -10.090644 1.218470 34.291801 1.334672 0.044383
Pedestrian -1 -1 -10 631.000000 164.000000 664.000000 255.000000 1.705730 0.637387 0.631260 1.291049 1.234928 20.031916 -2.022527 0.021117
Pedestrian -1 -1 -10 620.000000 169.000000 644.000000 222.000000 1.755306 0.611910 0.547185 1.639572 1.317134 38.282241 2.726664 0.019991
Pedestrian -1 -1 -10 1207.000000 192.000000 1235.000000 258.000000 1.758571 0.531457 0.625640 5.800047 1.389828 6.789302 1.296935 0.015918
Pedestrian -1 -1 -10 614.000000 172.000000 654.000000 244.000000 1.771345 0.517383 0.687756 0.352657 1.364350 11.880259 0.212257 0.011847
Cyclist -1 -1 -10 102.000000 159.000000 296.000000 376.000000 1.718462 0.592486 1.697275 -2.650565 1.567392 4.853902 1.527577 0.999631
Cyclist -1 -1 -10 388.000000 168.000000 456.000000 300.000000 1.738161 0.603829 1.806569 -2.475304 1.591201 10.107230 1.606516 0.999491
Cyclist -1 -1 -10 429.000000 164.000000 472.000000 256.000000 1.727277 0.574592 1.772605 -3.104632 1.492012 14.636644 1.451999 0.990803
Cyclist -1 -1 -10 190.000000 159.000000 284.000000 349.000000 1.749911 0.517641 1.549680 -4.133028 1.365805 7.790281 0.515805 0.712198
Cyclist -1 -1 -10 711.000000 170.000000 849.000000 299.000000 1.747583 0.544338 1.852574 2.194293 1.763101 9.042600 -0.476995 0.125913
Cyclist -1 -1 -10 665.000000 160.000000 748.000000 292.000000 1.690910 0.605217 1.673323 1.000789 1.478391 8.787347 -2.056326 0.117267
Cyclist -1 -1 -10 611.000000 164.000000 661.000000 310.000000 1.755526 0.506770 1.654761 0.288595 1.590034 8.490533 -1.105866 0.060927
Cyclist -1 -1 -10 713.000000 161.000000 735.000000 237.000000 1.783514 0.571202 1.762907 3.425353 1.289484 19.892547 -1.361451 0.057700
Cyclist -1 -1 -10 428.000000 169.000000 454.000000 242.000000 1.661711 0.421413 1.671131 -3.248147 1.602764 14.891234 -2.015744 0.041787
Cyclist -1 -1 -10 634.000000 168.000000 670.000000 244.000000 1.788226 0.571787 1.731197 1.546524 1.331808 20.359482 -1.555801 0.040968
Cyclist -1 -1 -10 138.000000 186.000000 265.000000 325.000000 1.646921 0.596277 1.634046 -2.748939 1.441328 4.891670 1.545138 0.017894
Cyclist -1 -1 -10 613.000000 169.000000 651.000000 236.000000 1.755660 0.515110 1.482872 1.832418 1.226765 38.354673 -1.567605 0.012554
