Pedestrian -1 -1 -10 759.000000 141.000000 820.000000 321.000000 1.819018 0.642850 0.854286 2.027885 1.547197 8.014536 2.910552 0.997801
Pedestrian -1 -1 -10 889.000000 146.000000 954.000000 301.000000 1.706371 0.611744 0.745934 3.522217 1.250412 8.149113 -1.623852 0.997404
Pedestrian -1 -1 -10 430.000000 160.000000 480.000000 279.000000 1.841017 0.721138 0.852170 -2.377342 1.597667 11.590469 1.890095 0.995469
Pedestrian -1 -1 -10 576.000000 164.000000 612.000000 272.000000 1.768061 0.469190 0.824253 -0.167823 1.541114 11.830813 2.711058 0.993312
Pedestrian -1 -1 -10 554.000000 167.000000 574.000000 222.000000 1.729050 0.591054 0.853660 -1.292846 1.195150 23.560198 -1.688120 0.924512
Pedestrian -1 -1 -10 221.000000 164.000000 277.000000 312.000000 1.793388 0.635329 0.799330 -4.906093 1.476668 9.855931 1.567488 0.785369
Pedestrian -1 -1 -10 823.000000 149.000000 848.000000 248.000000 1.895289 0.610604 0.888464 4.667331 1.180096 13.975711 3.376165 0.479721
Pedestrian -1 -1 -10 528.000000 168.000000 548.000000 219.000000 1.767187 0.666292 0.865378 -2.210675 1.242642 25.180739 -1.689811 0.467611
Pedestrian -1 -1 -10 595.000000 169.000000 615.000000 221.000000 1.753110 0.622778 0.845614 0.152128 1.256304 25.003560 -1.618160 0.108792
Pedestrian -1 -1 -10 495.000000 166.000000 511.000000 203.000000 1.745297 0.568932 0.731709 -1.718080 1.205708 11.487785 -0.012450 0.087230
Pedestrian -1 -1 -10 578.000000 165.000000 596.000000 225.000000 1.705087 0.632354 0.755505 -0.589932 1.112896 24.459633 -1.082423 0.058939
Pedestrian -1 -1 -10 879.000000 151.000000 895.000000 210.000000 1.614224 0.490266 0.440257 5.103083 0.805322 13.111926 1.799959 0.047262
Pedestrian -1 -1 -10 498.000000 169.000000 523.000000 203.000000 1.689966 0.536520 0.677761 -1.942925 1.339906 14.453520 -1.701162 0.034669
Pedestrian -1 -1 -10 365.000000 187.000000 396.000000 258.000000 1.802601 0.580373 0.721159 -4.434438 1.563860 14.048292 -1.860125 0.032453
Pedestrian -1 -1 -10 494.000000 167.000000 517.000000 223.000000 1.733569 0.563079 0.748245 -0.964903 1.019922 5.812432 2.860111 0.031239
Pedestrian -1 -1 -10 654.000000 160.000000 678.000000 225.000000 1.767727 0.788940 0.707438 2.488531 0.981409 27.794876 1.643653 0.024435
Pedestrian -1 -1 -10 329.000000 184.000000 358.000000 261.000000 1.773453 0.640363 0.653929 -5.199651 1.993299 14.078423 2.698142 0.024414
Pedestrian -1 -1 -10 480.000000 169.000000 500.000000 219.000000 1.643018 0.511458 0.510773 -4.404918 1.347510 27.931582 0.412069 0.017905
Pedestrian -1 -1 -10 487.000000 167.000000 506.000000 214.000000 1.760482 0.591865 0.849053 -4.220123 1.148272 27.953443 -3.207581 0.016439
Pedestrian -1 -1 -10 490.000000 167.000000 531.000000 247.000000 1.651777 0.738082 0.450924 -1.789100 1.436419 14.409601 1.524553 0.012780
Pedestrian -1 -1 -10 777.000000 147.000000 851.000000 325.000000 1.671440 0.639197 0.683103 2.057381 1.835388 7.341183 2.898537 0.012115
Pedestrian -1 -1 -10 845.000000 159.000000 862.000000 223.000000 1.765709 0.530689 0.846140 5.862254 1.038176 16.642841 0.911776 0.011392
Cyclist -1 -1 -10 490.000000 168.000000 535.000000 260.000000 1.711708 0.579811 1.762854 -1.839008 1.506764 14.276674 1.541903 0.997870
Cyclist -1 -1 -10 528.000000 167.000000 550.000000 219.000000 1.796596 0.540859 1.769152 -2.310520 1.302185 25.292014 -1.816829 0.367709
Cyclist -1 -1 -10 512.000000 168.000000 546.000000 237.000000 1.710186 0.583835 1.717660 -2.438646 1.578661 25.032386 -1.741954 0.106324
Cyclist -1 -1 -10 430.000000 163.000000 481.000000 276.000000 1.874802 0.548744 1.782510 -2.519892 1.622195 11.722669 1.844915 0.062193
Cyclist -1 -1 -10 480.000000 167.000000 500.000000 220.000000 1.688720 0.750820 1.732630 -4.330500 1.318427 28.174034 0.838834 0.043094
Cyclist -1 -1 -10 498.000000 169.000000 523.000000 203.000000 1.666420 0.473268 1.574874 -1.095035 0.916226 7.460737 -1.769232 0.040596
Cyclist -1 -1 -10 494.000000 167.000000 517.000000 223.000000 1.697031 0.481972 1.444754 -1.857121 1.515082 14.408100 -1.736178 0.028298
Cyclist -1 -1 -10 647.000000 164.000000 690.000000 227.000000 1.710983 0.556028 1.513608 1.659255 1.347364 20.131716 0.697765 0.027895
Cyclist -1 -1 -10 448.000000 168.000000 495.000000 243.000000 1.781395 0.550481 1.687684 -3.534674 1.466349 19.203166 -1.783279 0.027578
Cyclist -1 -1 -10 751.000000 141.000000 833.000000 324.000000 1.761543 0.531840 1.768946 1.912222 1.431233 7.871867 1.352159 0.021961
Cyclist -1 -1 -10 577.000000 164.000000 612.000000 272.000000 1.754106 0.560800 1.748246 -0.144175 1.503557 11.924215 2.685710 0.021584
Cyclist -1 -1 -10 196.000000 168.000000 290.000000 317.000000 1.718534 0.631871 1.689313 -3.557324 1.647591 7.654516 -2.658426 0.017449
Cyclist -1 -1 -10 495.000000 166.000000 511.000000 203.000000 1.649127 0.456850 1.473508 -2.298746 1.217931 15.924457 -1.730693 0.016117
Cyclist -1 -1 -10 474.000000 167.000000 513.000000 234.000000 1.661869 0.611367 1.705094 -3.846068 1.900406 24.309902 2.975120 0.014362
Cyclist -1 -1 -10 487.000000 167.000000 506.000000 214.000000 1.654715 0.448745 1.479942 -2.747250 1.497047 18.005099 -1.730387 0.013355
Cyclist -1 -1 -10 650.000000 162.000000 672.000000 216.000000 1.685669 0.549958 1.683184 2.356040 0.874901 27.567870 2.206511 0.010043
