Pedestrian -1 -1 -10 774.000000 166.000000 790.000000 210.000000 1.729308 0.589215 0.738142 1.821087 1.335243 8.432650 3.203473 0.028457
Pedestrian -1 -1 -10 739.000000 183.000000 843.000000 253.000000 1.671931 0.773445 0.696161 3.425722 1.793799 15.212340 0.214314 0.010542
Car -1 -1 -10 421.000000 184.000000 508.000000 238.000000 1.507229 1.610549 3.733924 -4.249077 1.861994 21.610921 1.593494 0.999528
Car -1 -1 -10 776.000000 180.000000 964.000000 291.000000 1.514492 1.589229 3.657259 3.979745 1.665044 11.696394 -1.613109 0.998144
Car -1 -1 -10 713.000000 179.000000 786.000000 232.000000 1.516156 1.604494 3.812109 4.294224 1.706588 22.399781 -1.504799 0.997187
Car -1 -1 -10 471.000000 182.000000 532.000000 224.000000 1.474112 1.567497 3.847844 -3.962224 1.899360 27.172569 1.659973 0.994792
Car -1 -1 -10 739.000000 181.000000 846.000000 253.000000 1.472241 1.634957 3.825140 4.063594 1.669684 16.756346 -1.522785 0.994617
Car -1 -1 -10 895.000000 199.000000 1235.000000 375.000000 1.457515 1.613437 3.926831 3.867995 1.739399 5.812757 -1.554640 0.977104
Car -1 -1 -10 694.000000 177.000000 745.000000 218.000000 1.553404 1.620082 3.757909 4.283059 1.767530 27.683267 -1.557729 0.973368
Car -1 -1 -10 503.000000 182.000000 550.000000 215.000000 1.406726 1.591893 3.910708 -3.898576 1.917447 32.839051 1.611169 0.928443
Car -1 -1 -10 687.000000 175.000000 721.000000 207.000000 1.618060 1.627400 3.825285 5.371683 1.804573 37.946902 -1.475832 0.150468
Car -1 -1 -10 1004.000000 172.000000 1095.000000 213.000000 1.546706 1.594366 3.984870 17.973590 1.496896 30.688652 1.043029 0.023057
Car -1 -1 -10 947.000000 173.000000 1027.000000 205.000000 1.524637 1.586381 3.721707 19.331284 1.630856 37.477917 -1.194012 0.017930
