Car -1 -1 -10 743.000000 205.000000 1122.000000 377.000000 1.489544 1.617789 3.962538 2.717904 1.838030 7.306345 -1.664196 0.999520
Car -1 -1 -10 669.000000 195.000000 850.000000 305.000000 1.485929 1.598923 3.787262 2.160007 1.875135 11.829802 -1.692673 0.995461
Car -1 -1 -10 611.000000 182.000000 714.000000 263.000000 1.554483 1.627365 3.731819 1.002242 1.793735 17.183938 -1.695156 0.994511
Car -1 -1 -10 266.000000 202.000000 397.000000 298.000000 1.593963 1.554488 3.667723 -5.166236 2.159347 13.666144 1.428773 0.994266
Car -1 -1 -10 0.000000 212.000000 317.000000 373.000000 1.496788 1.650811 4.035632 -4.219313 1.969663 7.050765 1.397313 0.988410
Car -1 -1 -10 568.000000 186.000000 618.000000 227.000000 1.472356 1.619201 4.065354 -0.793001 2.146572 29.943054 -1.705510 0.984674
Car -1 -1 -10 587.000000 184.000000 660.000000 241.000000 1.646608 1.636410 3.948152 0.268932 2.100090 24.963234 -1.602888 0.945755
Car -1 -1 -10 978.000000 212.000000 1247.000000 374.000000 1.492233 1.552852 3.721662 3.258831 1.436728 1.923808 1.542133 0.929705
Car -1 -1 -10 448.000000 187.000000 479.000000 212.000000 1.546175 1.582187 3.885312 -9.564464 2.460940 46.466397 1.516968 0.887423
Car -1 -1 -10 384.000000 181.000000 457.000000 240.000000 1.792879 1.678330 4.102427 -6.670549 2.168391 25.117934 -1.773170 0.569709
Car -1 -1 -10 559.000000 186.000000 591.000000 214.000000 1.479949 1.649299 3.813207 -1.873766 2.338749 41.669652 -1.662408 0.272375
