Pedestrian -1 -1 -10 898.000000 166.000000 924.000000 225.000000 1.685852 0.620683 0.914387 8.483025 1.498644 20.238685 -1.413238 0.879946
Pedestrian -1 -1 -10 871.000000 164.000000 894.000000 227.000000 1.686500 0.640243 0.727686 7.635273 1.532233 20.271208 -1.531104 0.586336
Pedestrian -1 -1 -10 754.000000 172.000000 766.000000 208.000000 1.728139 0.583512 0.788886 6.859805 1.577803 32.928170 -1.454824 0.050954
Pedestrian -1 -1 -10 879.000000 167.000000 915.000000 225.000000 1.775330 0.686358 0.993082 8.009030 1.425146 20.411453 -2.251684 0.050247
Pedestrian -1 -1 -10 854.000000 164.000000 888.000000 233.000000 1.716367 0.694793 0.741178 5.736579 1.404297 16.429359 -1.343656 0.015479
Pedestrian -1 -1 -10 904.000000 175.000000 930.000000 215.000000 1.769110 0.708628 0.697563 8.408597 1.983646 20.451933 -0.720558 0.010325
Car -1 -1 -10 895.000000 170.000000 927.000000 224.000000 1.417610 1.449701 2.993048 9.038164 1.486909 21.259304 1.075963 0.019702
Cyclist -1 -1 -10 836.000000 159.000000 882.000000 238.000000 1.757099 0.565162 1.765530 5.705601 1.430781 16.660450 -1.585287 0.999224
Cyclist -1 -1 -10 896.000000 169.000000 925.000000 224.000000 1.719216 0.548452 1.751923 8.367810 1.600181 20.400675 -1.654489 0.707442
Cyclist -1 -1 -10 863.000000 166.000000 894.000000 229.000000 1.705043 0.433762 1.628477 7.539621 1.490645 20.336874 -1.813628 0.549375
Cyclist -1 -1 -10 754.000000 172.000000 766.000000 208.000000 1.779734 0.563585 1.817675 6.939670 1.634259 33.159111 -1.507810 0.090381
Cyclist -1 -1 -10 878.000000 166.000000 910.000000 224.000000 1.821777 0.553776 1.805935 8.076617 1.471630 20.480473 -1.094539 0.023916
