Car -1 -1 -10 266.000000 192.000000 434.000000 293.000000 1.468261 1.586359 3.651197 -4.075968 1.568956 11.758546 -1.594744 0.999707
Car -1 -1 -10 561.000000 178.000000 602.000000 215.000000 1.548594 1.623156 3.789737 -1.291499 1.260523 33.101535 -1.615089 0.999542
Car -1 -1 -10 -2.000000 180.000000 311.000000 372.000000 1.545020 1.634317 3.957613 -3.292023 1.594247 3.872108 -1.598424 0.981974
Car -1 -1 -10 204.000000 184.000000 321.000000 246.000000 1.468194 1.594208 3.824105 -8.857462 1.433210 19.073891 -1.545546 0.977686
Car -1 -1 -10 291.000000 178.000000 347.000000 213.000000 1.537128 1.603112 3.871960 -13.445648 1.181858 33.056767 -1.786923 0.456474
Car -1 -1 -10 182.000000 182.000000 265.000000 225.000000 1.544156 1.640047 3.794750 -13.068887 1.370391 25.140732 -1.543883 0.210014
Car -1 -1 -10 21.000000 187.000000 253.000000 284.000000 1.527733 1.593037 3.791220 -8.042818 1.532375 12.443563 -1.579077 0.050692
Car -1 -1 -10 394.000000 190.000000 431.000000 220.000000 1.562950 1.581257 3.553380 -8.192202 1.997571 29.058560 1.442591 0.033042
Car -1 -1 -10 410.000000 187.000000 445.000000 214.000000 1.548369 1.613651 3.838296 -9.338043 1.428520 35.148870 1.473532 0.026857
Car -1 -1 -10 105.000000 190.000000 244.000000 254.000000 1.513631 1.628366 3.907392 -8.076095 1.632157 12.707859 -1.562609 0.022648
Car -1 -1 -10 428.000000 182.000000 470.000000 208.000000 1.557949 1.670195 3.936198 -8.866393 1.134117 41.293582 -0.369786 0.012660
