Pedestrian -1 -1 -10 525.000000 180.000000 616.000000 348.000000 1.742163 0.643869 0.939142 -0.365251 1.734840 7.019466 3.027909 0.997591
Pedestrian -1 -1 -10 784.000000 173.000000 867.000000 372.000000 1.709254 0.618417 1.064465 1.758557 1.690675 5.907643 -0.204710 0.996788
Pedestrian -1 -1 -10 767.000000 138.000000 827.000000 356.000000 1.706060 0.576231 0.871487 1.784119 1.556367 5.777553 -0.719344 0.974213
Pedestrian -1 -1 -10 752.000000 160.000000 842.000000 286.000000 1.722121 0.621228 0.877203 2.777905 1.283634 12.004741 -0.907859 0.450481
Pedestrian -1 -1 -10 1099.000000 140.000000 1236.000000 370.000000 1.741177 0.518446 0.801446 2.843642 1.428314 3.634201 3.206303 0.112095
Pedestrian -1 -1 -10 913.000000 167.000000 930.000000 209.000000 1.740735 0.585907 0.689471 8.573504 1.103666 19.622837 1.018746 0.047966
Car -1 -1 -10 724.000000 165.000000 1000.000000 265.000000 1.661445 1.668838 4.086643 4.566780 1.342560 12.765270 -0.193289 0.752335
Car -1 -1 -10 738.000000 166.000000 881.000000 300.000000 1.647560 1.628528 3.795983 3.957775 1.312715 12.688840 -0.206732 0.228379
Cyclist -1 -1 -10 750.000000 167.000000 861.000000 291.000000 1.854076 0.676772 1.881966 3.187422 1.365329 11.816998 -0.177081 0.074857
Cyclist -1 -1 -10 1085.000000 155.000000 1234.000000 371.000000 1.665000 0.546902 1.686497 2.844958 1.313816 3.524428 1.805216 0.031541
