Car -1 -1 -10 581.000000 177.000000 622.000000 214.000000 1.536856 1.637379 3.758588 -0.308301 1.182773 33.071265 -1.578472 0.999718
Car -1 -1 -10 284.000000 184.000000 467.000000 296.000000 1.492337 1.611184 3.813296 -3.581938 1.476962 11.701948 -1.548139 0.999418
Car -1 -1 -10 476.000000 184.000000 540.000000 228.000000 1.413512 1.620283 4.006793 -3.324754 1.334627 23.975110 -1.554487 0.998809
Car -1 -1 -10 241.000000 183.000000 358.000000 247.000000 1.450838 1.619652 3.695840 -7.614785 1.495462 18.444449 -1.470140 0.992947
Car -1 -1 -10 -1.000000 174.000000 244.000000 298.000000 1.623314 1.653099 3.950294 -7.784062 1.525767 11.703851 -1.573990 0.992460
Car -1 -1 -10 145.000000 182.000000 269.000000 237.000000 1.506746 1.612596 3.974324 -11.513397 1.484061 19.784133 1.651473 0.809160
Car -1 -1 -10 438.000000 179.000000 481.000000 209.000000 1.593260 1.644431 4.028065 -7.794013 1.244145 38.031517 -1.703798 0.366449
Car -1 -1 -10 486.000000 181.000000 535.000000 208.000000 1.528690 1.552478 3.475458 -8.338736 0.985910 49.310784 -1.712529 0.208927
Car -1 -1 -10 232.000000 183.000000 309.000000 220.000000 1.538324 1.641455 3.819875 -12.607826 1.027542 27.069037 -1.424556 0.146933
Car -1 -1 -10 578.000000 177.000000 609.000000 202.000000 1.496828 1.635039 3.856767 -0.197192 0.927109 33.053115 -1.465233 0.084710
Car -1 -1 -10 293.000000 183.000000 397.000000 233.000000 1.515405 1.522537 3.583207 -13.069913 1.274921 35.249127 2.232348 0.021830
