Pedestrian -1 -1 -10 797.000000 152.000000 825.000000 244.000000 1.648073 0.605555 0.669075 5.394151 1.149886 19.507657 3.406605 0.595400
Pedestrian -1 -1 -10 778.000000 153.000000 800.000000 240.000000 1.738364 0.671810 0.778163 4.934512 1.302965 20.066520 -1.674764 0.146981
Pedestrian -1 -1 -10 779.000000 164.000000 838.000000 239.000000 1.676002 0.573569 0.678023 5.393738 1.236270 19.514920 0.263927 0.014410
Car -1 -1 -10 90.000000 194.000000 328.000000 320.000000 1.501189 1.594198 3.748356 -5.854592 1.895052 11.064996 1.570715 0.999241
Car -1 -1 -10 738.000000 184.000000 955.000000 311.000000 1.496558 1.558667 3.510899 3.004565 1.626972 10.242616 -1.674745 0.997564
Car -1 -1 -10 283.000000 192.000000 407.000000 267.000000 1.498569 1.531453 3.657105 -5.787762 1.930921 16.164740 1.543134 0.997087
Car -1 -1 -10 713.000000 183.000000 809.000000 254.000000 1.433973 1.592323 3.682081 3.219817 1.671951 15.991697 -1.579490 0.993453
Car -1 -1 -10 845.000000 190.000000 1220.000000 373.000000 1.501443 1.650049 3.912968 2.988933 1.645820 5.084207 -1.584423 0.970531
Car -1 -1 -10 354.000000 178.000000 442.000000 221.000000 1.659144 1.692932 4.104187 -12.006142 2.074647 40.574550 -3.060066 0.215580
Car -1 -1 -10 801.000000 186.000000 1048.000000 359.000000 1.540752 1.634058 3.842243 2.996768 1.649110 4.964890 -1.590379 0.011005
Cyclist -1 -1 -10 714.000000 184.000000 815.000000 251.000000 1.737200 0.584126 1.771049 2.897853 1.745249 14.833210 -1.818357 0.071748
Cyclist -1 -1 -10 793.000000 168.000000 831.000000 236.000000 1.705730 0.731218 1.736333 5.413168 1.188324 19.817409 3.392702 0.070471
Cyclist -1 -1 -10 773.000000 175.000000 847.000000 229.000000 1.686727 0.702892 1.715922 5.395777 1.384016 19.756168 2.243100 0.045472
Cyclist -1 -1 -10 789.000000 184.000000 817.000000 237.000000 1.674763 0.578760 1.653017 5.215391 1.514890 19.815377 1.302169 0.012963
Cyclist -1 -1 -10 809.000000 184.000000 843.000000 224.000000 1.639225 0.548332 1.626213 5.800528 1.535461 19.801995 1.371576 0.011818
