Pedestrian -1 -1 -10 458.000000 172.000000 468.000000 200.000000 1.650292 0.665401 0.713002 -7.279935 1.056285 34.758702 1.286405 0.134459
Car -1 -1 -10 430.000000 180.000000 499.000000 232.000000 1.504009 1.645724 3.928545 -4.673532 1.763702 23.465971 1.527292 0.999181
Car -1 -1 -10 683.000000 178.000000 774.000000 250.000000 1.478515 1.610396 3.993528 2.617973 1.657828 16.729991 -1.583721 0.999094
Car -1 -1 -10 761.000000 185.000000 973.000000 331.000000 1.473790 1.550076 3.582970 3.023613 1.627296 9.271524 -1.577026 0.998315
Car -1 -1 -10 837.000000 199.000000 1262.000000 376.000000 1.466191 1.559801 3.612238 2.901162 1.656916 4.706409 -1.548792 0.979161
Car -1 -1 -10 667.000000 178.000000 733.000000 231.000000 1.553146 1.586612 3.647076 2.799756 1.680643 23.012109 -1.578905 0.978970
Car -1 -1 -10 466.000000 173.000000 520.000000 221.000000 1.638380 1.615506 3.894262 -4.691805 1.711308 28.971416 1.552687 0.969525
Car -1 -1 -10 1.000000 205.000000 242.000000 376.000000 1.528103 1.610900 3.806847 -4.310103 1.810664 5.090662 1.537932 0.935582
Car -1 -1 -10 175.000000 177.000000 325.000000 240.000000 1.503116 1.622300 4.029830 -9.648147 1.630649 18.975220 0.055584 0.929977
Car -1 -1 -10 650.000000 176.000000 696.000000 212.000000 1.507023 1.573051 3.761498 2.743151 1.670305 31.610394 -1.579364 0.909555
Car -1 -1 -10 494.000000 174.000000 535.000000 212.000000 1.577760 1.662474 4.018875 -4.448220 1.802894 34.366455 1.570246 0.588289
