Car -1 -1 -10 721.000000 180.000000 808.000000 254.000000 1.488090 1.611962 3.769544 3.650919 1.756505 17.321586 -1.512194 0.998975
Car -1 -1 -10 173.000000 185.000000 441.000000 268.000000 1.558537 1.630221 4.019799 -5.660615 1.741056 14.174876 0.084165 0.994708
Car -1 -1 -10 312.000000 182.000000 486.000000 235.000000 1.493791 1.670658 4.161351 -6.042836 1.784627 21.072340 -3.145108 0.987243
Car -1 -1 -10 440.000000 178.000000 537.000000 219.000000 1.528437 1.593342 3.837316 -5.023373 1.892488 29.299005 -0.075005 0.987047
Car -1 -1 -10 679.000000 182.000000 722.000000 212.000000 1.493956 1.583506 3.732307 4.343213 1.959275 35.927153 -1.546981 0.973119
Car -1 -1 -10 699.000000 178.000000 767.000000 235.000000 1.539935 1.618376 3.821132 3.823397 1.732515 22.455301 -1.552558 0.969350
Car -1 -1 -10 384.000000 180.000000 511.000000 224.000000 1.539373 1.658399 4.038004 -5.997824 1.857376 26.616437 -3.146639 0.959639
Car -1 -1 -10 965.000000 190.000000 1245.000000 371.000000 1.494055 1.587242 3.774706 3.074860 1.690963 2.555433 -1.607774 0.817186
Car -1 -1 -10 0.000000 184.000000 392.000000 285.000000 1.681422 1.727795 4.303858 -6.316144 1.624411 10.947413 -3.064059 0.723994
Car -1 -1 -10 143.000000 187.000000 288.000000 273.000000 1.515563 1.593880 3.802983 -5.823854 1.505436 11.663112 -1.024367 0.163457
Car -1 -1 -10 476.000000 178.000000 557.000000 211.000000 1.516744 1.552056 3.741608 -4.268231 1.765176 36.989955 1.031990 0.145663
Car -1 -1 -10 9.000000 183.000000 165.000000 232.000000 1.497159 1.545379 3.696795 -12.463072 1.484334 17.534836 1.538591 0.072774
Car -1 -1 -10 0.000000 239.000000 45.000000 372.000000 1.556679 1.613542 4.055682 -6.415680 1.912559 5.489536 -0.004567 0.051099
