Car -1 -1 -10 775.000000 175.000000 923.000000 235.000000 1.491971 1.565834 3.742117 6.154629 1.564287 18.924400 -2.082098 0.997109
Car -1 -1 -10 629.000000 175.000000 681.000000 211.000000 1.458506 1.555676 3.467287 1.936178 1.589177 31.147613 -1.713191 0.994923
Car -1 -1 -10 349.000000 175.000000 481.000000 216.000000 1.495379 1.611022 3.963618 -7.202802 1.684436 26.861768 -3.122646 0.993972
Car -1 -1 -10 0.000000 173.000000 259.000000 300.000000 1.528159 1.621777 3.681273 -7.087897 1.593698 10.235430 -3.135064 0.931460
Car -1 -1 -10 131.000000 178.000000 337.000000 276.000000 1.488875 1.612627 3.804501 -6.818049 1.657608 12.298285 -3.183447 0.801452
Car -1 -1 -10 301.000000 175.000000 439.000000 229.000000 1.442863 1.598914 3.849756 -7.320835 1.601880 22.561050 -2.947104 0.374546
Car -1 -1 -10 430.000000 174.000000 519.000000 201.000000 1.543345 1.659816 3.847772 -8.124153 1.873576 40.345052 -3.194157 0.258158
Car -1 -1 -10 165.000000 163.000000 419.000000 256.000000 1.835172 1.737257 4.208370 -6.512730 1.602579 14.608555 -3.109813 0.192079
Car -1 -1 -10 612.000000 173.000000 654.000000 201.000000 1.513025 1.622136 4.012473 1.128354 1.559729 40.834589 -1.624321 0.134300
Car -1 -1 -10 398.000000 173.000000 495.000000 207.000000 1.498723 1.619489 3.892297 -7.590956 1.621718 35.369747 -2.448722 0.068824
Car -1 -1 -10 320.000000 192.000000 404.000000 222.000000 1.492861 1.545669 3.282001 -7.171507 1.374680 20.018358 1.254305 0.053634
