Pedestrian -1 -1 -10 579.000000 158.000000 606.000000 234.000000 1.759713 0.651989 1.042661 -0.274687 1.271964 16.904028 -1.542877 0.994561
Pedestrian -1 -1 -10 146.000000 167.000000 229.000000 360.000000 1.700338 0.558777 0.616039 -3.663646 1.581211 6.257967 -0.103662 0.993083
Pedestrian -1 -1 -10 1005.000000 153.000000 1074.000000 304.000000 1.660276 0.677044 0.649193 4.860720 1.358878 7.877532 -0.428534 0.951607
Pedestrian -1 -1 -10 809.000000 155.000000 851.000000 251.000000 1.759064 0.618981 0.843974 3.957394 1.186532 12.689728 -1.675027 0.918313
Pedestrian -1 -1 -10 548.000000 158.000000 573.000000 220.000000 1.753799 0.690176 0.928703 -1.238981 1.078808 21.000671 1.487737 0.856483
Pedestrian -1 -1 -10 397.000000 162.000000 466.000000 301.000000 1.722229 0.810020 0.643638 -2.303362 1.449572 9.543854 1.461241 0.823267
Pedestrian -1 -1 -10 0.000000 188.000000 109.000000 374.000000 1.717659 0.682684 0.687308 -2.681822 1.601240 3.210499 -2.683343 0.619444
Pedestrian -1 -1 -10 606.000000 159.000000 622.000000 204.000000 1.765822 0.562440 0.760991 0.496017 0.885113 29.027139 0.573216 0.516928
Pedestrian -1 -1 -10 1057.000000 148.000000 1085.000000 239.000000 1.738649 0.587339 0.823302 6.046498 1.025345 9.166759 2.729505 0.339631
Pedestrian -1 -1 -10 503.000000 156.000000 524.000000 231.000000 1.794150 0.675962 0.632518 -2.224287 1.205680 18.152369 1.947512 0.250864
Pedestrian -1 -1 -10 621.000000 158.000000 635.000000 204.000000 1.723022 0.657575 0.768198 1.065642 0.866397 28.035883 -1.494742 0.237378
Pedestrian -1 -1 -10 575.000000 159.000000 592.000000 211.000000 1.820914 0.630214 0.737270 -0.841013 0.882995 29.612218 2.046618 0.087183
Pedestrian -1 -1 -10 678.000000 154.000000 699.000000 207.000000 1.777327 0.632214 0.790597 3.852410 0.606858 31.750448 -1.889595 0.082397
Pedestrian -1 -1 -10 697.000000 153.000000 751.000000 239.000000 1.824469 0.723804 0.920264 2.509212 1.403901 14.669071 2.792249 0.058731
Pedestrian -1 -1 -10 592.000000 159.000000 608.000000 213.000000 1.842527 0.625999 0.774400 0.004573 0.883323 27.996551 -1.611320 0.052099
Pedestrian -1 -1 -10 665.000000 156.000000 683.000000 200.000000 1.747332 0.695849 0.813590 3.170244 0.616758 31.755258 3.221476 0.021452
Car -1 -1 -10 1.000000 196.000000 106.000000 373.000000 1.514436 1.640107 3.881989 -4.192718 1.165905 3.995415 -2.265048 0.012078
Cyclist -1 -1 -10 697.000000 152.000000 754.000000 241.000000 1.703604 0.462936 1.749817 2.398475 1.211439 14.698225 1.376460 0.981015
Cyclist -1 -1 -10 394.000000 160.000000 468.000000 306.000000 1.790730 0.589995 1.783735 -2.285188 1.489828 9.534395 1.486191 0.975865
Cyclist -1 -1 -10 124.000000 172.000000 242.000000 334.000000 1.687019 0.612764 1.711535 -3.745868 1.489385 6.336294 -0.002792 0.940150
Cyclist -1 -1 -10 925.000000 187.000000 1067.000000 371.000000 1.630643 0.540168 1.646957 2.655594 1.607876 5.248102 1.528703 0.935016
Cyclist -1 -1 -10 982.000000 160.000000 1070.000000 320.000000 1.750969 0.593257 1.794949 4.846489 1.395979 8.001798 -1.149280 0.760731
Cyclist -1 -1 -10 0.000000 192.000000 112.000000 375.000000 1.708384 0.681500 1.815673 -3.003331 1.461033 3.220548 -3.789242 0.395092
Cyclist -1 -1 -10 677.000000 156.000000 698.000000 206.000000 1.714159 0.501815 1.476799 2.842371 1.104050 25.106682 -1.490193 0.239551
Cyclist -1 -1 -10 666.000000 156.000000 689.000000 205.000000 1.684222 0.468524 1.498125 1.221363 0.760781 12.083924 -1.511355 0.178395
Cyclist -1 -1 -10 808.000000 151.000000 862.000000 322.000000 1.634087 0.689165 1.707747 1.971692 1.699420 6.297098 -1.247648 0.147122
Cyclist -1 -1 -10 816.000000 164.000000 901.000000 359.000000 1.676042 0.510115 1.696795 2.280960 1.551708 5.626173 1.381948 0.108285
