Car -1 -1 -10 709.000000 189.000000 872.000000 297.000000 1.459478 1.618799 3.762226 2.702607 1.707001 11.757649 -1.607073 0.999678
Car -1 -1 -10 3.000000 185.000000 320.000000 305.000000 1.521749 1.623462 4.118416 -6.639914 1.710316 10.242508 0.052566 0.999218
Car -1 -1 -10 662.000000 176.000000 730.000000 236.000000 1.598135 1.646235 3.993910 2.552083 1.804332 22.672862 -1.566159 0.997342
Car -1 -1 -10 322.000000 181.000000 480.000000 238.000000 1.547543 1.595136 4.054539 -6.615379 1.860368 21.912067 -3.238384 0.978234
Car -1 -1 -10 182.000000 166.000000 411.000000 261.000000 1.740748 1.700015 3.925568 -6.444258 1.723842 15.056533 -3.150029 0.941797
Car -1 -1 -10 647.000000 180.000000 702.000000 222.000000 1.499866 1.640191 4.036018 2.581323 1.908114 28.723395 -1.613329 0.619315
Car -1 -1 -10 388.000000 182.000000 504.000000 221.000000 1.572771 1.673077 4.022855 -6.177842 1.834831 31.939256 -3.232949 0.336185
Car -1 -1 -10 485.000000 180.000000 547.000000 205.000000 1.567073 1.609299 3.858968 -5.335577 2.211310 47.566764 -0.196845 0.118980
Car -1 -1 -10 -3.000000 186.000000 128.000000 263.000000 1.440146 1.466788 3.393521 -9.086677 1.682066 12.113820 -0.003944 0.115313
Car -1 -1 -10 438.000000 180.000000 526.000000 214.000000 1.455910 1.542341 3.812765 -5.538073 2.217677 34.659349 1.916082 0.113859
Car -1 -1 -10 639.000000 177.000000 679.000000 211.000000 1.570534 1.590740 3.734292 2.492407 1.763727 37.898117 -1.645874 0.097555
