Car -1 -1 -10 184.000000 196.000000 357.000000 289.000000 1.469497 1.603265 3.777556 -6.247584 1.978380 13.799177 1.552306 0.999508
Car -1 -1 -10 674.000000 180.000000 755.000000 236.000000 1.428378 1.618774 3.895679 2.815114 1.664554 20.359892 -1.560159 0.998975
Car -1 -1 -10 923.000000 159.000000 1217.000000 248.000000 1.487880 1.666090 4.251877 8.144982 1.376030 13.281494 3.166630 0.998219
Car -1 -1 -10 463.000000 183.000000 508.000000 215.000000 1.518052 1.609982 3.921072 -6.222555 2.096474 36.082614 1.557247 0.995192
Car -1 -1 -10 8.000000 218.000000 236.000000 374.000000 1.474652 1.617032 3.822076 -3.835879 1.794046 4.035979 1.592837 0.974738
Car -1 -1 -10 369.000000 183.000000 466.000000 240.000000 1.596251 1.683398 4.166359 -6.442094 2.065796 23.986518 1.703312 0.961387
Car -1 -1 -10 799.000000 161.000000 956.000000 214.000000 1.624263 1.670442 4.127706 8.147905 1.336577 22.626131 3.109392 0.674502
Car -1 -1 -10 870.000000 156.000000 1103.000000 235.000000 1.682116 1.645964 4.051347 8.117315 1.326396 16.403374 3.153083 0.488748
Car -1 -1 -10 481.000000 183.000000 519.000000 210.000000 1.534399 1.606129 3.870935 -6.478675 2.173940 41.324663 1.570879 0.157726
Car -1 -1 -10 702.000000 167.000000 774.000000 192.000000 1.634601 1.633510 4.030780 8.756567 1.334659 48.455559 3.159911 0.087068
Car -1 -1 -10 1054.000000 149.000000 1161.000000 184.000000 1.541286 1.567581 3.787121 21.794591 0.417051 31.991580 0.089348 0.029200
