Car -1 -1 -10 724.000000 170.000000 905.000000 313.000000 1.653412 1.677076 4.018503 2.710419 1.700000 10.545317 -1.562151 0.998085
Car -1 -1 -10 682.000000 182.000000 773.000000 256.000000 1.436591 1.639313 3.957929 2.658262 1.672986 16.469482 -1.599151 0.993646
Car -1 -1 -10 17.000000 194.000000 326.000000 308.000000 1.482008 1.637363 3.971975 -6.400790 1.778394 10.739353 -3.184988 0.992919
Car -1 -1 -10 642.000000 179.000000 677.000000 205.000000 1.474526 1.561621 3.535327 2.501686 1.776918 39.311426 -1.578874 0.989468
Car -1 -1 -10 658.000000 173.000000 712.000000 225.000000 1.592913 1.593711 3.734244 2.651970 1.627721 25.746303 -1.620406 0.970136
Car -1 -1 -10 125.000000 192.000000 370.000000 280.000000 1.517705 1.595383 3.756103 -6.446496 1.739523 13.202811 -0.060220 0.865140
Car -1 -1 -10 2.000000 213.000000 109.000000 376.000000 1.535566 1.569479 3.949888 -6.484785 1.823814 5.654236 -0.049201 0.604351
Car -1 -1 -10 388.000000 186.000000 494.000000 225.000000 1.481646 1.629417 3.980328 -6.113638 1.911520 27.553608 0.904857 0.357189
Car -1 -1 -10 1.000000 201.000000 207.000000 354.000000 1.502202 1.549932 3.853032 -6.233820 1.825136 8.054759 0.006788 0.316227
Car -1 -1 -10 432.000000 178.000000 526.000000 212.000000 1.560797 1.612825 3.962348 -6.037301 2.046032 35.511662 0.861892 0.287013
Car -1 -1 -10 792.000000 174.000000 902.000000 256.000000 1.532937 1.636994 3.915179 7.180928 1.599933 15.963547 -1.211407 0.093408
