Car -1 -1 -10 555.000000 176.000000 622.000000 238.000000 1.522094 1.671828 3.612559 -0.590890 1.337253 20.289016 -1.587059 0.999268
Car -1 -1 -10 29.000000 209.000000 419.000000 372.000000 1.428752 1.657625 4.192047 -3.252957 1.614335 7.157824 -1.599974 0.998969
Car -1 -1 -10 357.000000 183.000000 495.000000 273.000000 1.492745 1.663375 4.144953 -3.364208 1.453102 13.908507 -1.577779 0.998380
Car -1 -1 -10 510.000000 177.000000 549.000000 213.000000 1.576659 1.617468 3.733253 -3.678162 1.304623 31.201312 -1.753262 0.895947
Car -1 -1 -10 458.000000 187.000000 526.000000 238.000000 1.546674 1.639382 3.881512 -3.547102 1.416931 21.037785 -1.571650 0.859965
Car -1 -1 -10 231.000000 180.000000 320.000000 242.000000 1.492586 1.611011 3.838435 -8.134512 1.322791 18.184937 -1.632369 0.161282
Car -1 -1 -10 0.000000 165.000000 122.000000 321.000000 1.522180 1.540567 3.491405 -6.381003 1.447286 9.027584 -1.584998 0.149151
Car -1 -1 -10 332.000000 181.000000 370.000000 209.000000 1.490510 1.604670 3.754543 -13.089507 1.160913 36.728122 -1.760893 0.088985
Car -1 -1 -10 236.000000 177.000000 300.000000 208.000000 1.482137 1.577459 3.762541 -17.690674 0.992873 34.101351 -2.613543 0.058338
Car -1 -1 -10 319.000000 195.000000 351.000000 226.000000 1.512314 1.596620 3.899739 -13.784865 1.276396 36.737231 -1.860206 0.049939
Car -1 -1 -10 383.000000 179.000000 441.000000 220.000000 1.606912 1.641606 3.804379 -8.365197 0.876908 30.145250 1.316467 0.030581
Car -1 -1 -10 228.000000 176.000000 370.000000 276.000000 1.470005 1.613966 3.730676 -7.810861 1.279186 18.209972 -1.557428 0.024757
Car -1 -1 -10 378.000000 181.000000 469.000000 240.000000 1.532076 1.563840 3.457716 -3.814561 1.452621 13.994011 1.807389 0.017398
Car -1 -1 -10 386.000000 178.000000 426.000000 203.000000 1.581407 1.658485 3.858187 -8.442145 0.937677 30.301405 -1.783951 0.015384
Car -1 -1 -10 293.000000 187.000000 352.000000 230.000000 1.536593 1.520697 3.258287 -10.123094 1.596670 26.451470 -1.984103 0.014942
Car -1 -1 -10 260.000000 189.000000 350.000000 248.000000 1.442030 1.602454 3.782896 -7.881206 1.347371 18.262220 -1.626952 0.014782
