Pedestrian -1 -1 -10 154.000000 169.000000 220.000000 322.000000 1.663705 0.675828 0.833365 -4.932192 1.612008 8.663460 -2.132738 0.997489
Pedestrian -1 -1 -10 337.000000 162.000000 434.000000 371.000000 1.805557 0.593287 0.964313 -1.767926 1.634626 5.796098 -2.985163 0.994404
Pedestrian -1 -1 -10 229.000000 165.000000 308.000000 359.000000 1.742976 0.643582 0.923290 -3.223011 1.609287 6.711595 -2.587635 0.988856
Pedestrian -1 -1 -10 419.000000 160.000000 470.000000 305.000000 1.754797 0.654407 0.854164 -2.014107 1.485357 9.228398 1.335413 0.978946
Pedestrian -1 -1 -10 312.000000 168.000000 355.000000 290.000000 1.761232 0.683115 0.886930 -3.981602 1.564224 10.567748 1.172233 0.957745
Pedestrian -1 -1 -10 532.000000 171.000000 548.000000 215.000000 1.788787 0.612633 0.809361 -2.442588 1.335872 28.126549 -2.145055 0.857515
Pedestrian -1 -1 -10 261.000000 176.000000 312.000000 322.000000 1.730233 0.605703 0.704022 -3.664072 1.663328 8.289140 -2.461137 0.777864
Pedestrian -1 -1 -10 392.000000 167.000000 446.000000 313.000000 1.677185 0.480984 0.664996 -2.089689 1.300352 9.052064 1.907023 0.645932
Pedestrian -1 -1 -10 230.000000 162.000000 265.000000 269.000000 1.821398 0.686316 1.015485 -6.371647 1.474128 12.762488 -0.995819 0.558158
Pedestrian -1 -1 -10 547.000000 174.000000 562.000000 217.000000 1.841118 0.696494 1.047557 -1.866343 1.315342 28.291094 -1.682608 0.286382
Pedestrian -1 -1 -10 285.000000 170.000000 339.000000 288.000000 1.823051 0.676544 1.028220 -4.170182 1.547168 10.682771 1.549752 0.239750
Cyclist -1 -1 -10 480.000000 165.000000 509.000000 221.000000 1.727109 0.603393 1.790120 -3.488730 1.272871 22.906582 1.435501 0.962134
Cyclist -1 -1 -10 232.000000 169.000000 312.000000 338.000000 1.751875 0.594055 1.737332 -3.245363 1.621758 6.771163 -2.544701 0.058702
Cyclist -1 -1 -10 225.000000 171.000000 290.000000 261.000000 1.706100 0.590446 1.753085 -6.209235 1.262980 12.672312 -2.151544 0.033093
Cyclist -1 -1 -10 361.000000 171.000000 442.000000 356.000000 1.753268 0.571199 1.749471 -1.751162 1.543983 5.973931 1.635252 0.012489
