Pedestrian -1 -1 -10 342.000000 168.000000 391.000000 295.000000 1.681896 0.590429 0.822742 -3.212577 1.518044 9.695503 -2.015235 0.995454
Pedestrian -1 -1 -10 623.000000 152.000000 688.000000 368.000000 1.778006 0.620885 1.081980 0.424416 1.533079 6.225488 -2.564406 0.994436
Pedestrian -1 -1 -10 446.000000 164.000000 512.000000 319.000000 1.742642 0.631090 0.994754 -1.490697 1.514678 8.075046 -2.318725 0.994174
Pedestrian -1 -1 -10 518.000000 167.000000 566.000000 288.000000 1.741890 0.675657 0.817865 -0.865085 1.515960 10.287653 -2.646840 0.993918
Pedestrian -1 -1 -10 572.000000 161.000000 613.000000 286.000000 1.755683 0.662770 0.807338 -0.174295 1.424932 10.385756 1.457233 0.953391
Pedestrian -1 -1 -10 400.000000 169.000000 434.000000 261.000000 1.661280 0.599311 0.778732 -3.519975 1.554250 13.269823 1.131381 0.895629
Pedestrian -1 -1 -10 604.000000 161.000000 661.000000 328.000000 1.806777 0.677386 0.993060 0.285106 1.527333 7.509908 2.145805 0.859320
Pedestrian -1 -1 -10 428.000000 161.000000 477.000000 280.000000 1.823213 0.588291 0.978157 -2.518796 1.469449 11.567585 -2.801796 0.841987
Pedestrian -1 -1 -10 469.000000 169.000000 515.000000 275.000000 1.849783 0.738643 0.878724 -1.859958 1.535916 13.225705 1.885239 0.626383
Pedestrian -1 -1 -10 398.000000 164.000000 420.000000 242.000000 1.705730 0.637387 0.631260 -4.333680 2.012772 16.019756 -2.348207 0.474035
Pedestrian -1 -1 -10 370.000000 165.000000 403.000000 257.000000 1.770180 0.641876 0.767963 -4.039881 1.495467 13.750987 1.302053 0.457440
Pedestrian -1 -1 -10 665.000000 159.000000 683.000000 216.000000 1.699293 0.546382 0.539850 2.803189 0.988351 27.190306 -1.381401 0.344961
Pedestrian -1 -1 -10 586.000000 161.000000 641.000000 297.000000 1.744266 0.585102 0.795514 -0.036685 1.491655 10.360082 1.141232 0.305252
Pedestrian -1 -1 -10 385.000000 165.000000 414.000000 246.000000 1.782881 0.669693 0.807575 -4.205086 1.403257 14.348035 -2.349989 0.252702
Cyclist -1 -1 -10 278.000000 158.000000 344.000000 260.000000 1.741009 0.614759 1.808317 -5.744588 1.390888 14.064499 0.993004 0.991411
Cyclist -1 -1 -10 425.000000 163.000000 476.000000 274.000000 1.799545 0.553241 1.746720 -2.442213 1.470203 11.717350 0.833386 0.072000
Cyclist -1 -1 -10 470.000000 164.000000 519.000000 285.000000 1.848190 0.597792 1.747136 -1.848760 1.505331 13.358006 -2.243571 0.056720
Cyclist -1 -1 -10 398.000000 169.000000 437.000000 258.000000 1.721017 0.595142 1.741766 -3.483069 1.513508 13.224169 1.366738 0.052693
Cyclist -1 -1 -10 337.000000 166.000000 393.000000 289.000000 1.755052 0.551267 1.658192 -3.249995 1.531271 9.704003 -2.036296 0.047875
Cyclist -1 -1 -10 415.000000 173.000000 456.000000 236.000000 1.723737 0.486397 1.746529 -3.881714 1.501232 16.870303 0.929931 0.035126
Cyclist -1 -1 -10 366.000000 170.000000 398.000000 248.000000 1.730729 0.531321 1.699298 -4.255616 1.369235 13.995173 1.340908 0.034298
Cyclist -1 -1 -10 387.000000 166.000000 410.000000 244.000000 1.739206 0.537900 1.765275 -4.301381 1.312773 14.338257 -1.876379 0.033463
Cyclist -1 -1 -10 349.000000 172.000000 386.000000 235.000000 1.710973 0.703316 1.814985 -7.092015 1.021884 21.297281 -1.323752 0.022722
Cyclist -1 -1 -10 595.000000 155.000000 685.000000 336.000000 1.702333 0.515309 1.688492 0.453495 1.380465 6.598903 -1.601514 0.021364
Cyclist -1 -1 -10 443.000000 167.000000 500.000000 292.000000 1.781299 0.562692 1.583710 -2.331268 1.442542 11.982235 0.817014 0.016070
Cyclist -1 -1 -10 398.000000 165.000000 424.000000 227.000000 1.715780 0.534322 1.655377 -5.503091 0.760040 20.812818 -2.368737 0.010740
