Pedestrian -1 -1 -10 751.000000 162.000000 791.000000 270.000000 1.732852 0.574881 0.908053 2.464562 1.443385 10.832536 1.195643 0.982723
Pedestrian -1 -1 -10 456.000000 166.000000 474.000000 241.000000 1.755737 0.585652 0.650149 -4.584923 1.238406 24.248251 1.760237 0.662960
Pedestrian -1 -1 -10 472.000000 171.000000 490.000000 234.000000 1.735235 0.632420 0.694807 -5.867337 1.171657 34.837032 -2.221808 0.557044
Pedestrian -1 -1 -10 459.000000 169.000000 498.000000 237.000000 1.766745 0.749770 0.754336 -5.471898 1.662513 32.016713 2.864605 0.150319
Pedestrian -1 -1 -10 509.000000 170.000000 525.000000 212.000000 1.756655 0.637204 0.879776 -3.765513 1.308615 31.920563 -1.214485 0.118267
Pedestrian -1 -1 -10 442.000000 171.000000 484.000000 239.000000 1.742400 0.613199 0.705433 -4.616793 1.308408 24.247351 1.828542 0.051762
Pedestrian -1 -1 -10 389.000000 168.000000 408.000000 249.000000 1.707798 0.632339 0.667118 -7.058313 1.142592 24.954071 -3.401814 0.033280
Pedestrian -1 -1 -10 568.000000 170.000000 580.000000 202.000000 1.821800 0.676416 0.636135 -1.662392 1.110443 41.729684 -1.527385 0.031320
Pedestrian -1 -1 -10 585.000000 169.000000 594.000000 202.000000 1.840112 0.639087 0.660377 -0.675222 1.112396 41.954057 -0.540382 0.025140
Pedestrian -1 -1 -10 408.000000 175.000000 424.000000 240.000000 1.776233 0.661584 0.669053 -5.822234 1.489122 22.464960 1.806890 0.014749
Car -1 -1 -10 247.000000 184.000000 527.000000 374.000000 1.562746 1.661580 4.174633 -1.840986 1.637005 7.534805 1.580751 0.997594
Car -1 -1 -10 1179.000000 223.000000 1234.000000 371.000000 1.509631 1.549973 3.474439 3.672536 1.674333 2.918037 -1.572555 0.042324
Car -1 -1 -10 353.000000 186.000000 438.000000 236.000000 1.530673 1.541537 3.663761 -7.733926 1.509181 25.577373 1.893591 0.014913
Cyclist -1 -1 -10 450.000000 173.000000 503.000000 233.000000 1.682897 0.575099 1.656327 -5.410637 1.479694 32.154198 2.872528 0.382038
Cyclist -1 -1 -10 470.000000 173.000000 495.000000 232.000000 1.783022 0.485339 1.589485 -5.736014 1.338918 34.350189 -1.155289 0.148488
Cyclist -1 -1 -10 437.000000 169.000000 476.000000 241.000000 1.699921 0.516288 1.668995 -4.694162 1.020985 24.524157 0.878097 0.084117
Cyclist -1 -1 -10 462.000000 168.000000 478.000000 246.000000 1.660028 0.421745 1.393917 -1.629048 1.322750 8.860134 -1.782261 0.053473
Cyclist -1 -1 -10 787.000000 177.000000 823.000000 238.000000 1.641116 0.474826 1.644058 4.170588 1.353520 14.859912 1.407937 0.044798
Cyclist -1 -1 -10 748.000000 160.000000 792.000000 271.000000 1.749755 0.598764 1.711437 2.479568 1.469151 10.782093 0.733140 0.034561
Cyclist -1 -1 -10 479.000000 180.000000 504.000000 232.000000 1.709795 0.549819 1.562453 -5.568947 1.363118 35.271996 -1.008651 0.023008
Cyclist -1 -1 -10 376.000000 173.000000 430.000000 241.000000 1.712152 0.739092 1.791364 -6.663285 1.235572 24.685928 -0.185468 0.022168
Cyclist -1 -1 -10 408.000000 175.000000 424.000000 240.000000 1.687121 0.678529 1.762928 -5.987826 1.228914 22.835459 2.854953 0.015059
