Pedestrian -1 -1 -10 717.000000 179.000000 728.000000 210.000000 1.807512 0.631877 0.530117 4.741418 1.986855 30.756477 -1.558064 0.542232
Pedestrian -1 -1 -10 701.000000 171.000000 709.000000 213.000000 1.575628 0.475391 0.470134 5.263859 1.365583 39.314892 1.755790 0.114665
Pedestrian -1 -1 -10 714.000000 179.000000 735.000000 216.000000 1.769228 0.680859 0.613771 4.714137 2.024829 30.412513 -1.914465 0.057775
Pedestrian -1 -1 -10 713.000000 177.000000 722.000000 213.000000 1.691497 0.600897 0.575095 4.569071 1.709515 30.383182 -0.898148 0.019226
Car -1 -1 -10 529.000000 177.000000 575.000000 213.000000 1.485432 1.641459 4.090179 -2.563325 1.701195 32.002162 1.581581 0.999369
Car -1 -1 -10 690.000000 184.000000 802.000000 266.000000 1.438043 1.608620 3.826257 2.690794 1.679240 14.877690 -1.540947 0.999118
Car -1 -1 -10 654.000000 179.000000 706.000000 220.000000 1.524907 1.622191 3.901715 2.626319 1.740445 27.584346 1.540356 0.997129
Car -1 -1 -10 -3.000000 194.000000 442.000000 373.000000 1.522912 1.671627 4.151328 -2.686187 1.744255 5.412629 1.543184 0.989725
Car -1 -1 -10 641.000000 174.000000 670.000000 202.000000 1.554079 1.637727 3.833639 2.989512 1.662510 47.646240 -1.483393 0.286980
Cyclist -1 -1 -10 716.000000 178.000000 731.000000 215.000000 1.703207 0.638948 1.669581 5.091318 1.427599 32.262060 0.779340 0.018397
