Pedestrian -1 -1 -10 69.000000 180.000000 91.000000 231.000000 1.829155 0.646006 0.719430 -19.921876 2.281691 27.260569 1.112170 0.758474
Pedestrian -1 -1 -10 104.000000 183.000000 120.000000 228.000000 1.681767 0.552674 0.695127 -8.510686 1.682801 12.041937 -0.465168 0.554324
Pedestrian -1 -1 -10 101.000000 185.000000 134.000000 223.000000 1.789202 0.719655 0.532871 -18.713753 2.161810 27.504141 -2.130572 0.081647
Pedestrian -1 -1 -10 76.000000 185.000000 126.000000 227.000000 1.790037 0.533118 0.647154 -16.137065 2.048754 22.755738 -2.699938 0.016623
Pedestrian -1 -1 -10 51.000000 186.000000 114.000000 234.000000 1.754590 0.645099 0.678030 -16.010481 1.909134 22.955086 -1.621639 0.011105
Pedestrian -1 -1 -10 36.000000 194.000000 151.000000 249.000000 1.800991 0.568868 0.883271 -15.693119 2.609754 21.860937 1.922660 0.010351
Car -1 -1 -10 598.000000 173.000000 631.000000 202.000000 1.553430 1.699553 4.026398 0.342403 1.634820 44.238207 -1.561084 0.999140
Car -1 -1 -10 29.000000 198.000000 161.000000 250.000000 1.509544 1.623443 3.896628 -16.206790 2.321780 22.992801 1.564338 0.996096
Car -1 -1 -10 54.000000 191.000000 138.000000 234.000000 1.513594 1.569520 3.638532 -16.856349 2.191000 23.365569 -2.124308 0.011384
Car -1 -1 -10 61.000000 189.000000 101.000000 228.000000 1.519226 1.624945 3.792159 -20.342498 1.802176 28.607520 -2.184550 0.010513
Cyclist -1 -1 -10 33.000000 197.000000 160.000000 250.000000 1.716941 0.840194 1.828921 -15.637229 2.488414 22.127057 1.906331 0.025062
Cyclist -1 -1 -10 99.000000 184.000000 125.000000 225.000000 1.620011 0.448018 1.480108 -8.351010 1.235794 11.847825 -2.209623 0.024141
Cyclist -1 -1 -10 65.000000 185.000000 96.000000 228.000000 1.701979 0.696164 1.670223 -19.947551 1.916867 27.339298 2.450115 0.023912
