Pedestrian -1 -1 -10 16.000000 162.000000 57.000000 262.000000 1.739617 0.623730 0.765919 -12.120756 1.408644 15.357122 1.795673 0.281875
Car -1 -1 -10 665.000000 175.000000 749.000000 243.000000 1.688157 1.682539 4.073877 2.713768 1.846411 20.734957 -1.615535 0.997210
Car -1 -1 -10 295.000000 183.000000 456.000000 245.000000 1.559266 1.592905 3.922766 -6.084861 1.800157 19.054695 0.547277 0.987994
Car -1 -1 -10 337.000000 175.000000 483.000000 230.000000 1.535525 1.571852 3.835701 -6.518738 1.717896 23.319931 -3.128113 0.982744
Car -1 -1 -10 183.000000 184.000000 414.000000 264.000000 1.496700 1.604398 4.004730 -6.766878 1.714152 15.558371 -3.138098 0.966995
Car -1 -1 -10 652.000000 182.000000 696.000000 221.000000 1.488407 1.566691 3.837841 2.631376 1.913680 31.840088 -1.573131 0.794934
Car -1 -1 -10 634.000000 181.000000 665.000000 206.000000 1.540452 1.601205 3.672424 2.472847 1.972449 43.654777 -1.600623 0.649676
Car -1 -1 -10 395.000000 176.000000 512.000000 217.000000 1.743993 1.624753 4.048093 -6.493868 1.893750 28.699886 0.131100 0.223484
Car -1 -1 -10 459.000000 178.000000 537.000000 207.000000 1.566015 1.568475 3.798795 -5.818267 2.033023 46.886106 -1.122721 0.136745
Car -1 -1 -10 905.000000 258.000000 1170.000000 373.000000 1.451769 1.588015 3.967400 2.654669 1.568138 6.588260 1.239464 0.012857
Cyclist -1 -1 -10 990.000000 277.000000 1174.000000 371.000000 1.649276 0.755022 1.837543 3.306145 2.141997 4.979029 3.279459 0.123793
Cyclist -1 -1 -10 11.000000 164.000000 60.000000 264.000000 1.780720 0.602652 1.578055 -11.896668 1.417049 15.070631 -1.625475 0.064149
Cyclist -1 -1 -10 876.000000 229.000000 1157.000000 368.000000 1.738218 0.656475 1.813010 2.940824 1.922087 5.678430 1.100019 0.044418
