Pedestrian -1 -1 -10 654.000000 171.000000 675.000000 236.000000 1.715237 0.648087 0.839341 1.741395 1.464346 20.080150 1.741669 0.987102
Pedestrian -1 -1 -10 675.000000 170.000000 700.000000 235.000000 1.813007 0.728698 0.986457 2.355359 1.481926 20.363631 1.805381 0.957244
Pedestrian -1 -1 -10 484.000000 168.000000 507.000000 233.000000 1.735527 0.687178 0.867716 -2.902936 1.369740 19.581943 -1.643737 0.933484
Pedestrian -1 -1 -10 865.000000 190.000000 902.000000 306.000000 1.748331 0.570790 0.686147 4.084020 1.731317 10.784499 0.894621 0.278519
Pedestrian -1 -1 -10 936.000000 186.000000 998.000000 321.000000 1.757776 0.557292 0.645054 3.609559 1.494501 7.345063 -0.628291 0.236645
Pedestrian -1 -1 -10 886.000000 204.000000 925.000000 323.000000 1.753212 0.694437 0.658799 4.282782 1.808320 10.330096 -1.715151 0.223655
Pedestrian -1 -1 -10 441.000000 171.000000 452.000000 205.000000 1.736930 0.604962 0.635620 -6.454084 1.164947 29.834059 2.891929 0.088847
Pedestrian -1 -1 -10 561.000000 173.000000 573.000000 208.000000 1.794916 0.657694 0.917329 -1.765058 1.315614 36.188728 -2.060978 0.086139
Pedestrian -1 -1 -10 580.000000 172.000000 592.000000 204.000000 1.756206 0.583596 0.754182 -1.014913 1.220405 42.372379 0.539891 0.057905
Pedestrian -1 -1 -10 843.000000 190.000000 937.000000 308.000000 1.649832 0.552033 0.581828 2.601045 1.670856 6.783112 1.411779 0.057195
Pedestrian -1 -1 -10 886.000000 201.000000 1004.000000 365.000000 1.730095 0.816316 0.845994 2.479847 1.777129 5.266663 1.854823 0.042015
Pedestrian -1 -1 -10 1187.000000 212.000000 1237.000000 363.000000 1.705730 0.637387 0.631260 5.232986 1.596563 6.062139 -1.381407 0.025330
Cyclist -1 -1 -10 863.000000 195.000000 917.000000 311.000000 1.759067 0.564157 1.321762 3.762100 1.647457 9.485098 1.358560 0.209550
Cyclist -1 -1 -10 854.000000 189.000000 896.000000 301.000000 1.668460 0.729641 1.758835 3.975936 1.492527 10.789342 2.472051 0.034817
Cyclist -1 -1 -10 484.000000 168.000000 507.000000 234.000000 1.813824 0.623253 1.759618 -3.015230 1.449681 19.741030 -1.819411 0.028903
Cyclist -1 -1 -10 886.000000 204.000000 925.000000 323.000000 1.626213 0.362926 1.338152 3.147522 1.374551 7.417752 -1.221735 0.027630
Cyclist -1 -1 -10 930.000000 182.000000 1001.000000 342.000000 1.647980 0.743058 1.634947 2.877947 1.583847 5.184592 1.293322 0.018826
Cyclist -1 -1 -10 860.000000 192.000000 986.000000 325.000000 1.655154 0.855557 1.751263 2.454674 1.660406 5.133846 1.267447 0.013016
Cyclist -1 -1 -10 1203.000000 186.000000 1237.000000 360.000000 1.657973 0.612495 1.710546 5.385735 1.699595 6.385735 -0.848104 0.013005
