Pedestrian -1 -1 -10 144.000000 185.000000 187.000000 288.000000 1.730632 0.525864 0.756925 -6.591424 1.603816 10.594757 -1.638825 0.922973
Car -1 -1 -10 783.000000 179.000000 1185.000000 376.000000 1.513284 1.613593 3.775785 2.950942 1.537313 6.620861 -1.556887 0.999229
Car -1 -1 -10 129.000000 177.000000 398.000000 349.000000 1.692585 1.644393 3.931393 -4.254242 1.815595 9.563834 1.571809 0.997438
Car -1 -1 -10 717.000000 170.000000 889.000000 274.000000 1.575061 1.649519 3.975340 3.161285 1.539302 12.615742 -1.636089 0.996362
Car -1 -1 -10 493.000000 179.000000 529.000000 204.000000 1.469771 1.618593 3.790184 -6.046195 1.873277 44.600264 -1.726119 0.863721
Car -1 -1 -10 -1.000000 186.000000 165.000000 374.000000 1.579790 1.641182 3.908098 -4.529974 1.646534 4.221377 1.534448 0.575166
Car -1 -1 -10 630.000000 173.000000 670.000000 201.000000 1.637988 1.611066 3.938266 2.007735 1.632859 42.242313 1.563871 0.227946
Car -1 -1 -10 654.000000 172.000000 706.000000 212.000000 1.562164 1.612875 3.589572 2.607651 1.416953 27.603454 -1.606133 0.220734
Car -1 -1 -10 -1.000000 186.000000 132.000000 292.000000 1.521159 1.516649 3.462549 -7.122186 1.553387 8.704660 1.478981 0.014140
Cyclist -1 -1 -10 142.000000 183.000000 190.000000 289.000000 1.715627 0.492584 1.581649 -7.148713 1.533128 11.458820 0.446318 0.019419
Cyclist -1 -1 -10 -5.000000 187.000000 177.000000 369.000000 1.760211 0.568328 1.880734 -4.064625 1.710700 4.907118 1.570599 0.015861
