Car -1 -1 -10 579.000000 177.000000 616.000000 211.000000 1.595090 1.662525 4.011462 -0.537273 1.128389 36.222916 -1.587150 0.999782
Car -1 -1 -10 405.000000 186.000000 511.000000 255.000000 1.438582 1.615701 3.933573 -3.363607 1.465196 16.366922 -1.569373 0.999501
Car -1 -1 -10 272.000000 186.000000 383.000000 244.000000 1.417261 1.590961 3.868290 -7.548385 1.421054 19.684785 -1.589880 0.998339
Car -1 -1 -10 2.000000 195.000000 280.000000 373.000000 1.551124 1.639791 3.875259 -3.558158 1.654520 4.320849 -1.574032 0.983827
Car -1 -1 -10 382.000000 178.000000 433.000000 219.000000 1.499687 1.658720 3.821795 -7.804513 1.317779 29.102216 -1.651445 0.979329
Car -1 -1 -10 240.000000 183.000000 316.000000 223.000000 1.466650 1.646152 3.958610 -12.861796 1.424989 27.800272 -1.504195 0.959857
Car -1 -1 -10 473.000000 182.000000 523.000000 215.000000 1.432552 1.597624 4.012931 -4.832431 1.297503 31.821346 -1.585823 0.953128
Car -1 -1 -10 -6.000000 185.000000 180.000000 263.000000 1.584529 1.660724 3.887099 -12.296790 1.623488 17.177043 -1.554261 0.870051
Car -1 -1 -10 310.000000 178.000000 368.000000 204.000000 1.476623 1.588970 4.005405 -16.012895 0.912746 41.292494 1.142632 0.756381
Cyclist -1 -1 -10 -3.000000 186.000000 173.000000 261.000000 1.735423 0.722511 2.057969 -11.802199 1.586802 17.065157 -1.571515 0.015012
