Pedestrian -1 -1 -10 742.000000 159.000000 836.000000 372.000000 1.741330 0.642463 1.049341 1.507505 1.534874 5.975159 -2.283277 0.998063
Pedestrian -1 -1 -10 421.000000 164.000000 471.000000 295.000000 1.727679 0.662823 0.809201 -2.121515 1.517577 9.678304 -2.195742 0.997627
Pedestrian -1 -1 -10 537.000000 163.000000 599.000000 318.000000 1.826247 0.686460 0.953872 -0.302442 1.554151 9.484369 0.981035 0.994002
Pedestrian -1 -1 -10 639.000000 160.000000 681.000000 283.000000 1.724146 0.626849 0.822555 0.837900 1.363714 10.361511 -2.396438 0.993852
Pedestrian -1 -1 -10 505.000000 160.000000 546.000000 270.000000 1.787960 0.615254 0.993231 -1.351215 1.407601 11.753239 -2.261641 0.986579
Pedestrian -1 -1 -10 704.000000 157.000000 759.000000 332.000000 1.742244 0.602918 0.937443 1.260916 1.546931 7.467690 -2.018652 0.984458
Pedestrian -1 -1 -10 592.000000 166.000000 637.000000 289.000000 1.681150 0.562122 0.777495 0.152183 1.461386 10.285163 -2.092553 0.960352
Pedestrian -1 -1 -10 313.000000 157.000000 365.000000 268.000000 1.779214 0.772265 0.679067 -4.983893 1.445874 13.977273 -3.488138 0.634687
Pedestrian -1 -1 -10 441.000000 170.000000 478.000000 271.000000 1.748402 0.639021 0.613938 -2.585368 1.452718 13.231447 -2.259665 0.190011
Pedestrian -1 -1 -10 725.000000 161.000000 792.000000 355.000000 1.843677 0.693094 1.127325 1.467539 1.542547 5.976138 -2.841214 0.180594
Pedestrian -1 -1 -10 424.000000 170.000000 506.000000 260.000000 1.741493 0.679182 0.704519 -2.649530 1.394117 13.624198 -1.253984 0.055159
Pedestrian -1 -1 -10 525.000000 158.000000 565.000000 282.000000 1.631119 0.542721 0.552974 -1.074771 1.466630 11.798659 2.495670 0.052014
Pedestrian -1 -1 -10 554.000000 164.000000 591.000000 236.000000 1.713951 0.586837 0.632106 -0.583814 1.146703 13.071061 -2.109462 0.050662
Pedestrian -1 -1 -10 682.000000 159.000000 700.000000 207.000000 1.747119 0.613946 0.746994 3.614064 0.933128 28.605128 2.123111 0.049570
Pedestrian -1 -1 -10 440.000000 165.000000 460.000000 216.000000 1.774001 0.673343 0.825910 -4.868628 1.036764 22.509761 1.898785 0.047173
Car -1 -1 -10 447.000000 171.000000 520.000000 238.000000 1.555822 1.609058 3.898561 -2.927311 1.301057 18.609242 1.549394 0.625902
Car -1 -1 -10 416.000000 174.000000 486.000000 266.000000 1.592045 1.608708 3.732328 -2.307779 1.328104 14.856508 -1.283498 0.070041
Cyclist -1 -1 -10 424.000000 166.000000 478.000000 289.000000 1.766739 0.540758 1.727502 -2.239350 1.552036 9.713085 -2.279953 0.076226
Cyclist -1 -1 -10 448.000000 171.000000 520.000000 239.000000 1.696022 0.562644 1.770292 -2.642918 1.418593 17.554297 2.421940 0.027853
Cyclist -1 -1 -10 553.000000 163.000000 593.000000 294.000000 1.720432 0.646516 1.805767 -0.368588 1.378908 9.250446 -1.617542 0.020579
Cyclist -1 -1 -10 436.000000 174.000000 479.000000 246.000000 1.694410 0.602106 1.623748 -2.985296 1.619308 17.045435 -1.761502 0.016155
Cyclist -1 -1 -10 440.000000 170.000000 465.000000 225.000000 1.690320 0.610360 1.680954 -4.775182 0.923400 22.541790 -2.310150 0.013978
