Pedestrian -1 -1 -10 284.000000 168.000000 322.000000 272.000000 1.775877 0.609713 0.680580 -4.991923 1.465034 11.562187 -1.456771 0.957206
Pedestrian -1 -1 -10 333.000000 169.000000 364.000000 291.000000 1.745556 0.496539 0.754125 -5.187318 1.412719 13.797245 1.830404 0.849079
Pedestrian -1 -1 -10 307.000000 171.000000 380.000000 289.000000 1.699332 0.649924 0.754653 -5.198891 1.427724 13.476923 -1.465391 0.357873
Pedestrian -1 -1 -10 279.000000 169.000000 453.000000 288.000000 1.768954 0.857503 0.773110 -3.173730 1.799005 10.341695 -1.471618 0.078446
Pedestrian -1 -1 -10 335.000000 175.000000 414.000000 284.000000 1.754255 0.755282 0.639183 -4.802512 1.687078 13.119089 -1.435673 0.052074
Pedestrian -1 -1 -10 256.000000 174.000000 331.000000 297.000000 1.763975 0.680898 0.624124 -4.673820 1.664680 10.809837 -1.501120 0.051576
Pedestrian -1 -1 -10 105.000000 186.000000 474.000000 373.000000 1.717007 0.669170 0.920362 -2.303863 2.027297 5.789489 -1.526427 0.022632
Pedestrian -1 -1 -10 312.000000 181.000000 348.000000 291.000000 1.705845 0.613976 0.622055 -4.444284 1.468819 10.767929 -2.496782 0.012860
Car -1 -1 -10 662.000000 179.000000 734.000000 234.000000 1.489110 1.607688 3.855398 2.432889 1.645469 20.880666 -1.600675 0.999023
Car -1 -1 -10 118.000000 194.000000 457.000000 372.000000 1.506491 1.650187 3.956505 -2.790684 1.752899 7.280215 -1.554478 0.996662
Car -1 -1 -10 527.000000 179.000000 566.000000 215.000000 1.571833 1.651032 4.099621 -3.033776 1.884524 34.737297 -1.634569 0.995811
Car -1 -1 -10 783.000000 187.000000 1238.000000 377.000000 1.473967 1.605846 3.796938 2.449251 1.595809 5.074147 -1.598105 0.980912
Car -1 -1 -10 639.000000 179.000000 687.000000 214.000000 1.513936 1.633823 3.933683 2.458946 1.760290 33.606891 -1.677351 0.974771
Car -1 -1 -10 1.000000 200.000000 281.000000 375.000000 1.529253 1.623044 3.890242 -2.822946 1.652139 2.554775 -1.611300 0.956563
Car -1 -1 -10 308.000000 186.000000 474.000000 282.000000 1.523925 1.582925 3.767298 -3.311203 1.818341 12.065540 -1.633284 0.954209
Car -1 -1 -10 631.000000 178.000000 665.000000 207.000000 1.497717 1.587389 3.774348 1.970785 1.773828 39.311635 -1.543798 0.473103
Car -1 -1 -10 206.000000 178.000000 402.000000 325.000000 1.492652 1.611501 3.936596 -3.278278 1.509060 6.970307 -1.869818 0.024029
Cyclist -1 -1 -10 332.000000 180.000000 451.000000 283.000000 1.676266 0.715357 1.708354 -3.426536 1.586055 11.052927 2.817163 0.285705
Cyclist -1 -1 -10 327.000000 173.000000 376.000000 287.000000 1.644008 0.570100 1.715016 -5.004001 1.305037 13.526339 0.777927 0.088088
Cyclist -1 -1 -10 246.000000 189.000000 433.000000 275.000000 1.697031 0.481972 1.444753 -5.377463 1.708758 14.805209 -1.962665 0.054391
Cyclist -1 -1 -10 256.000000 174.000000 331.000000 297.000000 1.692600 0.711075 1.787106 -4.591159 1.368019 10.916712 0.573795 0.030911
Cyclist -1 -1 -10 117.000000 191.000000 464.000000 375.000000 1.717818 0.674188 1.832396 -2.246442 1.823161 5.992854 1.717214 0.013105
