Car -1 -1 -10 199.000000 175.000000 422.000000 248.000000 1.524931 1.673963 4.072735 -6.635218 1.591613 16.251353 -3.121838 0.997523
Car -1 -1 -10 882.000000 161.000000 1248.000000 303.000000 1.666018 1.666645 4.180074 6.323634 1.596035 10.206228 3.140972 0.983781
Car -1 -1 -10 -2.000000 183.000000 228.000000 323.000000 1.481493 1.573538 3.714931 -6.809068 1.610950 9.207122 -3.186257 0.942973
Car -1 -1 -10 298.000000 169.000000 485.000000 230.000000 1.755457 1.683486 3.927331 -6.034376 1.585186 21.382819 -3.361507 0.902592
Car -1 -1 -10 665.000000 134.000000 778.000000 240.000000 2.111108 1.749765 4.325330 2.747179 1.546016 19.676766 -1.612571 0.751291
Car -1 -1 -10 422.000000 172.000000 512.000000 205.000000 1.481781 1.625195 3.849780 -7.389115 1.525896 36.855778 -2.774872 0.386985
Car -1 -1 -10 461.000000 172.000000 529.000000 202.000000 1.566771 1.619684 4.042007 -6.951867 1.670970 39.178992 -2.928350 0.379431
Car -1 -1 -10 658.000000 174.000000 711.000000 220.000000 1.517155 1.546315 3.415627 2.776372 1.749401 26.480739 -1.650421 0.074879
Car -1 -1 -10 642.000000 167.000000 690.000000 204.000000 1.645048 1.608623 3.522976 2.654139 1.373751 35.660280 -1.616995 0.045221
Car -1 -1 -10 1073.000000 155.000000 1244.000000 254.000000 1.458069 1.597634 3.911132 7.110132 1.228664 10.406219 3.135170 0.027048
Car -1 -1 -10 643.000000 158.000000 718.000000 210.000000 1.840510 1.605662 3.663037 2.530010 1.350872 36.089858 -1.616690 0.020682
