Pedestrian -1 -1 -10 805.000000 168.000000 840.000000 252.000000 1.769700 0.665055 0.934777 4.298855 1.619626 14.885976 1.379052 0.987628
Pedestrian -1 -1 -10 802.000000 174.000000 825.000000 225.000000 1.785257 0.654479 0.538057 4.861975 1.812552 16.908573 -1.948661 0.058252
Pedestrian -1 -1 -10 53.000000 206.000000 87.000000 278.000000 1.711088 0.464426 0.843835 -11.816982 2.370083 15.635108 1.930836 0.042742
Car -1 -1 -10 342.000000 190.000000 431.000000 254.000000 1.436210 1.575668 3.899823 -5.674185 1.839304 17.819871 1.122027 0.999719
Car -1 -1 -10 0.000000 203.000000 327.000000 372.000000 1.463292 1.574920 3.747507 -3.754041 1.780892 6.048819 1.482200 0.992853
Car -1 -1 -10 485.000000 178.000000 579.000000 211.000000 1.580672 1.677885 4.066583 -3.944358 1.867122 35.358198 -0.722812 0.987979
Car -1 -1 -10 621.000000 177.000000 711.000000 206.000000 1.550189 1.632286 4.264753 2.978134 1.809320 38.726317 2.727486 0.978643
Car -1 -1 -10 163.000000 185.000000 291.000000 227.000000 1.563989 1.658185 4.031544 -14.793897 2.095783 27.998855 -0.021666 0.941421
Car -1 -1 -10 221.000000 190.000000 294.000000 218.000000 1.450008 1.617594 3.891466 -14.579884 1.920502 28.087819 0.025678 0.022292
Cyclist -1 -1 -10 47.000000 204.000000 91.000000 278.000000 1.778296 0.671792 1.731169 -11.792801 2.277990 15.776632 0.428185 0.455449
Cyclist -1 -1 -10 806.000000 168.000000 839.000000 252.000000 1.829662 0.630334 1.750904 4.265293 1.656103 14.777512 1.706133 0.193888
Cyclist -1 -1 -10 802.000000 174.000000 825.000000 225.000000 1.718192 0.494506 1.423855 4.261611 1.326903 15.713124 -1.360665 0.038975
Cyclist -1 -1 -10 158.000000 182.000000 291.000000 225.000000 1.727778 0.653516 1.776890 -14.648958 2.150307 27.420450 -0.010588 0.019667
