Pedestrian -1 -1 -10 806.000000 129.000000 864.000000 326.000000 1.812234 0.649192 0.878490 2.286198 1.382244 7.240133 1.358289 0.998821
Pedestrian -1 -1 -10 644.000000 142.000000 687.000000 261.000000 1.780988 0.632260 0.745500 0.894983 1.198768 10.712970 1.572695 0.998343
Pedestrian -1 -1 -10 710.000000 136.000000 782.000000 334.000000 1.777560 0.655232 0.886832 1.322960 1.442832 7.098336 1.291174 0.998066
Pedestrian -1 -1 -10 605.000000 139.000000 656.000000 258.000000 1.792477 0.661150 0.896886 0.401397 1.200290 10.912788 1.130340 0.997038
Pedestrian -1 -1 -10 568.000000 141.000000 607.000000 247.000000 1.807151 0.708725 0.676068 -0.377588 1.146647 12.468590 0.363059 0.994303
Pedestrian -1 -1 -10 477.000000 139.000000 516.000000 262.000000 1.734629 0.610204 0.912538 -1.747662 1.143216 10.787853 0.834482 0.993895
Pedestrian -1 -1 -10 774.000000 143.000000 811.000000 255.000000 1.741834 0.564395 0.684771 2.982986 1.154868 11.358941 1.334393 0.992440
Pedestrian -1 -1 -10 532.000000 138.000000 568.000000 252.000000 1.767047 0.670120 0.823113 -1.006277 1.111140 11.788395 1.507328 0.990836
Pedestrian -1 -1 -10 681.000000 147.000000 700.000000 201.000000 1.804410 0.639590 0.680193 2.613554 0.676358 22.293316 -1.984097 0.965528
Pedestrian -1 -1 -10 504.000000 146.000000 535.000000 255.000000 1.739106 0.591910 0.655632 -1.426036 1.165772 11.542397 0.383439 0.960859
Pedestrian -1 -1 -10 456.000000 141.000000 482.000000 221.000000 1.771792 0.681174 0.817998 -3.230028 0.866234 16.594410 1.246789 0.740515
Pedestrian -1 -1 -10 607.000000 139.000000 637.000000 224.000000 1.748013 0.557109 0.755769 0.225671 0.702797 17.299056 1.546218 0.627640
Pedestrian -1 -1 -10 513.000000 146.000000 549.000000 233.000000 1.765576 0.571742 0.737950 -1.719809 1.072860 16.895076 2.021211 0.462058
Pedestrian -1 -1 -10 722.000000 146.000000 747.000000 199.000000 1.752290 0.629977 0.670016 4.296837 0.596261 23.879295 -0.827603 0.319226
Pedestrian -1 -1 -10 524.000000 140.000000 544.000000 218.000000 1.852696 0.712850 0.889968 -1.703608 0.975374 16.991942 1.078599 0.285657
Pedestrian -1 -1 -10 560.000000 139.000000 580.000000 210.000000 1.689079 0.545654 0.677540 -0.913903 0.564786 17.241470 0.361669 0.260699
Pedestrian -1 -1 -10 1102.000000 185.000000 1148.000000 274.000000 1.787451 0.558926 0.730264 12.814092 2.055472 17.402308 1.153413 0.251374
Pedestrian -1 -1 -10 266.000000 137.000000 307.000000 224.000000 1.756434 0.618726 0.549539 -7.824737 0.567225 17.184540 -1.966642 0.101090
Pedestrian -1 -1 -10 491.000000 142.000000 512.000000 200.000000 1.787362 0.573027 0.717436 -5.327574 -0.124950 36.304475 2.341347 0.100895
Pedestrian -1 -1 -10 280.000000 142.000000 326.000000 221.000000 1.808618 0.614980 0.795901 -6.846710 0.923199 16.133766 2.559398 0.052802
Pedestrian -1 -1 -10 661.000000 150.000000 684.000000 215.000000 1.776413 0.646786 0.667680 1.912932 1.933244 19.174567 -2.064975 0.037340
Pedestrian -1 -1 -10 669.000000 147.000000 690.000000 205.000000 1.805405 0.610033 0.596089 2.587811 0.624448 22.401478 3.093352 0.031273
Pedestrian -1 -1 -10 511.000000 149.000000 535.000000 212.000000 1.713455 0.510108 0.658779 -2.007993 0.969178 18.321165 -1.647678 0.031166
Pedestrian -1 -1 -10 573.000000 141.000000 601.000000 201.000000 1.756608 0.579898 0.743055 -0.351376 0.712536 8.974712 2.992668 0.028999
Cyclist -1 -1 -10 259.000000 140.000000 338.000000 238.000000 1.732746 0.433163 1.488881 -6.110038 1.406471 14.737929 -1.374583 0.921353
Cyclist -1 -1 -10 268.000000 139.000000 310.000000 220.000000 1.674226 0.690871 1.722918 -7.954145 0.309262 17.366492 1.583700 0.387112
Cyclist -1 -1 -10 294.000000 151.000000 364.000000 211.000000 1.664736 0.529101 1.625763 -7.261750 0.940956 18.406079 -1.914736 0.301554
Cyclist -1 -1 -10 375.000000 144.000000 419.000000 193.000000 1.671982 0.475068 1.535853 -2.829260 0.899994 9.091354 -1.920961 0.257693
Cyclist -1 -1 -10 335.000000 151.000000 398.000000 198.000000 1.704899 0.481157 1.545201 -3.589405 0.606780 10.231496 -1.947644 0.257085
Cyclist -1 -1 -10 283.000000 144.000000 329.000000 218.000000 1.683131 0.508925 1.525892 -7.398697 1.256478 17.837045 -1.961763 0.213564
Cyclist -1 -1 -10 520.000000 144.000000 541.000000 216.000000 1.745583 0.645719 1.779604 -1.703149 0.865669 17.233605 -1.750427 0.053276
Cyclist -1 -1 -10 454.000000 141.000000 482.000000 225.000000 1.780535 0.631545 1.823851 -3.226873 0.792142 16.555170 1.328943 0.036822
Cyclist -1 -1 -10 567.000000 140.000000 604.000000 230.000000 1.723232 0.607375 1.774030 -0.436168 0.995606 12.589363 -1.628986 0.029914
Cyclist -1 -1 -10 608.000000 139.000000 637.000000 218.000000 1.821273 0.669778 1.757681 0.357209 0.731843 17.206902 1.540561 0.023812
Cyclist -1 -1 -10 500.000000 147.000000 536.000000 240.000000 1.719603 0.569760 1.691915 -1.427638 1.075923 11.666812 1.459860 0.019435
Cyclist -1 -1 -10 488.000000 139.000000 509.000000 191.000000 1.708785 0.528401 1.482323 -6.111663 -0.866066 39.799514 -1.725568 0.012401
