Car -1 -1 -10 26.000000 183.000000 296.000000 292.000000 1.535532 1.606973 3.751452 -6.997654 1.698193 11.663985 -3.116758 0.999062
Car -1 -1 -10 648.000000 182.000000 697.000000 221.000000 1.451101 1.617877 4.030565 2.498500 1.936196 30.083688 -1.611486 0.998723
Car -1 -1 -10 151.000000 183.000000 407.000000 267.000000 1.632082 1.604454 4.003171 -6.455873 1.821387 14.924280 -0.053263 0.994246
Car -1 -1 -10 344.000000 184.000000 482.000000 232.000000 1.527427 1.479646 3.751906 -6.249054 1.848053 24.375076 0.738563 0.952091
Car -1 -1 -10 1017.000000 218.000000 1240.000000 374.000000 1.496735 1.566386 3.761228 2.987188 1.624572 1.926487 1.506465 0.859261
Car -1 -1 -10 274.000000 186.000000 437.000000 244.000000 1.560841 1.631531 4.094769 -6.416960 1.975397 18.776403 -3.301867 0.849671
Car -1 -1 -10 415.000000 182.000000 520.000000 218.000000 1.576559 1.647813 3.905779 -5.938169 2.055367 31.796852 -0.043236 0.448681
Car -1 -1 -10 685.000000 105.000000 929.000000 290.000000 2.204189 1.838645 4.509028 2.862626 1.565209 11.846069 -1.569426 0.384488
Car -1 -1 -10 456.000000 181.000000 542.000000 209.000000 1.526924 1.630872 3.728003 -5.720402 1.959104 44.666158 0.982887 0.134176
Car -1 -1 -10 696.000000 177.000000 790.000000 233.000000 1.455710 1.525342 3.648835 2.830459 1.441214 15.436232 1.211344 0.039140
Car -1 -1 -10 694.000000 147.000000 853.000000 272.000000 1.804344 1.709560 4.359100 2.784330 1.422218 11.794412 -1.582038 0.025032
Car -1 -1 -10 671.000000 178.000000 720.000000 213.000000 1.544633 1.584244 3.829804 5.657729 1.883451 46.740676 2.173463 0.021367
Car -1 -1 -10 486.000000 178.000000 550.000000 203.000000 1.460215 1.619231 3.954905 -5.689450 1.754182 48.132987 0.965863 0.014653
