Pedestrian -1 -1 -10 661.000000 168.000000 671.000000 200.000000 1.777957 0.589408 0.720748 3.766325 1.569891 51.105826 -1.679278 0.045368
Car -1 -1 -10 563.000000 171.000000 646.000000 241.000000 1.579530 1.643298 3.852409 -0.057151 1.577933 18.514587 -1.469125 0.999006
Car -1 -1 -10 781.000000 169.000000 897.000000 244.000000 1.557764 1.631206 3.905063 5.129582 1.461056 16.583811 -1.518017 0.998857
Car -1 -1 -10 1.000000 195.000000 211.000000 325.000000 1.491213 1.568695 3.741111 -7.546200 1.745761 9.509848 -3.024884 0.997600
Car -1 -1 -10 923.000000 169.000000 1237.000000 377.000000 1.524582 1.626623 3.876568 3.278240 1.499913 4.129880 -1.439358 0.959533
Car -1 -1 -10 747.000000 164.000000 793.000000 206.000000 1.792322 1.706506 4.187839 7.247692 1.405718 33.457064 -1.473448 0.947771
Car -1 -1 -10 762.000000 169.000000 837.000000 226.000000 1.489239 1.599922 3.849976 5.771997 1.471327 22.873665 -1.445935 0.934719
Car -1 -1 -10 628.000000 175.000000 666.000000 210.000000 1.557196 1.596283 3.584533 1.696955 1.630761 32.133546 -1.440922 0.884778
Car -1 -1 -10 734.000000 165.000000 771.000000 198.000000 1.704465 1.689785 3.919356 9.177256 1.267586 43.510819 -0.793014 0.394131
Car -1 -1 -10 590.000000 167.000000 644.000000 220.000000 1.594136 1.637393 3.836297 0.161317 1.487305 23.567679 -1.565157 0.149942
