Car -1 -1 -10 694.000000 187.000000 796.000000 256.000000 1.489012 1.583716 3.532169 2.994458 1.817315 16.958850 -1.606934 0.997361
Car -1 -1 -10 -6.000000 183.000000 356.000000 293.000000 1.545831 1.573988 3.855131 -6.337187 1.679326 11.842118 -3.114432 0.995716
Car -1 -1 -10 229.000000 175.000000 429.000000 260.000000 1.658383 1.604048 4.131206 -6.196905 1.722473 16.159786 0.045073 0.989891
Car -1 -1 -10 311.000000 175.000000 470.000000 233.000000 1.538288 1.590523 3.761806 -6.334087 1.666148 21.585230 -3.195897 0.980388
Car -1 -1 -10 913.000000 182.000000 1238.000000 373.000000 1.492234 1.620714 3.796179 3.141605 1.602164 3.605687 -1.584326 0.966418
Car -1 -1 -10 4.000000 186.000000 205.000000 343.000000 1.561000 1.630651 3.887263 -6.822974 1.616096 7.367550 -3.180311 0.965692
Car -1 -1 -10 754.000000 185.000000 871.000000 228.000000 1.486465 1.658543 3.959476 7.113702 1.932500 24.464275 0.055844 0.953871
Car -1 -1 -10 383.000000 174.000000 504.000000 221.000000 1.458289 1.537493 3.896506 -4.679441 2.001550 25.620383 1.856058 0.805201
Car -1 -1 -10 466.000000 177.000000 534.000000 204.000000 1.543268 1.611162 3.806805 -5.812242 1.913366 41.179977 -1.708866 0.770952
Car -1 -1 -10 691.000000 180.000000 822.000000 227.000000 1.453476 1.527602 3.578454 5.889740 1.813517 25.955747 0.128681 0.248213
