Pedestrian -1 -1 -10 1148.000000 177.000000 1241.000000 379.000000 1.703835 0.578312 0.826352 4.594541 2.132428 5.724734 -0.495123 0.031714
Car -1 -1 -10 752.000000 179.000000 933.000000 247.000000 1.464369 1.638987 3.891956 5.547142 1.707167 17.597814 -0.045469 0.999406
Car -1 -1 -10 637.000000 180.000000 679.000000 214.000000 1.357459 1.598633 3.840109 2.040730 1.761356 31.995334 -1.600128 0.998741
Car -1 -1 -10 3.000000 180.000000 316.000000 316.000000 1.500547 1.563294 3.965145 -5.971439 1.746012 9.619959 0.051539 0.998051
Car -1 -1 -10 987.000000 177.000000 1242.000000 354.000000 1.571157 1.633128 3.893425 6.435990 1.687252 7.857400 -0.028300 0.994089
Car -1 -1 -10 345.000000 179.000000 488.000000 224.000000 1.572877 1.621871 4.068651 -6.768769 1.790324 25.548402 -0.049212 0.980842
Car -1 -1 -10 78.000000 177.000000 393.000000 272.000000 1.642714 1.641250 3.771584 -6.052212 1.721750 12.568882 -3.157141 0.954840
Car -1 -1 -10 256.000000 181.000000 428.000000 245.000000 1.528072 1.582298 3.877350 -6.426603 1.736303 17.388991 -3.129519 0.942257
Car -1 -1 -10 1142.000000 184.000000 1241.000000 368.000000 1.556270 1.661371 4.041503 6.041102 1.638776 6.722588 2.127177 0.389302
Car -1 -1 -10 445.000000 177.000000 527.000000 207.000000 1.649126 1.624070 4.143726 -6.627441 1.918983 38.640984 0.760197 0.251021
Car -1 -1 -10 396.000000 176.000000 502.000000 214.000000 1.714405 1.656440 3.930128 -7.398109 1.806320 33.032843 -0.093469 0.184586
