Pedestrian -1 -1 -10 673.000000 167.000000 682.000000 202.000000 1.824639 0.637773 0.813941 3.784848 1.595707 39.949170 1.288505 0.850132
Car -1 -1 -10 788.000000 183.000000 1176.000000 371.000000 1.514398 1.642576 3.863356 3.266531 1.632551 7.231972 -1.624677 0.999793
Car -1 -1 -10 172.000000 188.000000 362.000000 292.000000 1.502047 1.548088 3.548457 -5.386439 1.728494 11.828886 1.569587 0.998927
Car -1 -1 -10 311.000000 181.000000 432.000000 255.000000 1.512264 1.635100 3.956601 -5.386388 1.706379 16.505815 1.584862 0.998348
Car -1 -1 -10 738.000000 179.000000 895.000000 274.000000 1.457942 1.594369 3.621925 3.408991 1.602396 12.820699 -1.602029 0.996556
Car -1 -1 -10 1131.000000 232.000000 1242.000000 371.000000 1.532262 1.578114 3.811186 3.356100 1.639372 1.757827 -1.559865 0.220462
Car -1 -1 -10 292.000000 175.000000 337.000000 210.000000 1.518520 1.516800 3.317535 -14.063283 1.578429 34.053239 1.181756 0.141817
Car -1 -1 -10 833.000000 187.000000 953.000000 236.000000 1.507546 1.597443 3.871501 10.087602 1.796675 25.468556 0.242182 0.038515
Car -1 -1 -10 802.000000 185.000000 1020.000000 258.000000 1.468029 1.541169 3.288987 7.286486 1.457447 17.983920 1.089156 0.016349
Car -1 -1 -10 785.000000 182.000000 842.000000 219.000000 1.515410 1.631242 3.849170 10.091051 1.456571 38.368170 -1.461434 0.014372
Cyclist -1 -1 -10 985.000000 181.000000 1081.000000 229.000000 1.733203 0.684165 1.919800 9.432936 1.485323 15.789814 1.343613 0.011184
