Pedestrian -1 -1 -10 661.000000 170.000000 680.000000 218.000000 1.764138 0.619364 0.761061 1.897700 1.453380 22.475740 -0.912339 0.232120
Pedestrian -1 -1 -10 675.000000 167.000000 704.000000 227.000000 1.794055 0.656477 0.964849 2.167644 1.641257 20.892111 2.809848 0.059185
Pedestrian -1 -1 -10 668.000000 169.000000 693.000000 215.000000 1.700162 0.605142 0.790045 1.977290 1.351639 21.007877 -1.893203 0.015209
Pedestrian -1 -1 -10 659.000000 171.000000 675.000000 203.000000 1.758869 0.618645 0.624113 1.789910 1.699508 22.751204 2.251850 0.010862
Pedestrian -1 -1 -10 692.000000 161.000000 714.000000 192.000000 1.735471 0.574602 0.743900 0.679971 1.060547 6.761474 3.113146 0.010547
Car -1 -1 -10 376.000000 177.000000 515.000000 280.000000 1.556460 1.640985 3.889388 -2.910045 1.620977 13.270125 -1.599773 0.999578
Car -1 -1 -10 587.000000 173.000000 614.000000 200.000000 1.581526 1.647362 3.986744 -0.743010 1.714433 46.764668 -1.603931 0.996117
Car -1 -1 -10 135.000000 191.000000 256.000000 249.000000 1.467029 1.594398 3.792274 -12.433069 2.131342 22.161123 1.553594 0.995880
Cyclist -1 -1 -10 671.000000 160.000000 742.000000 229.000000 1.752742 0.523625 1.710402 2.518051 1.457743 19.333747 -2.588545 0.999662
Cyclist -1 -1 -10 668.000000 166.000000 708.000000 224.000000 1.791711 0.569060 1.795343 2.084035 1.450738 21.003351 1.756993 0.940614
Cyclist -1 -1 -10 662.000000 170.000000 690.000000 216.000000 1.718203 0.561203 1.702894 1.986389 1.348261 21.329562 2.043648 0.610584
Cyclist -1 -1 -10 801.000000 181.000000 819.000000 211.000000 1.662113 0.592522 1.624584 7.510332 1.672134 26.431113 0.314285 0.115487
Cyclist -1 -1 -10 672.000000 171.000000 684.000000 215.000000 1.694903 0.590510 1.728405 1.915407 1.341493 20.804870 1.174449 0.058217
Cyclist -1 -1 -10 664.000000 169.000000 677.000000 220.000000 1.717431 0.475451 1.555496 1.874315 1.428376 22.768516 1.162265 0.032449
Cyclist -1 -1 -10 684.000000 166.000000 710.000000 208.000000 1.677362 0.397745 1.422198 2.146354 1.156635 18.139868 -1.451264 0.022265
Cyclist -1 -1 -10 689.000000 165.000000 722.000000 192.000000 1.645635 0.469759 1.533228 1.252673 1.187901 10.633126 -1.495889 0.021769
Cyclist -1 -1 -10 688.000000 159.000000 717.000000 225.000000 1.793092 0.500472 1.667834 2.554771 1.407625 19.643208 -1.968753 0.018156
