Car -1 -1 -10 709.000000 184.000000 936.000000 332.000000 1.603507 1.609311 3.643995 2.639431 1.800880 9.748644 -1.728919 0.999584
Car -1 -1 -10 587.000000 184.000000 657.000000 232.000000 1.495607 1.565808 3.513185 0.318476 1.944499 24.441053 -1.773335 0.998532
Car -1 -1 -10 533.000000 179.000000 602.000000 208.000000 1.498996 1.607018 3.871657 -2.251009 1.910510 39.757220 2.415856 0.972006
Car -1 -1 -10 647.000000 179.000000 725.000000 210.000000 1.566450 1.638336 3.976695 3.962348 1.772433 36.412665 2.586965 0.960140
Car -1 -1 -10 696.000000 177.000000 783.000000 207.000000 1.480272 1.638491 4.008617 7.209455 1.775500 39.150950 -0.717189 0.815531
Car -1 -1 -10 762.000000 178.000000 837.000000 210.000000 1.493160 1.623959 3.888760 11.042004 1.848893 42.466810 -0.670624 0.391949
Car -1 -1 -10 773.000000 178.000000 875.000000 221.000000 1.557355 1.581060 3.701363 13.086579 1.706912 45.043060 -2.279064 0.055422
Car -1 -1 -10 629.000000 181.000000 689.000000 206.000000 1.528690 1.552477 3.475459 2.092733 1.851506 36.795748 -1.510404 0.044874
Car -1 -1 -10 801.000000 184.000000 889.000000 246.000000 1.547568 1.643323 4.018271 9.468374 1.156511 25.547945 -2.801816 0.040300
Car -1 -1 -10 776.000000 173.000000 824.000000 227.000000 1.482911 1.606736 3.802031 10.896764 1.857947 42.398192 -0.714653 0.024581
Car -1 -1 -10 795.000000 174.000000 847.000000 204.000000 1.509916 1.631045 3.886601 14.058321 1.505023 45.009477 -0.714426 0.011872
Cyclist -1 -1 -10 208.000000 177.000000 343.000000 373.000000 1.728058 0.595380 1.798527 -3.189015 1.838208 6.986706 1.459678 0.999580
Cyclist -1 -1 -10 784.000000 183.000000 895.000000 231.000000 1.714672 0.709196 1.692977 8.171579 1.734877 24.901244 2.274582 0.112791
Cyclist -1 -1 -10 759.000000 175.000000 849.000000 220.000000 1.683255 0.742776 1.896534 10.894650 1.960879 41.771289 2.520811 0.051842
