Car -1 -1 -10 763.000000 183.000000 970.000000 321.000000 1.526961 1.602541 3.762141 3.253325 1.723416 9.887021 -1.560432 0.999352
Car -1 -1 -10 127.000000 183.000000 393.000000 265.000000 1.459786 1.667695 4.190131 -6.488165 1.629619 13.470331 -3.149489 0.998456
Car -1 -1 -10 679.000000 181.000000 731.000000 221.000000 1.494067 1.596669 3.761285 3.639831 1.818137 28.536328 -1.568565 0.997112
Car -1 -1 -10 369.000000 179.000000 490.000000 233.000000 1.574777 1.592300 3.953001 -5.980797 1.664993 23.618785 -3.188607 0.994305
Car -1 -1 -10 720.000000 176.000000 845.000000 267.000000 1.517869 1.639621 3.881988 3.407017 1.677139 14.944486 -1.562701 0.988955
Car -1 -1 -10 275.000000 183.000000 446.000000 243.000000 1.545300 1.651882 3.928030 -6.421675 1.777626 19.047950 -3.098678 0.974338
Car -1 -1 -10 422.000000 177.000000 511.000000 223.000000 1.507700 1.646472 4.052762 -5.331025 1.765003 27.245511 0.890980 0.956172
Car -1 -1 -10 2.000000 181.000000 242.000000 373.000000 1.585065 1.638199 4.183580 -6.018550 1.650529 6.549756 0.033286 0.941211
Car -1 -1 -10 456.000000 176.000000 535.000000 213.000000 1.578283 1.618804 3.845061 -4.859900 1.838350 34.287674 -1.675935 0.404284
Car -1 -1 -10 701.000000 177.000000 768.000000 223.000000 1.450442 1.599175 3.689154 3.802681 1.772020 28.317555 -1.482862 0.230361
