Pedestrian -1 -1 -10 468.000000 183.000000 486.000000 228.000000 1.727202 0.755739 0.722187 -5.326199 2.154392 28.336273 1.356800 0.014040
Car -1 -1 -10 645.000000 184.000000 716.000000 236.000000 1.477024 1.551551 3.478480 2.037878 1.848672 22.182111 -1.690809 0.997513
Car -1 -1 -10 705.000000 182.000000 837.000000 280.000000 1.501290 1.572496 3.758701 2.803762 1.742507 13.205292 1.535874 0.992373
Car -1 -1 -10 405.000000 192.000000 461.000000 239.000000 1.491648 1.621718 3.761983 -6.105319 2.111521 24.786689 -1.762236 0.986789
Car -1 -1 -10 757.000000 152.000000 1040.000000 357.000000 1.834251 1.695923 4.148447 2.897216 1.656961 7.928602 -1.578963 0.963037
Car -1 -1 -10 563.000000 185.000000 602.000000 215.000000 1.473783 1.569238 3.587334 -1.584789 2.299020 40.998390 -1.754583 0.596008
Car -1 -1 -10 607.000000 187.000000 675.000000 223.000000 1.470004 1.589753 3.716813 0.928673 1.774736 29.104808 -1.739881 0.351177
Car -1 -1 -10 1017.000000 151.000000 1240.000000 367.000000 1.530780 1.606774 3.774984 2.661035 1.228648 1.858490 1.584024 0.096704
Car -1 -1 -10 732.000000 173.000000 929.000000 301.000000 1.520365 1.565704 3.601094 3.165799 1.690420 10.903389 -1.501574 0.042105
Car -1 -1 -10 710.000000 187.000000 786.000000 248.000000 1.507650 1.564818 3.608688 2.664328 1.660375 15.402525 -1.499209 0.022994
Car -1 -1 -10 423.000000 190.000000 465.000000 224.000000 1.531490 1.612340 3.760901 -7.417621 2.359928 30.832870 -1.797011 0.016219
Cyclist -1 -1 -10 487.000000 182.000000 508.000000 226.000000 1.699237 0.591283 1.759224 -4.748906 2.113452 30.283998 1.428843 0.517243
Cyclist -1 -1 -10 467.000000 183.000000 487.000000 228.000000 1.767797 0.577114 1.725481 -5.327355 2.196249 28.318010 1.432774 0.133314
