Car -1 -1 -10 436.000000 188.000000 489.000000 225.000000 1.476882 1.574988 3.668505 -6.280923 2.154137 30.964773 1.593053 0.996559
Car -1 -1 -10 4.000000 209.000000 242.000000 373.000000 1.512696 1.601363 3.759037 -6.088578 2.071388 8.133121 1.633375 0.990837
Car -1 -1 -10 926.000000 191.000000 1227.000000 373.000000 1.518514 1.635892 3.839494 3.014008 1.593580 3.730448 -1.475317 0.973091
Car -1 -1 -10 648.000000 176.000000 693.000000 208.000000 1.452552 1.615912 3.812313 2.759965 1.641317 34.539610 -1.614678 0.951600
Car -1 -1 -10 463.000000 187.000000 510.000000 217.000000 1.458736 1.585169 3.751097 -6.255091 2.195390 36.388501 1.568797 0.917150
Car -1 -1 -10 227.000000 197.000000 292.000000 227.000000 1.513293 1.637619 4.004896 -18.849576 2.768657 37.699247 1.184575 0.647563
Car -1 -1 -10 120.000000 202.000000 198.000000 232.000000 1.531496 1.619636 3.791682 -23.875100 2.921087 38.420341 -1.514674 0.354359
Car -1 -1 -10 78.000000 204.000000 155.000000 233.000000 1.509548 1.639137 3.949413 -26.093349 3.271278 38.246340 -1.510097 0.320974
Car -1 -1 -10 -1.000000 204.000000 81.000000 242.000000 1.489954 1.642865 3.767648 -28.500699 4.029663 37.847673 0.209686 0.302890
Car -1 -1 -10 167.000000 197.000000 243.000000 228.000000 1.555738 1.644915 3.942993 -20.983606 2.916989 37.928402 -1.585113 0.197994
Car -1 -1 -10 490.000000 180.000000 527.000000 207.000000 1.521837 1.622683 3.805391 -6.214879 2.160684 44.690196 1.901754 0.078604
