Pedestrian -1 -1 -10 1026.000000 150.000000 1116.000000 343.000000 1.718538 0.699986 0.964602 4.241624 1.467983 6.543662 -1.453331 0.995903
Pedestrian -1 -1 -10 514.000000 170.000000 535.000000 230.000000 1.732406 0.604051 0.891773 -2.210825 1.438006 20.213157 -1.223306 0.976609
Pedestrian -1 -1 -10 342.000000 162.000000 386.000000 267.000000 1.713834 0.624254 0.634687 -3.473198 1.346127 10.452823 1.802298 0.966090
Pedestrian -1 -1 -10 661.000000 166.000000 686.000000 220.000000 1.726231 0.641753 0.920560 2.182320 1.366770 23.049158 -0.816126 0.964700
Pedestrian -1 -1 -10 571.000000 167.000000 589.000000 217.000000 1.747381 0.613753 0.767943 -0.857025 1.250827 26.162028 -0.901590 0.941065
Pedestrian -1 -1 -10 400.000000 159.000000 428.000000 241.000000 1.760614 0.650490 0.757719 -4.541749 1.331837 17.026247 -2.862997 0.898278
Pedestrian -1 -1 -10 627.000000 165.000000 643.000000 210.000000 1.750294 0.570478 0.834648 1.250472 1.165313 28.224351 -3.036119 0.677170
Pedestrian -1 -1 -10 656.000000 163.000000 675.000000 210.000000 1.787160 0.593410 0.749159 3.366893 1.086217 38.228291 -1.113021 0.076567
Car -1 -1 -10 141.000000 253.000000 297.000000 361.000000 1.505394 1.584368 3.860298 -4.047020 1.589768 6.559076 -3.201720 0.130328
Cyclist -1 -1 -10 569.000000 167.000000 589.000000 216.000000 1.746170 0.574650 1.744790 -0.959453 1.229574 26.188020 -2.028801 0.072516
Cyclist -1 -1 -10 513.000000 171.000000 536.000000 228.000000 1.734093 0.534496 1.728442 -2.326564 1.430183 20.330903 -1.743219 0.053532
