Pedestrian -1 -1 -10 543.000000 176.000000 552.000000 208.000000 1.825005 0.652896 0.858097 -3.423737 1.947454 40.251488 1.895095 0.268666
Pedestrian -1 -1 -10 555.000000 172.000000 565.000000 207.000000 1.870389 0.626982 0.889602 -2.813297 1.884949 40.664496 1.158646 0.144441
Pedestrian -1 -1 -10 548.000000 173.000000 563.000000 205.000000 1.838268 0.621510 0.940809 -3.159900 1.842866 40.368499 1.079806 0.016899
Car -1 -1 -10 671.000000 172.000000 752.000000 242.000000 1.594554 1.615833 3.613195 2.540098 1.666889 18.825134 -1.604813 0.998618
Car -1 -1 -10 400.000000 182.000000 482.000000 240.000000 1.544494 1.631388 3.881773 -5.091243 1.854891 22.270599 1.560707 0.998352
Car -1 -1 -10 486.000000 182.000000 526.000000 212.000000 1.591955 1.672211 4.051615 -5.451613 1.997511 38.225640 1.555122 0.997916
Car -1 -1 -10 -4.000000 180.000000 348.000000 374.000000 1.708957 1.663272 3.965821 -4.557197 1.827969 8.270185 -1.569711 0.989769
Car -1 -1 -10 901.000000 183.000000 1229.000000 376.000000 1.504848 1.585490 3.705136 2.662700 1.643850 2.955766 -1.585858 0.951244
Car -1 -1 -10 2.000000 196.000000 49.000000 374.000000 1.560775 1.645882 3.920154 -4.686820 1.704925 8.151910 -1.662606 0.026878
Car -1 -1 -10 -6.000000 190.000000 133.000000 368.000000 1.663624 1.646839 3.922944 -4.543894 1.880093 8.460516 -1.601116 0.023745
Car -1 -1 -10 429.000000 182.000000 475.000000 214.000000 1.451960 1.603883 3.908266 -8.616507 1.143320 34.314411 1.527938 0.011263
Cyclist -1 -1 -10 556.000000 172.000000 567.000000 207.000000 1.824835 0.672712 1.882459 -2.819320 1.871672 40.798073 1.522446 0.241478
Cyclist -1 -1 -10 543.000000 175.000000 552.000000 208.000000 1.772454 0.601741 1.646527 -3.549527 1.973556 40.659923 -1.657162 0.075893
Cyclist -1 -1 -10 539.000000 177.000000 557.000000 204.000000 1.731339 0.636038 1.697403 -3.489358 1.908159 40.562075 2.542709 0.013281
