Pedestrian -1 -1 -10 548.000000 160.000000 576.000000 222.000000 1.703829 0.598484 0.647709 -1.520576 1.089378 22.081834 1.938115 0.983252
Pedestrian -1 -1 -10 410.000000 165.000000 431.000000 213.000000 1.653454 0.578054 0.668580 -5.058844 0.760925 19.605427 0.310683 0.715581
Pedestrian -1 -1 -10 230.000000 178.000000 250.000000 232.000000 1.812467 0.576070 0.797718 -12.410831 1.784249 24.218449 0.172719 0.616916
Pedestrian -1 -1 -10 222.000000 178.000000 242.000000 234.000000 1.749183 0.556045 0.759453 -12.526357 1.799240 23.741298 0.038840 0.430226
Pedestrian -1 -1 -10 285.000000 170.000000 308.000000 225.000000 1.683509 0.474751 0.634473 -9.106233 1.405025 20.881601 2.210197 0.155493
Pedestrian -1 -1 -10 841.000000 157.000000 860.000000 198.000000 1.777602 0.663494 0.955799 10.465118 0.651117 30.307086 1.367331 0.075713
Pedestrian -1 -1 -10 286.000000 172.000000 338.000000 228.000000 1.780794 0.669487 0.785547 -7.924863 1.345194 19.010566 -0.396524 0.044164
Car -1 -1 -10 385.000000 179.000000 500.000000 257.000000 1.469379 1.606810 3.818230 -3.335288 1.455771 15.125373 -1.567533 0.999408
Car -1 -1 -10 995.000000 158.000000 1107.000000 189.000000 1.551246 1.549096 3.755663 21.200266 1.564371 32.262509 1.657779 0.330855
Car -1 -1 -10 1080.000000 144.000000 1222.000000 186.000000 1.662732 1.639437 3.909023 24.727179 0.119521 31.110079 0.036594 0.264146
Car -1 -1 -10 401.000000 172.000000 449.000000 216.000000 1.472647 1.561307 3.583871 -5.773529 1.001075 23.130222 -1.809395 0.030603
Car -1 -1 -10 976.000000 149.000000 1059.000000 202.000000 1.676520 1.596153 3.509922 17.293363 0.492088 30.424833 -0.498333 0.027828
Cyclist -1 -1 -10 729.000000 157.000000 774.000000 198.000000 1.809705 0.531827 1.777697 6.798605 0.856790 32.915650 -0.391936 0.999470
Cyclist -1 -1 -10 893.000000 143.000000 960.000000 203.000000 1.781850 0.509069 1.728048 10.688629 0.670058 23.330094 -0.190225 0.993767
Cyclist -1 -1 -10 970.000000 141.000000 1055.000000 208.000000 1.732881 0.568794 1.758426 10.360471 0.728944 18.253717 -0.022091 0.983035
Cyclist -1 -1 -10 285.000000 169.000000 358.000000 234.000000 1.724049 0.509336 1.706593 -7.708418 1.518218 19.054191 -0.461722 0.982831
Cyclist -1 -1 -10 840.000000 156.000000 861.000000 199.000000 1.846519 0.640994 1.840141 10.461497 0.825834 30.228242 -1.153724 0.946366
Cyclist -1 -1 -10 282.000000 171.000000 318.000000 226.000000 1.749339 0.658151 1.700385 -9.237885 1.449913 21.003671 2.168278 0.358330
Cyclist -1 -1 -10 405.000000 170.000000 436.000000 212.000000 1.681421 0.550998 1.626315 -5.761985 1.196560 21.901322 -2.393005 0.237619
Cyclist -1 -1 -10 1001.000000 151.000000 1100.000000 191.000000 1.664156 0.600619 1.756023 18.980814 0.589909 29.894423 3.591011 0.035032
