Pedestrian -1 -1 -10 909.000000 157.000000 918.000000 197.000000 1.724159 0.586803 0.476080 12.967885 0.754969 30.911996 -1.183704 0.019496
Car -1 -1 -10 890.000000 173.000000 1062.000000 289.000000 1.447515 1.593220 3.682884 5.430361 1.515445 10.512617 -0.916924 0.975733
Car -1 -1 -10 922.000000 168.000000 1237.000000 379.000000 1.564299 1.642322 3.915854 3.118183 1.508666 3.709431 -1.491705 0.956732
Car -1 -1 -10 873.000000 166.000000 962.000000 213.000000 1.487743 1.648530 3.917195 10.868811 1.310675 25.276676 -0.773554 0.773378
Car -1 -1 -10 1011.000000 156.000000 1134.000000 216.000000 1.555752 1.647945 3.839294 12.913800 1.192955 20.031349 -0.825886 0.724348
Car -1 -1 -10 899.000000 164.000000 1014.000000 217.000000 1.553535 1.619343 3.850564 13.317792 1.085233 29.274254 -2.230299 0.138311
Car -1 -1 -10 923.000000 168.000000 993.000000 200.000000 1.507654 1.619443 3.847216 14.094220 1.116901 28.901321 2.371526 0.051317
Car -1 -1 -10 900.000000 177.000000 1031.000000 246.000000 1.475679 1.562263 3.544772 7.180395 1.498429 15.433004 2.893375 0.016765
Car -1 -1 -10 1071.000000 158.000000 1163.000000 216.000000 1.467488 1.618536 3.863012 16.753445 1.093130 24.183913 -0.885053 0.011125
Cyclist -1 -1 -10 891.000000 177.000000 1065.000000 277.000000 1.755250 0.694382 1.774492 4.717560 1.573108 9.517729 3.114323 0.015299
Cyclist -1 -1 -10 1071.000000 157.000000 1163.000000 218.000000 1.650930 0.530479 1.620476 14.137952 1.108717 20.534574 -0.312753 0.013146
Cyclist -1 -1 -10 1007.000000 161.000000 1141.000000 216.000000 1.764017 0.738878 1.845090 11.916981 1.255539 18.666085 3.588692 0.010042
