Car -1 -1 -10 653.000000 180.000000 707.000000 221.000000 1.431844 1.623320 4.026952 2.585945 1.726380 27.540154 -1.592109 0.998829
Car -1 -1 -10 289.000000 194.000000 453.000000 296.000000 1.485294 1.548202 3.601642 -3.874828 1.894564 12.313449 1.578255 0.998556
Car -1 -1 -10 808.000000 162.000000 996.000000 223.000000 1.543340 1.678733 4.279385 8.030238 1.383576 20.198356 3.117392 0.998456
Car -1 -1 -10 8.000000 204.000000 336.000000 376.000000 1.463898 1.662801 4.106535 -3.637880 1.756823 5.219890 1.534589 0.981602
Car -1 -1 -10 423.000000 183.000000 487.000000 226.000000 1.679769 1.660392 4.046782 -6.803819 2.092834 31.095364 1.542591 0.964243
Car -1 -1 -10 481.000000 184.000000 517.000000 210.000000 1.543350 1.636073 3.982242 -6.612676 2.137320 42.843508 1.598472 0.963932
Car -1 -1 -10 747.000000 164.000000 858.000000 208.000000 1.645643 1.640312 4.006895 7.697009 1.428030 29.764697 3.057303 0.302330
Car -1 -1 -10 777.000000 159.000000 921.000000 215.000000 1.625130 1.622290 4.008142 7.540115 1.286951 23.199626 3.292762 0.169632
Car -1 -1 -10 931.000000 158.000000 1004.000000 186.000000 1.590881 1.694406 3.896514 20.963940 0.771817 42.082911 -0.175315 0.151015
Car -1 -1 -10 341.000000 194.000000 429.000000 240.000000 1.481832 1.618832 3.860494 -6.723532 1.559582 21.912056 1.569508 0.135030
Car -1 -1 -10 966.000000 154.000000 1053.000000 185.000000 1.483871 1.581246 3.789959 21.403287 0.632935 39.597635 -0.037104 0.115963
Car -1 -1 -10 979.000000 151.000000 1114.000000 191.000000 1.624353 1.689966 4.101941 20.577637 0.608245 29.891072 -1.663227 0.023044
