Pedestrian -1 -1 -10 78.000000 174.000000 135.000000 326.000000 1.799480 0.616711 0.950901 -5.570810 1.770380 8.098236 -0.135438 0.995866
Pedestrian -1 -1 -10 753.000000 167.000000 794.000000 281.000000 1.705600 0.652071 0.683930 2.300082 1.591376 10.146676 2.806078 0.979397
Pedestrian -1 -1 -10 42.000000 191.000000 160.000000 302.000000 1.769927 0.670542 0.745001 -8.826590 2.464744 12.091299 -1.893119 0.327671
Pedestrian -1 -1 -10 826.000000 142.000000 880.000000 294.000000 1.803628 0.621883 0.918771 2.904142 1.483664 8.927359 1.420873 0.203969
Pedestrian -1 -1 -10 789.000000 147.000000 912.000000 303.000000 1.782746 0.648457 0.781791 2.511204 1.454773 8.421099 1.389270 0.083052
Pedestrian -1 -1 -10 807.000000 158.000000 864.000000 280.000000 1.772874 0.570743 0.926543 2.860977 1.461451 8.978098 2.990305 0.036350
Pedestrian -1 -1 -10 761.000000 164.000000 834.000000 284.000000 1.746155 0.749420 0.735127 2.444336 1.540931 10.029676 1.832909 0.027800
Car -1 -1 -10 601.000000 173.000000 629.000000 200.000000 1.585177 1.631759 3.834522 0.317826 1.792593 46.384701 -1.538743 0.999035
Car -1 -1 -10 392.000000 185.000000 441.000000 215.000000 1.447568 1.601015 3.869803 -9.550972 2.045092 35.861088 1.586364 0.980491
Car -1 -1 -10 1.000000 204.000000 166.000000 304.000000 1.433113 1.622471 3.955070 -9.706831 2.045782 13.523676 1.578405 0.914528
Car -1 -1 -10 61.000000 188.000000 142.000000 312.000000 1.490389 1.563265 3.705533 -9.886836 2.086581 13.382058 1.505782 0.122704
Car -1 -1 -10 52.000000 200.000000 188.000000 273.000000 1.423863 1.623422 3.894225 -9.700855 2.037346 13.600042 1.639413 0.032266
Cyclist -1 -1 -10 807.000000 134.000000 1048.000000 338.000000 1.731488 0.602956 1.740861 2.921944 1.416160 6.536878 -2.601111 0.999458
Cyclist -1 -1 -10 795.000000 142.000000 904.000000 317.000000 1.795966 0.644188 1.805327 2.458671 1.435904 8.333243 1.399990 0.983484
Cyclist -1 -1 -10 51.000000 193.000000 147.000000 314.000000 1.760774 0.554024 1.677423 -5.629249 1.829112 8.245460 1.527214 0.170066
Cyclist -1 -1 -10 752.000000 165.000000 796.000000 279.000000 1.681679 0.518932 1.717544 2.223218 1.548195 10.116883 1.767772 0.144877
Cyclist -1 -1 -10 826.000000 142.000000 880.000000 294.000000 1.765741 0.520437 1.694411 2.938410 1.449526 9.028994 2.287642 0.109636
Cyclist -1 -1 -10 769.000000 163.000000 854.000000 287.000000 1.675476 0.589196 1.785148 2.550887 1.416554 9.634387 3.227086 0.097614
Cyclist -1 -1 -10 21.000000 202.000000 185.000000 282.000000 1.706284 0.768723 1.898067 -9.469440 2.155133 12.950450 1.799219 0.027420
