Pedestrian -1 -1 -10 375.000000 161.000000 400.000000 246.000000 1.751588 0.665632 0.654969 -4.488106 1.536489 14.221970 -1.832747 0.925452
Pedestrian -1 -1 -10 916.000000 116.000000 964.000000 291.000000 1.769351 0.476656 0.803205 5.047455 0.996824 10.942936 2.676028 0.699307
Pedestrian -1 -1 -10 397.000000 164.000000 428.000000 245.000000 1.750154 0.658772 0.703832 -4.953176 1.255628 17.158616 -1.391392 0.332218
Pedestrian -1 -1 -10 361.000000 160.000000 424.000000 251.000000 1.790534 0.668726 0.771411 -4.960502 1.250571 16.761205 -2.328589 0.097686
Pedestrian -1 -1 -10 392.000000 162.000000 413.000000 247.000000 1.721146 0.505282 0.704829 -5.113153 1.153861 17.402303 -1.456098 0.075644
Pedestrian -1 -1 -10 357.000000 172.000000 504.000000 291.000000 1.681308 0.708167 0.809099 -2.140699 1.737673 10.022949 1.774612 0.024921
Car -1 -1 -10 728.000000 177.000000 937.000000 328.000000 1.454897 1.601197 3.825621 2.579112 1.541674 9.185553 -1.578879 0.999087
Car -1 -1 -10 662.000000 173.000000 720.000000 218.000000 1.491671 1.606024 3.905113 2.723309 1.495366 25.044376 -1.569368 0.998903
Car -1 -1 -10 347.000000 177.000000 520.000000 293.000000 1.504693 1.646525 3.973469 -2.711129 1.637601 11.424440 -1.508652 0.998451
Car -1 -1 -10 544.000000 171.000000 578.000000 204.000000 1.564833 1.646098 3.982616 -2.650252 1.629264 38.751193 -1.639475 0.995598
Car -1 -1 -10 40.000000 179.000000 451.000000 376.000000 1.552297 1.650109 4.087036 -2.710017 1.694997 6.359875 -1.629420 0.989897
Car -1 -1 -10 822.000000 153.000000 1223.000000 374.000000 1.544985 1.632416 3.806349 2.345188 1.491905 3.683904 -1.560489 0.890373
Car -1 -1 -10 642.000000 172.000000 688.000000 204.000000 1.560094 1.649061 4.049358 2.836125 1.509929 37.630493 -1.664227 0.767981
Car -1 -1 -10 637.000000 172.000000 668.000000 199.000000 1.492423 1.453460 3.165757 2.586024 1.951076 50.562404 1.128467 0.172963
Car -1 -1 -10 435.000000 179.000000 507.000000 227.000000 1.557913 1.618522 3.750041 -3.550442 1.332796 15.785288 -1.215534 0.068479
Car -1 -1 -10 561.000000 172.000000 584.000000 197.000000 1.580062 1.649576 3.714184 -2.526535 1.725301 52.515527 1.633032 0.028073
Car -1 -1 -10 286.000000 181.000000 385.000000 246.000000 1.498705 1.706433 4.069854 -5.791101 0.889591 12.998354 -1.587148 0.016730
Cyclist -1 -1 -10 371.000000 165.000000 427.000000 244.000000 1.621934 0.534831 1.646477 -4.986215 0.947501 17.170303 0.267805 0.013915
