Car -1 -1 -10 749.000000 177.000000 872.000000 228.000000 1.483048 1.587815 3.702187 6.079985 1.635269 22.048966 -2.069183 0.998273
Car -1 -1 -10 384.000000 180.000000 489.000000 215.000000 1.503977 1.645509 4.103797 -7.426780 1.736659 29.993476 -3.078353 0.995615
Car -1 -1 -10 625.000000 177.000000 670.000000 209.000000 1.437267 1.557767 3.705373 1.726710 1.663831 34.387994 -1.698426 0.993544
Car -1 -1 -10 102.000000 177.000000 340.000000 271.000000 1.512658 1.612736 3.674997 -7.043787 1.626975 13.259935 -3.139334 0.986862
Car -1 -1 -10 188.000000 184.000000 385.000000 256.000000 1.494489 1.603904 3.840895 -6.797030 1.664312 14.986636 -3.165592 0.800564
Car -1 -1 -10 0.000000 194.000000 95.000000 367.000000 1.494874 1.605449 3.683018 -6.231809 1.681045 6.250501 -2.850581 0.449180
Car -1 -1 -10 422.000000 177.000000 498.000000 206.000000 1.494763 1.597036 3.838602 -7.765295 1.790425 36.866022 -3.168862 0.136420
Car -1 -1 -10 606.000000 176.000000 648.000000 201.000000 1.525445 1.634178 3.983719 1.077371 1.712645 43.869884 -1.576671 0.037444
Car -1 -1 -10 236.000000 162.000000 427.000000 244.000000 1.841779 1.757011 4.371830 -6.728625 1.602483 17.775564 -3.117589 0.026309
Car -1 -1 -10 283.000000 174.000000 465.000000 227.000000 1.518494 1.634025 3.981786 -6.161922 1.296044 17.585089 -0.937113 0.021472
