Car -1 -1 -10 529.000000 203.000000 882.000000 376.000000 1.496287 1.555395 3.592581 0.616958 1.827918 6.723284 -2.100741 0.999735
Car -1 -1 -10 408.000000 215.000000 639.000000 335.000000 1.456329 1.647547 3.903925 -1.735656 2.036676 10.799397 -2.103771 0.997920
Car -1 -1 -10 292.000000 203.000000 396.000000 275.000000 1.563208 1.612866 3.687292 -7.410076 2.410241 19.020762 -2.105319 0.994587
Car -1 -1 -10 244.000000 212.000000 298.000000 254.000000 1.501706 1.644360 3.974037 -14.035617 2.892030 29.793878 1.098011 0.991532
Car -1 -1 -10 352.000000 212.000000 487.000000 294.000000 1.433798 1.606539 3.819809 -4.124900 2.218769 14.705490 -2.129413 0.990790
Car -1 -1 -10 22.000000 211.000000 107.000000 277.000000 1.552696 1.612992 3.820620 -17.456042 2.808142 23.026160 -2.191446 0.899131
Car -1 -1 -10 269.000000 209.000000 339.000000 263.000000 1.509008 1.567519 3.533820 -9.008953 2.420568 18.960901 -1.399336 0.645799
Car -1 -1 -10 86.000000 217.000000 129.000000 246.000000 1.428798 1.572875 3.445209 -10.419609 2.105975 15.314635 1.778915 0.420128
Car -1 -1 -10 231.000000 214.000000 274.000000 245.000000 1.459866 1.617302 3.915786 -14.111443 2.968898 29.840219 -2.125068 0.284337
Car -1 -1 -10 -2.000000 231.000000 58.000000 330.000000 1.450738 1.548198 3.636373 -11.517785 2.592704 13.264287 1.042407 0.210553
