Car -1 -1 -10 276.000000 192.000000 458.000000 324.000000 1.598892 1.562449 3.632062 -3.330266 1.918253 10.593424 1.585831 0.999059
Car -1 -1 -10 731.000000 171.000000 870.000000 280.000000 1.589990 1.637137 3.741350 3.180275 1.649626 13.350630 -1.609408 0.998184
Car -1 -1 -10 815.000000 193.000000 1136.000000 368.000000 1.444621 1.599775 3.811522 3.597673 1.687380 7.852714 -1.531193 0.997938
Car -1 -1 -10 667.000000 178.000000 729.000000 225.000000 1.510252 1.620706 3.938123 3.018213 1.730451 25.980590 -1.556248 0.983998
Car -1 -1 -10 694.000000 176.000000 795.000000 245.000000 1.534304 1.537123 3.551839 3.376136 1.392744 19.597290 1.705587 0.983404
Car -1 -1 -10 463.000000 169.000000 544.000000 236.000000 1.774892 1.687071 4.147290 -3.289283 1.795197 22.052514 -1.611008 0.973999
Car -1 -1 -10 0.000000 205.000000 309.000000 373.000000 1.476134 1.600572 3.799050 -3.168568 1.714652 4.002690 1.522913 0.965679
Car -1 -1 -10 1004.000000 203.000000 1245.000000 375.000000 1.476795 1.622508 3.922090 3.610202 1.851293 3.580485 -1.515056 0.963690
Car -1 -1 -10 537.000000 177.000000 570.000000 202.000000 1.523409 1.650699 3.985698 -3.408064 1.780149 43.638221 1.636901 0.895007
Car -1 -1 -10 661.000000 177.000000 704.000000 215.000000 1.610325 1.602539 3.674351 3.192047 1.769077 31.383532 -1.586364 0.348308
