Pedestrian -1 -1 -10 -1.000000 167.000000 207.000000 374.000000 1.740588 0.766709 0.707272 -2.068200 1.713550 2.264874 1.476857 0.670057
Pedestrian -1 -1 -10 598.000000 161.000000 609.000000 195.000000 1.777805 0.644237 0.657579 0.168687 0.660397 38.052334 -1.664749 0.559249
Pedestrian -1 -1 -10 662.000000 160.000000 671.000000 187.000000 1.787260 0.629554 0.805161 4.304559 0.354593 46.866763 -1.530865 0.516607
Pedestrian -1 -1 -10 584.000000 160.000000 600.000000 195.000000 1.689751 0.686895 0.750679 -0.542392 0.442384 38.430187 -1.076592 0.231964
Pedestrian -1 -1 -10 645.000000 155.000000 655.000000 184.000000 1.733688 0.567641 0.745883 0.262888 0.977887 6.756894 3.061142 0.140853
Pedestrian -1 -1 -10 667.000000 158.000000 676.000000 186.000000 1.781766 0.606764 0.570769 4.305662 0.321029 46.716822 -1.975652 0.117054
Pedestrian -1 -1 -10 675.000000 157.000000 683.000000 188.000000 1.815933 0.598856 0.710907 5.057669 0.322380 47.721043 -1.529997 0.104416
Pedestrian -1 -1 -10 968.000000 149.000000 1016.000000 279.000000 1.667365 0.560282 0.586555 4.598569 1.079897 8.424953 -1.652275 0.055001
Pedestrian -1 -1 -10 1100.000000 124.000000 1140.000000 247.000000 1.677284 0.562834 0.568135 5.772474 0.495772 8.377394 -1.488427 0.048764
Pedestrian -1 -1 -10 633.000000 159.000000 653.000000 188.000000 1.770851 0.641426 0.615751 1.847112 0.407739 33.146630 -2.052890 0.032619
Pedestrian -1 -1 -10 614.000000 167.000000 653.000000 199.000000 1.781723 0.688837 0.840919 1.323698 1.687010 30.893507 -1.513585 0.029169
Pedestrian -1 -1 -10 0.000000 162.000000 83.000000 358.000000 1.793871 0.768310 0.797396 -6.754998 1.358587 8.918340 -0.050872 0.014497
Car -1 -1 -10 614.000000 166.000000 655.000000 200.000000 1.532467 1.662010 3.703888 1.467782 0.846876 32.612035 1.622872 0.998062
Car -1 -1 -10 0.000000 168.000000 213.000000 377.000000 1.555424 1.614134 3.876354 -3.187671 1.198833 3.262353 -2.264686 0.024550
Cyclist -1 -1 -10 -1.000000 156.000000 211.000000 374.000000 1.698724 0.797930 1.802552 -2.282134 1.498808 2.273300 1.557037 0.082583
Cyclist -1 -1 -10 969.000000 152.000000 1012.000000 243.000000 1.714818 0.493558 1.508945 3.011872 1.201824 5.581491 -1.096561 0.039938
Cyclist -1 -1 -10 614.000000 167.000000 653.000000 199.000000 1.715304 0.599573 1.683803 1.373036 1.417125 31.264056 2.649999 0.012980
