Pedestrian -1 -1 -10 1002.000000 162.000000 1070.000000 304.000000 1.635658 0.636979 0.601887 5.063444 1.404330 8.452096 -1.469251 0.996162
Pedestrian -1 -1 -10 811.000000 159.000000 915.000000 372.000000 1.692732 0.868534 0.714477 2.133682 1.510904 5.885655 -0.731432 0.994469
Pedestrian -1 -1 -10 752.000000 170.000000 838.000000 371.000000 1.709613 0.624726 0.911456 1.574632 1.570856 5.913070 -1.534586 0.992727
Pedestrian -1 -1 -10 219.000000 160.000000 309.000000 363.000000 1.754313 0.678913 0.823233 -3.134626 1.574620 6.648717 -1.571153 0.990798
Pedestrian -1 -1 -10 902.000000 164.000000 926.000000 230.000000 1.717505 0.610052 0.647155 8.245881 1.291184 19.008649 2.925646 0.726091
Pedestrian -1 -1 -10 811.000000 166.000000 840.000000 259.000000 1.730748 0.623350 0.717952 4.970116 1.465368 15.847334 -1.822919 0.486378
Pedestrian -1 -1 -10 502.000000 177.000000 520.000000 224.000000 1.715995 0.562956 0.858188 -3.651631 1.676748 27.758483 -0.759696 0.140309
Pedestrian -1 -1 -10 955.000000 159.000000 971.000000 210.000000 1.742953 0.666165 0.697341 10.258214 1.124517 20.471298 -2.602940 0.115787
Pedestrian -1 -1 -10 813.000000 163.000000 861.000000 280.000000 1.714179 0.624202 0.701143 4.967912 1.444911 15.835027 -1.814627 0.096937
Pedestrian -1 -1 -10 857.000000 162.000000 876.000000 209.000000 1.730071 0.664886 0.886785 8.246487 1.045854 22.480519 -1.602218 0.067061
Pedestrian -1 -1 -10 798.000000 171.000000 829.000000 323.000000 1.725585 0.562905 0.777619 1.656767 1.546101 5.858707 2.872858 0.052420
Car -1 -1 -10 547.000000 169.000000 602.000000 217.000000 1.862349 1.782709 4.216803 -1.379070 1.476173 34.095461 1.637695 0.031862
Car -1 -1 -10 617.000000 172.000000 648.000000 200.000000 1.541442 1.643336 3.840185 2.489324 1.232598 55.341161 -1.520666 0.010536
Cyclist -1 -1 -10 393.000000 173.000000 457.000000 260.000000 1.647671 0.512418 1.682352 -3.791151 1.500869 15.313106 2.511714 0.933951
Cyclist -1 -1 -10 813.000000 164.000000 850.000000 272.000000 1.707564 0.535982 1.661647 4.869946 1.330734 15.934879 0.881497 0.072846
Cyclist -1 -1 -10 221.000000 159.000000 313.000000 366.000000 1.827228 0.502718 1.725097 -3.331763 1.683275 6.809272 -2.043239 0.028934
Cyclist -1 -1 -10 756.000000 171.000000 836.000000 369.000000 1.774471 0.620090 1.707822 1.536103 1.602374 5.745985 1.826483 0.022500
Cyclist -1 -1 -10 803.000000 167.000000 836.000000 258.000000 1.682626 0.529066 1.680105 4.828020 1.326446 15.834627 -1.801958 0.011585
Cyclist -1 -1 -10 1001.000000 160.000000 1069.000000 309.000000 1.746776 0.550311 1.709076 5.077134 1.477932 8.496940 -1.486821 0.010885
