Pedestrian -1 -1 -10 688.000000 167.000000 709.000000 231.000000 1.680385 0.558103 0.734029 2.093474 1.528797 17.058007 2.693987 0.467602
Pedestrian -1 -1 -10 712.000000 160.000000 741.000000 238.000000 1.701424 0.574001 0.737796 2.401224 1.396200 15.365777 3.259288 0.115119
Pedestrian -1 -1 -10 727.000000 151.000000 754.000000 242.000000 1.768303 0.553861 0.814806 2.653804 1.467921 14.510295 2.758368 0.084944
Pedestrian -1 -1 -10 734.000000 155.000000 760.000000 215.000000 1.822405 0.558722 0.807720 2.120321 0.998965 12.181397 3.180114 0.063579
Pedestrian -1 -1 -10 694.000000 159.000000 766.000000 239.000000 1.709930 0.592635 0.729350 2.311499 1.378186 15.430396 0.768515 0.052480
Pedestrian -1 -1 -10 690.000000 165.000000 732.000000 231.000000 1.765021 0.512895 0.794683 2.165724 1.521506 16.970738 0.230923 0.035921
Pedestrian -1 -1 -10 726.000000 151.000000 785.000000 237.000000 1.642557 0.555726 0.600081 2.746729 1.509418 13.921926 2.709131 0.021934
Pedestrian -1 -1 -10 743.000000 158.000000 776.000000 203.000000 1.705730 0.637387 0.631260 4.525628 1.596831 22.932400 -1.883022 0.014512
Car -1 -1 -10 177.000000 173.000000 472.000000 372.000000 1.607592 1.629070 3.875369 -2.766929 1.652173 7.808532 -1.571344 0.999428
Car -1 -1 -10 592.000000 169.000000 620.000000 196.000000 1.583841 1.668329 3.906919 -0.295873 1.228603 46.596772 1.583975 0.998441
Car -1 -1 -10 322.000000 176.000000 428.000000 221.000000 1.461395 1.501940 3.425408 -10.040784 1.553317 27.833900 1.834369 0.017315
Cyclist -1 -1 -10 700.000000 150.000000 808.000000 250.000000 1.762836 0.640136 1.754599 2.574121 1.556452 15.393066 2.214584 0.999788
Cyclist -1 -1 -10 705.000000 157.000000 749.000000 245.000000 1.780484 0.635690 1.776850 2.252275 1.372791 15.284532 1.298131 0.973269
Cyclist -1 -1 -10 721.000000 151.000000 766.000000 242.000000 1.812537 0.576396 1.660791 2.767528 1.326916 15.871540 -1.830106 0.831513
Cyclist -1 -1 -10 689.000000 164.000000 729.000000 233.000000 1.755627 0.555209 1.740848 2.202679 1.401823 16.924088 -1.468583 0.781434
Cyclist -1 -1 -10 859.000000 174.000000 889.000000 216.000000 1.701179 0.585507 1.696425 7.616558 1.698202 20.037937 1.177670 0.677579
Cyclist -1 -1 -10 694.000000 164.000000 775.000000 228.000000 1.695441 0.745518 1.812759 2.750892 1.312831 16.407755 3.212147 0.146995
Cyclist -1 -1 -10 735.000000 153.000000 757.000000 228.000000 1.762437 0.624879 1.807972 2.882811 1.238181 16.457375 -1.430142 0.088746
Cyclist -1 -1 -10 738.000000 158.000000 770.000000 206.000000 1.727820 0.526465 1.573377 8.475721 1.082571 40.814898 -1.439983 0.048654
Cyclist -1 -1 -10 688.000000 167.000000 709.000000 228.000000 1.666332 0.473523 1.694764 2.015171 1.486754 17.291879 -1.601437 0.028083
Cyclist -1 -1 -10 732.000000 154.000000 785.000000 225.000000 1.768178 0.656865 1.785575 2.949946 1.203424 16.467427 1.187140 0.010770
