Pedestrian -1 -1 -10 15.000000 153.000000 134.000000 370.000000 1.797416 0.702783 0.935886 -4.697817 1.544571 6.313227 -1.228547 0.995920
Pedestrian -1 -1 -10 305.000000 206.000000 395.000000 369.000000 1.605646 0.647994 0.942266 -2.111221 1.762232 5.863658 -1.940773 0.958546
Pedestrian -1 -1 -10 238.000000 208.000000 325.000000 363.000000 1.632512 0.636727 0.711213 -2.707280 1.753840 5.882358 -1.627186 0.947421
Pedestrian -1 -1 -10 383.000000 194.000000 423.000000 290.000000 1.751019 0.691615 0.581062 -2.593787 1.852633 9.178601 1.337978 0.645913
Pedestrian -1 -1 -10 356.000000 200.000000 401.000000 274.000000 1.710452 0.535095 0.659347 -4.753148 1.728048 15.256219 2.687697 0.260157
Pedestrian -1 -1 -10 310.000000 210.000000 351.000000 316.000000 1.666631 0.582543 0.514011 -2.649454 1.567787 7.486228 0.282974 0.167911
Pedestrian -1 -1 -10 337.000000 207.000000 397.000000 313.000000 1.734582 0.666523 0.582355 -2.721893 1.746851 8.207144 -1.484277 0.143579
Car -1 -1 -10 958.000000 123.000000 1234.000000 371.000000 1.577651 1.634794 3.877492 3.186623 1.380781 3.013750 -1.576286 0.905285
Cyclist -1 -1 -10 506.000000 170.000000 556.000000 215.000000 1.801515 0.647325 1.757614 -2.686372 1.199994 27.778791 -2.722224 0.318611
Cyclist -1 -1 -10 305.000000 208.000000 344.000000 306.000000 1.650049 0.565423 1.668960 -5.075409 1.790954 13.378986 1.231776 0.057347
Cyclist -1 -1 -10 306.000000 206.000000 393.000000 365.000000 1.738944 0.656745 1.710483 -2.167107 1.845371 5.947049 -2.014113 0.035687
Cyclist -1 -1 -10 231.000000 209.000000 335.000000 361.000000 1.676318 0.576070 1.584213 -2.495939 1.788459 5.769074 1.054823 0.016474
Cyclist -1 -1 -10 354.000000 203.000000 393.000000 270.000000 1.703077 0.483050 1.380227 -2.139469 1.229728 6.817569 -1.926687 0.012441
