Car -1 -1 -10 664.000000 181.000000 815.000000 286.000000 1.558504 1.654150 3.882915 2.200846 1.565606 13.122819 -1.647157 0.999759
Car -1 -1 -10 297.000000 185.000000 419.000000 262.000000 1.438436 1.587384 3.680584 -5.434084 1.558185 15.943416 -1.662721 0.999424
Car -1 -1 -10 538.000000 181.000000 582.000000 223.000000 1.507110 1.643110 3.714964 -2.050204 1.420078 29.584582 -1.658951 0.998926
Car -1 -1 -10 387.000000 188.000000 461.000000 237.000000 1.437682 1.603362 4.001708 -5.695284 1.475787 22.449836 -1.647668 0.998318
Car -1 -1 -10 -2.000000 186.000000 272.000000 372.000000 1.493829 1.600254 3.756791 -4.844971 1.618299 7.143964 -1.667538 0.996852
Car -1 -1 -10 175.000000 164.000000 311.000000 244.000000 1.842559 1.774908 4.404895 -10.088829 1.469833 19.881586 -1.649906 0.888783
Car -1 -1 -10 422.000000 185.000000 473.000000 221.000000 1.569526 1.663349 4.006753 -6.629591 1.594695 29.747978 -1.630540 0.833219
Car -1 -1 -10 458.000000 184.000000 494.000000 210.000000 1.498976 1.633555 3.957768 -7.726222 1.295860 42.740110 -1.698203 0.728912
Car -1 -1 -10 529.000000 184.000000 555.000000 214.000000 1.534148 1.618293 3.717663 -3.297529 1.507746 38.922592 -1.607025 0.469808
Car -1 -1 -10 2.000000 182.000000 116.000000 371.000000 1.522801 1.634634 3.734030 -4.794535 1.605193 6.734366 -1.704540 0.135003
Car -1 -1 -10 2.000000 168.000000 93.000000 286.000000 1.475839 1.584193 3.945336 -9.941370 0.942180 10.493950 1.499842 0.068230
