Pedestrian -1 -1 -10 256.000000 208.000000 330.000000 366.000000 1.746582 0.728920 0.651564 -2.615684 1.806058 5.961806 2.650850 0.963543
Pedestrian -1 -1 -10 38.000000 245.000000 169.000000 372.000000 1.765230 0.681179 0.597705 -2.220665 1.906619 3.049457 -1.754714 0.713731
Pedestrian -1 -1 -10 786.000000 191.000000 809.000000 254.000000 1.721188 0.593196 0.798034 5.881018 1.750859 20.944359 2.752721 0.131291
Pedestrian -1 -1 -10 103.000000 245.000000 185.000000 372.000000 1.670389 0.553778 0.742481 -2.359533 1.827964 3.457471 0.096535 0.078479
Pedestrian -1 -1 -10 197.000000 215.000000 289.000000 358.000000 1.781083 0.677542 0.722636 -2.423245 1.976475 4.725058 2.144584 0.059874
Pedestrian -1 -1 -10 739.000000 183.000000 764.000000 257.000000 1.778629 0.713779 0.673138 3.274713 1.745647 16.505621 -0.988272 0.053657
Pedestrian -1 -1 -10 56.000000 259.000000 130.000000 350.000000 1.729869 0.650856 0.533684 -2.189599 1.765002 2.882702 -1.747984 0.024434
Pedestrian -1 -1 -10 2.000000 231.000000 105.000000 365.000000 1.745126 0.667335 0.581436 -2.217798 1.855290 2.765027 -1.791797 0.013226
Pedestrian -1 -1 -10 816.000000 195.000000 837.000000 254.000000 1.732590 0.592994 0.507689 3.920560 1.797113 11.665282 3.330869 0.010492
Car -1 -1 -10 0.000000 240.000000 188.000000 371.000000 1.494258 1.546864 3.774411 -2.422743 1.798621 3.026407 0.460447 0.014032
Cyclist -1 -1 -10 492.000000 173.000000 554.000000 226.000000 1.779426 0.679599 1.776404 -2.703642 1.296540 24.637808 0.374427 0.470316
Cyclist -1 -1 -10 1.000000 242.000000 188.000000 371.000000 1.658198 0.593265 1.660531 -2.339225 1.742926 3.216695 1.457468 0.094720
Cyclist -1 -1 -10 818.000000 196.000000 840.000000 246.000000 1.659909 0.551855 1.618373 5.963114 1.673491 18.804653 -1.776906 0.014973
