Pedestrian -1 -1 -10 577.000000 159.000000 600.000000 243.000000 1.759408 0.537292 0.848825 -0.315464 1.311704 15.177392 -0.663304 0.993453
Pedestrian -1 -1 -10 528.000000 159.000000 555.000000 231.000000 1.760502 0.716724 1.002634 -1.519907 1.246207 17.877533 1.521393 0.983392
Pedestrian -1 -1 -10 828.000000 151.000000 871.000000 263.000000 1.745180 0.676921 0.917776 3.784475 1.155624 11.034388 -1.704083 0.969527
Pedestrian -1 -1 -10 448.000000 156.000000 472.000000 242.000000 1.792858 0.658193 0.777212 -3.039408 1.278606 15.286390 -2.905017 0.830170
Pedestrian -1 -1 -10 600.000000 160.000000 615.000000 208.000000 1.714072 0.612167 0.646223 0.166672 0.932145 27.468895 -1.504702 0.423311
Pedestrian -1 -1 -10 612.000000 160.000000 629.000000 210.000000 1.766509 0.685385 0.756460 0.661962 0.963150 26.406769 -1.669581 0.390510
Pedestrian -1 -1 -10 711.000000 148.000000 767.000000 254.000000 1.804939 0.732011 0.742866 2.366887 1.392976 12.287155 2.869037 0.358653
Pedestrian -1 -1 -10 281.000000 164.000000 391.000000 358.000000 1.679662 0.822225 0.678254 -2.472577 1.496876 6.734795 1.404191 0.213938
Pedestrian -1 -1 -10 1143.000000 143.000000 1229.000000 340.000000 1.681364 0.687155 0.632751 4.716801 1.320103 5.722149 -0.395546 0.139074
Pedestrian -1 -1 -10 565.000000 159.000000 581.000000 208.000000 1.836705 0.660499 0.849125 -1.192592 0.912433 28.059025 -1.709648 0.134064
Pedestrian -1 -1 -10 668.000000 155.000000 698.000000 213.000000 1.782704 0.683510 0.782996 2.378578 1.648067 21.776466 1.665887 0.043149
Pedestrian -1 -1 -10 570.000000 160.000000 592.000000 228.000000 1.733935 0.561667 0.726198 -0.516938 1.244530 12.200767 0.097615 0.028851
Pedestrian -1 -1 -10 817.000000 151.000000 833.000000 205.000000 1.755273 0.517902 0.904877 5.676650 0.824696 18.216671 2.849557 0.025636
Pedestrian -1 -1 -10 593.000000 159.000000 609.000000 210.000000 1.731471 0.618356 0.750405 0.183745 0.897990 27.440740 -0.973013 0.022911
Pedestrian -1 -1 -10 587.000000 158.000000 603.000000 223.000000 1.723059 0.578880 0.513685 -0.339234 1.051342 26.419073 0.620361 0.022362
Pedestrian -1 -1 -10 802.000000 151.000000 816.000000 201.000000 1.728492 0.595023 0.772382 6.015390 0.733788 20.855296 2.837036 0.015204
Pedestrian -1 -1 -10 825.000000 156.000000 842.000000 213.000000 1.642246 0.481672 0.499073 4.912109 1.510419 15.512277 2.946373 0.011411
Pedestrian -1 -1 -10 6.000000 167.000000 55.000000 262.000000 1.803173 0.528524 0.696706 -7.498361 1.237661 9.229980 -0.507948 0.010690
Car -1 -1 -10 1117.000000 146.000000 1235.000000 348.000000 1.519546 1.620017 3.809784 5.146207 0.952550 6.020940 -1.930122 0.014343
Cyclist -1 -1 -10 274.000000 162.000000 398.000000 368.000000 1.728500 0.579502 1.779752 -2.518842 1.536275 6.743772 -1.540007 0.998048
Cyclist -1 -1 -10 708.000000 149.000000 774.000000 258.000000 1.723258 0.479333 1.741467 2.275230 1.287790 12.261746 -1.836943 0.981265
Cyclist -1 -1 -10 667.000000 156.000000 698.000000 211.000000 1.722763 0.535624 1.615737 2.596234 1.363966 22.641953 2.683687 0.293047
Cyclist -1 -1 -10 71.000000 202.000000 150.000000 274.000000 1.687689 0.616901 1.708194 -7.341320 1.582777 10.594182 0.428896 0.168786
Cyclist -1 -1 -10 55.000000 207.000000 186.000000 300.000000 1.707509 0.697946 1.741417 -6.722962 1.667825 9.985134 -3.701870 0.091876
Cyclist -1 -1 -10 944.000000 210.000000 1208.000000 370.000000 1.696239 0.709055 1.795784 2.227056 1.483553 3.225928 1.452205 0.030386
Cyclist -1 -1 -10 1122.000000 145.000000 1232.000000 347.000000 1.698270 0.516530 1.751967 4.727525 1.297921 5.764687 -1.305511 0.020465
Cyclist -1 -1 -10 94.000000 200.000000 126.000000 256.000000 1.726306 0.470277 1.438949 -7.397406 1.361261 10.643757 -2.180866 0.018772
Cyclist -1 -1 -10 659.000000 158.000000 686.000000 202.000000 1.710414 0.478852 1.699752 2.897744 0.720174 30.337115 3.163717 0.017616
