Car -1 -1 -10 574.000000 174.000000 611.000000 207.000000 1.535234 1.627776 3.786377 -0.842716 0.973861 36.468330 -1.573030 0.999419
Car -1 -1 -10 0.000000 189.000000 341.000000 374.000000 1.469197 1.584267 3.653573 -4.281307 1.591129 7.500200 -1.545804 0.998395
Car -1 -1 -10 449.000000 181.000000 505.000000 221.000000 1.426348 1.584838 3.801994 -4.720973 1.256230 26.671719 -1.593278 0.998212
Car -1 -1 -10 347.000000 180.000000 461.000000 250.000000 1.491102 1.613008 3.980791 -4.800104 1.414575 17.320704 -1.566010 0.998174
Car -1 -1 -10 305.000000 179.000000 386.000000 227.000000 1.453265 1.641085 3.813156 -8.859845 1.314694 24.408861 -1.561932 0.964912
Car -1 -1 -10 115.000000 174.000000 271.000000 273.000000 1.486226 1.613115 3.776749 -8.597962 1.208611 15.153723 1.522376 0.787635
Car -1 -1 -10 371.000000 178.000000 434.000000 209.000000 1.503028 1.525391 3.746191 -10.917911 0.620199 40.700146 0.835649 0.107285
Car -1 -1 -10 9.000000 155.000000 132.000000 218.000000 1.565581 1.578888 3.818116 -18.078057 1.049298 25.587249 1.452658 0.092542
Car -1 -1 -10 216.000000 177.000000 303.000000 222.000000 1.635976 1.633158 3.757167 -12.307741 1.374959 25.090756 -1.563636 0.037524
Car -1 -1 -10 1.000000 163.000000 87.000000 241.000000 1.693830 1.589228 3.794893 -16.901073 1.392076 21.297324 -2.155195 0.023239
Car -1 -1 -10 6.000000 183.000000 202.000000 336.000000 1.438101 1.594312 3.760276 -4.365997 1.505448 7.608263 -1.595454 0.015116
Car -1 -1 -10 178.000000 179.000000 278.000000 236.000000 1.521287 1.616515 3.733541 -12.750738 1.013463 25.140037 -2.019147 0.014813
Car -1 -1 -10 465.000000 177.000000 512.000000 210.000000 1.464652 1.559356 3.572355 -4.757009 1.195673 26.609567 -1.581505 0.014424
Car -1 -1 -10 6.000000 152.000000 153.000000 284.000000 1.504575 1.599074 3.731308 -17.192310 0.800282 22.511077 -2.031327 0.013671
Cyclist -1 -1 -10 109.000000 175.000000 278.000000 274.000000 1.724498 0.799193 1.796157 -8.160412 1.328148 14.264169 1.620954 0.015104
