Pedestrian -1 -1 -10 1115.000000 137.000000 1200.000000 313.000000 1.824970 0.709068 0.883851 7.348090 0.958693 9.694218 -1.251438 0.811520
Pedestrian -1 -1 -10 514.000000 161.000000 529.000000 211.000000 1.830449 0.640406 0.723791 -3.235284 1.075476 29.151051 -1.702379 0.463784
Pedestrian -1 -1 -10 601.000000 164.000000 612.000000 193.000000 1.778517 0.601658 0.767042 0.214225 0.588303 43.243103 -1.995609 0.289895
Pedestrian -1 -1 -10 564.000000 159.000000 577.000000 199.000000 1.722625 0.664549 0.871405 -1.943882 0.477863 43.815985 -1.099268 0.106781
Pedestrian -1 -1 -10 770.000000 154.000000 808.000000 256.000000 1.852951 0.692546 0.835951 3.294045 1.321965 12.490180 1.475381 0.103088
Pedestrian -1 -1 -10 618.000000 164.000000 626.000000 192.000000 1.802299 0.571311 0.683247 1.265962 0.703072 44.669743 1.123077 0.102753
Pedestrian -1 -1 -10 591.000000 163.000000 599.000000 189.000000 1.810770 0.690731 0.821990 -0.499812 0.274327 54.191285 -1.585245 0.093322
Pedestrian -1 -1 -10 537.000000 165.000000 546.000000 201.000000 1.790324 0.667682 0.694232 -2.868635 0.838767 33.855425 -1.580435 0.064052
Pedestrian -1 -1 -10 569.000000 160.000000 584.000000 193.000000 1.715406 0.639471 0.799909 -1.803287 0.444826 43.690307 3.057572 0.044162
Pedestrian -1 -1 -10 579.000000 162.000000 587.000000 192.000000 1.752682 0.596037 0.697747 -1.404991 0.639549 55.247093 -1.192060 0.041070
Pedestrian -1 -1 -10 549.000000 166.000000 574.000000 207.000000 1.768184 0.644267 0.619350 -2.661630 0.831927 40.713436 -2.171539 0.040494
Pedestrian -1 -1 -10 1054.000000 149.000000 1194.000000 257.000000 1.807520 0.630094 0.949462 6.906663 1.176240 9.818845 1.310614 0.029572
Pedestrian -1 -1 -10 610.000000 163.000000 619.000000 192.000000 1.776276 0.649728 0.913238 0.806680 0.455966 50.287242 1.080084 0.015452
Pedestrian -1 -1 -10 437.000000 155.000000 454.000000 204.000000 1.802868 0.645398 0.722615 -6.168220 1.501624 27.686029 0.414195 0.012891
Car -1 -1 -10 496.000000 174.000000 587.000000 250.000000 1.517070 1.663903 4.045516 -1.224762 1.376721 15.838538 1.610172 0.999397
Car -1 -1 -10 1018.000000 152.000000 1201.000000 245.000000 1.586810 1.607590 3.875417 7.076559 0.866776 10.796113 3.164146 0.118240
Car -1 -1 -10 1095.000000 147.000000 1205.000000 282.000000 1.608129 1.629158 3.972503 7.407115 0.684762 11.390797 -1.588118 0.082915
Car -1 -1 -10 545.000000 167.000000 578.000000 215.000000 1.560422 1.472136 3.125215 -2.545204 0.549621 46.033656 -1.551249 0.013040
Car -1 -1 -10 529.000000 171.000000 585.000000 228.000000 1.557128 1.575384 3.448802 -1.309479 1.450285 16.523130 1.495080 0.010305
Cyclist -1 -1 -10 1114.000000 140.000000 1206.000000 303.000000 1.770273 0.457361 1.803699 7.682676 0.781960 10.040229 -0.009009 0.264042
Cyclist -1 -1 -10 550.000000 165.000000 577.000000 213.000000 1.677945 0.552663 1.618563 -2.733607 0.598647 40.979260 -1.647918 0.078820
Cyclist -1 -1 -10 561.000000 160.000000 579.000000 203.000000 1.725561 0.521250 1.626391 -2.042830 0.379620 44.383097 -2.167345 0.043961
Cyclist -1 -1 -10 508.000000 162.000000 531.000000 210.000000 1.704431 0.542970 1.595950 -4.375337 1.244520 36.045806 -0.054287 0.039104
Cyclist -1 -1 -10 1054.000000 149.000000 1194.000000 257.000000 1.804068 0.581615 1.871855 7.221518 1.020390 10.036327 -0.006289 0.010342
