Car -1 -1 -10 653.000000 176.000000 745.000000 242.000000 1.436671 1.620069 3.967224 2.134251 1.563819 18.413875 -1.608722 0.999428
Car -1 -1 -10 92.000000 186.000000 396.000000 269.000000 1.410025 1.603145 4.139694 -6.699040 1.663880 12.868211 -3.171320 0.992120
Car -1 -1 -10 632.000000 169.000000 673.000000 206.000000 1.443739 1.554542 3.713337 1.905493 1.444220 33.556930 -1.663875 0.988379
Car -1 -1 -10 207.000000 181.000000 428.000000 249.000000 1.453319 1.554841 3.942015 -6.512025 1.715839 15.611695 -3.046441 0.838343
Car -1 -1 -10 1077.000000 137.000000 1238.000000 375.000000 1.793714 1.684450 4.175216 5.612884 1.570587 4.834931 -0.067843 0.677921
Car -1 -1 -10 394.000000 177.000000 495.000000 212.000000 1.489055 1.630979 3.864553 -6.675416 1.722604 29.743170 -3.198581 0.658062
Car -1 -1 -10 448.000000 174.000000 522.000000 201.000000 1.490230 1.557629 3.397192 -6.999531 1.549028 44.941104 1.464985 0.457829
Car -1 -1 -10 293.000000 180.000000 430.000000 232.000000 1.507661 1.528157 3.883518 -7.346242 1.701069 20.569085 0.035624 0.308978
Car -1 -1 -10 82.000000 191.000000 270.000000 319.000000 1.501692 1.597435 3.906334 -4.082853 1.349757 6.399769 -2.089725 0.078767
Car -1 -1 -10 330.000000 178.000000 472.000000 220.000000 1.698394 1.691764 4.162045 -7.358168 1.585504 26.432660 -3.122000 0.026410
Cyclist -1 -1 -10 63.000000 189.000000 275.000000 377.000000 1.686762 0.562035 1.707764 -3.056112 1.735840 5.079874 1.600429 0.999770
Cyclist -1 -1 -10 63.000000 186.000000 333.000000 286.000000 1.617334 0.634741 1.734174 -6.092199 1.826080 11.962374 -0.025974 0.263189
