Pedestrian -1 -1 -10 467.000000 177.000000 512.000000 270.000000 1.724404 0.595708 0.686995 -1.944846 1.886486 11.555302 0.952939 0.574314
Pedestrian -1 -1 -10 1030.000000 181.000000 1211.000000 375.000000 1.765861 0.769108 0.915876 2.576358 1.765822 3.549913 1.831741 0.570895
Pedestrian -1 -1 -10 1119.000000 203.000000 1238.000000 371.000000 1.710148 0.569282 0.678361 2.604525 1.774250 3.486697 1.167513 0.045835
Pedestrian -1 -1 -10 1182.000000 203.000000 1242.000000 367.000000 1.781191 0.616320 0.590209 8.649029 2.185159 10.576122 -1.319069 0.021276
Pedestrian -1 -1 -10 426.000000 181.000000 538.000000 266.000000 1.767737 0.694768 0.702416 -1.971562 1.816010 12.389424 1.901316 0.010134
Car -1 -1 -10 875.000000 182.000000 956.000000 239.000000 1.390140 1.587068 3.874301 8.630961 1.711697 20.465245 -1.304165 0.999153
Car -1 -1 -10 395.000000 179.000000 554.000000 263.000000 1.511517 1.564413 3.866414 -2.778928 1.679559 13.144840 1.887296 0.961492
Car -1 -1 -10 852.000000 167.000000 897.000000 212.000000 1.885232 1.677905 4.234726 13.351025 1.868675 36.821016 -1.264063 0.034871
Car -1 -1 -10 1162.000000 207.000000 1243.000000 371.000000 1.507633 1.570528 3.589165 10.537031 1.469232 13.711821 2.835571 0.012810
Car -1 -1 -10 465.000000 179.000000 514.000000 267.000000 1.502594 1.633863 3.967433 -1.922175 1.538573 13.001017 1.400757 0.011724
Car -1 -1 -10 1037.000000 191.000000 1237.000000 370.000000 1.550055 1.556380 3.711500 3.315236 1.563844 3.338433 1.602866 0.011349
Cyclist -1 -1 -10 1021.000000 184.000000 1213.000000 371.000000 1.709579 0.762497 1.765537 2.548998 1.522776 3.533025 1.060627 0.969563
