Car -1 -1 -10 35.000000 207.000000 308.000000 341.000000 1.487013 1.576178 3.707051 -5.981449 2.022756 10.438767 1.580889 0.999228
Car -1 -1 -10 828.000000 180.000000 1212.000000 374.000000 1.466781 1.573565 3.522739 3.012254 1.595772 6.017698 -1.498514 0.998810
Car -1 -1 -10 449.000000 187.000000 497.000000 221.000000 1.483023 1.598432 3.668604 -6.274045 2.167610 33.083318 1.578296 0.990844
Car -1 -1 -10 645.000000 175.000000 687.000000 207.000000 1.516383 1.627863 3.857383 2.779144 1.692679 36.764584 -1.613690 0.954504
Car -1 -1 -10 472.000000 186.000000 514.000000 215.000000 1.487871 1.581293 3.728570 -6.293092 2.191255 38.369716 1.592369 0.743036
Car -1 -1 -10 188.000000 197.000000 264.000000 227.000000 1.532832 1.649988 4.021872 -20.887617 2.827775 40.149057 -1.672300 0.363221
Car -1 -1 -10 240.000000 196.000000 311.000000 222.000000 1.466738 1.614593 3.849042 -18.566697 2.643679 39.839168 -1.502035 0.224042
Car -1 -1 -10 111.000000 201.000000 178.000000 232.000000 1.528426 1.615488 3.848762 -25.875184 3.279922 40.823654 -1.549468 0.113544
Car -1 -1 -10 496.000000 179.000000 530.000000 206.000000 1.571865 1.636314 3.986061 -6.420835 2.209845 47.028644 1.569479 0.086261
Cyclist -1 -1 -10 186.000000 197.000000 275.000000 232.000000 1.714338 0.861680 1.839931 -20.634028 2.902606 38.237124 -0.432552 0.022719
Cyclist -1 -1 -10 140.000000 201.000000 238.000000 235.000000 1.765684 0.535869 1.446266 -8.130868 1.431712 13.590485 -2.170004 0.014959
Cyclist -1 -1 -10 169.000000 200.000000 198.000000 232.000000 1.745545 0.822441 1.843065 -23.293961 3.261489 39.135610 -3.582236 0.013164
