Pedestrian -1 -1 -10 893.000000 147.000000 1030.000000 372.000000 1.712712 0.641270 0.989871 2.512871 1.428341 4.993335 -1.652085 0.997804
Pedestrian -1 -1 -10 540.000000 160.000000 585.000000 271.000000 1.790981 0.699524 0.937383 -0.676364 1.445542 11.464541 1.629154 0.993045
Pedestrian -1 -1 -10 1094.000000 189.000000 1163.000000 333.000000 1.710947 0.570873 0.536528 4.928002 1.628056 6.859563 3.238002 0.951960
Pedestrian -1 -1 -10 555.000000 163.000000 594.000000 248.000000 1.811707 0.621921 0.911198 -0.433984 1.318377 15.791535 -2.751867 0.716764
Pedestrian -1 -1 -10 896.000000 178.000000 933.000000 268.000000 1.631435 0.574339 0.616112 6.352341 1.239731 14.468607 2.942707 0.322977
Pedestrian -1 -1 -10 983.000000 181.000000 1044.000000 315.000000 1.743180 0.591603 0.711386 4.412518 1.601626 7.704206 3.204915 0.300340
Pedestrian -1 -1 -10 573.000000 163.000000 598.000000 235.000000 1.791708 0.601592 0.924314 -0.384795 1.256263 15.873621 1.088654 0.070598
Pedestrian -1 -1 -10 760.000000 156.000000 773.000000 204.000000 1.772335 0.619221 0.858884 6.399448 0.795311 27.958919 -1.267126 0.050151
Pedestrian -1 -1 -10 906.000000 174.000000 954.000000 276.000000 1.761380 0.705161 0.467313 4.910530 1.473638 11.369327 -1.600822 0.048810
Pedestrian -1 -1 -10 895.000000 170.000000 983.000000 300.000000 1.762731 0.637089 0.717624 4.800517 1.548731 11.059237 3.075831 0.046293
Pedestrian -1 -1 -10 1091.000000 189.000000 1134.000000 296.000000 1.645323 0.620620 0.680014 6.078275 1.216696 8.356782 -0.428487 0.038684
Car -1 -1 -10 344.000000 144.000000 545.000000 286.000000 1.920115 1.759549 4.213745 -2.236769 1.382973 11.962653 1.719120 0.796315
Cyclist -1 -1 -10 562.000000 161.000000 595.000000 242.000000 1.776351 0.579516 1.763778 -0.435153 1.235291 15.823734 1.572410 0.034320
Cyclist -1 -1 -10 891.000000 177.000000 946.000000 272.000000 1.714999 0.587267 1.559851 5.036811 1.338238 11.475412 1.431064 0.021608
Cyclist -1 -1 -10 890.000000 161.000000 1033.000000 350.000000 1.733783 0.529092 1.678036 2.399818 1.448938 4.964166 -1.828608 0.015198
