Car -1 -1 -10 741.000000 194.000000 986.000000 346.000000 1.455664 1.599963 3.800802 2.771153 1.734077 8.732955 -1.591804 0.999460
Car -1 -1 -10 670.000000 178.000000 752.000000 245.000000 1.575602 1.641796 3.867002 2.611277 1.782483 19.581886 -1.572596 0.998971
Car -1 -1 -10 284.000000 183.000000 457.000000 248.000000 1.581015 1.627277 4.070249 -6.357246 1.865817 19.407786 -3.266682 0.992372
Car -1 -1 -10 51.000000 163.000000 362.000000 285.000000 1.746510 1.690786 4.003707 -6.408956 1.721440 12.131806 -3.158997 0.974737
Car -1 -1 -10 652.000000 182.000000 713.000000 228.000000 1.477919 1.628304 4.052388 2.643588 1.885659 25.715165 -1.620365 0.879161
Car -1 -1 -10 4.000000 175.000000 202.000000 372.000000 1.608804 1.634271 4.137923 -6.669570 1.697887 7.103342 0.034626 0.658836
Car -1 -1 -10 642.000000 178.000000 683.000000 214.000000 1.576352 1.586549 3.766493 2.581015 1.820664 34.829245 -1.629905 0.425667
Car -1 -1 -10 356.000000 183.000000 477.000000 230.000000 1.529177 1.598313 3.861693 -6.242930 2.017317 23.133043 -1.908806 0.309372
Car -1 -1 -10 474.000000 179.000000 542.000000 207.000000 1.575279 1.601926 3.786750 -6.541981 2.151096 44.469979 -3.101945 0.228685
Car -1 -1 -10 441.000000 180.000000 526.000000 212.000000 1.582199 1.600696 3.944843 -6.415891 2.084581 32.845050 -0.082056 0.113108
