Pedestrian -1 -1 -10 519.000000 175.000000 544.000000 233.000000 1.702424 0.619260 0.943203 -1.937152 1.562851 20.216743 -0.735654 0.834451
Pedestrian -1 -1 -10 950.000000 208.000000 1040.000000 366.000000 1.735365 0.611397 0.630118 2.959233 1.867982 5.490281 3.424869 0.833459
Pedestrian -1 -1 -10 887.000000 221.000000 976.000000 340.000000 1.739970 0.649171 0.936335 2.661667 1.962049 6.007567 -1.611983 0.346178
Pedestrian -1 -1 -10 866.000000 212.000000 1194.000000 369.000000 1.802924 0.851332 0.742440 2.727183 2.042576 4.594410 1.591269 0.101557
Pedestrian -1 -1 -10 886.000000 208.000000 959.000000 289.000000 1.718517 0.549714 0.623667 4.632184 1.789312 9.999072 3.445129 0.093787
Pedestrian -1 -1 -10 978.000000 225.000000 1020.000000 281.000000 1.694640 0.623644 0.632528 3.529580 1.367822 6.353949 -1.605696 0.049614
Pedestrian -1 -1 -10 968.000000 213.000000 1017.000000 344.000000 1.681926 0.639930 0.565270 4.152104 1.482300 7.463625 -1.752445 0.039571
Pedestrian -1 -1 -10 828.000000 215.000000 921.000000 336.000000 1.670129 0.546486 0.799831 2.584732 1.891643 6.324866 2.789933 0.031963
Pedestrian -1 -1 -10 938.000000 224.000000 994.000000 331.000000 1.763929 0.638576 0.522468 3.070615 1.794692 6.044902 -1.642434 0.022264
Pedestrian -1 -1 -10 947.000000 218.000000 1016.000000 290.000000 1.688349 0.627736 0.636239 5.740438 1.854843 10.561115 -0.538823 0.016571
Pedestrian -1 -1 -10 945.000000 232.000000 988.000000 296.000000 1.688019 0.604978 0.514218 4.456347 1.598789 8.331494 3.449630 0.011411
Car -1 -1 -10 866.000000 212.000000 1194.000000 369.000000 1.430666 1.580648 3.840403 3.168717 1.680429 5.799640 1.619852 0.100507
Car -1 -1 -10 929.000000 210.000000 1065.000000 367.000000 1.430258 1.571591 3.738368 3.348871 1.742710 4.704197 1.644638 0.026347
Car -1 -1 -10 1044.000000 216.000000 1232.000000 367.000000 1.517533 1.510918 3.734925 2.810858 2.106793 3.319062 2.207359 0.020014
Cyclist -1 -1 -10 944.000000 210.000000 1050.000000 369.000000 1.650841 0.559824 1.640115 2.935036 1.832782 4.586921 1.581064 0.090989
Cyclist -1 -1 -10 877.000000 210.000000 1164.000000 369.000000 1.710203 0.511229 1.787368 2.873050 1.816485 4.826443 1.526625 0.049266
Cyclist -1 -1 -10 883.000000 204.000000 958.000000 279.000000 1.712060 0.662914 1.711277 5.435364 1.633826 12.561629 -2.698596 0.019560
Cyclist -1 -1 -10 898.000000 219.000000 993.000000 343.000000 1.691463 0.624868 1.793537 2.744420 1.738992 5.608234 1.367814 0.010211
