Pedestrian -1 -1 -10 534.000000 161.000000 559.000000 214.000000 1.845744 0.783969 1.029655 -2.148981 1.141446 25.345050 0.944164 0.993325
Pedestrian -1 -1 -10 342.000000 168.000000 369.000000 222.000000 1.802216 0.621241 1.009986 -8.555635 1.418236 24.146313 -2.971027 0.902096
Pedestrian -1 -1 -10 418.000000 160.000000 436.000000 218.000000 1.769819 0.553747 0.716230 -5.760888 1.087453 22.696503 -0.160752 0.830441
Pedestrian -1 -1 -10 256.000000 176.000000 272.000000 223.000000 1.788681 0.549791 0.934986 -13.054073 1.595623 27.123874 0.269040 0.140347
Pedestrian -1 -1 -10 355.000000 170.000000 370.000000 219.000000 1.798651 0.741846 0.835208 -8.858044 1.526546 25.654471 0.798343 0.098375
Car -1 -1 -10 423.000000 175.000000 516.000000 239.000000 1.453224 1.599211 3.861522 -3.400424 1.322147 18.229288 -1.571591 0.998638
Car -1 -1 -10 957.000000 158.000000 1058.000000 187.000000 1.638305 1.676023 4.291671 19.299663 0.295297 34.170909 3.641389 0.882616
Car -1 -1 -10 1048.000000 146.000000 1173.000000 185.000000 1.640208 1.606619 4.007466 24.869356 0.197960 34.116270 3.222298 0.370190
Car -1 -1 -10 451.000000 175.000000 494.000000 206.000000 1.528690 1.552477 3.475459 -6.591601 0.738158 30.424324 -1.762844 0.037265
Car -1 -1 -10 466.000000 171.000000 507.000000 202.000000 1.504035 1.585045 3.560870 -2.060822 1.216264 11.634202 0.880446 0.011976
Car -1 -1 -10 1134.000000 144.000000 1221.000000 176.000000 1.487502 1.623673 3.950724 26.749705 -0.086029 33.701593 0.591274 0.011953
Car -1 -1 -10 340.000000 168.000000 371.000000 222.000000 1.699395 1.604202 3.564533 -9.544072 1.410345 25.219191 -1.758750 0.011606
Cyclist -1 -1 -10 679.000000 158.000000 719.000000 197.000000 1.758941 0.662270 1.804213 4.753954 0.781219 35.369349 -0.499173 0.997722
Cyclist -1 -1 -10 294.000000 169.000000 356.000000 230.000000 1.735006 0.621911 1.790199 -8.513805 1.447869 21.536076 2.267422 0.996722
Cyclist -1 -1 -10 883.000000 144.000000 949.000000 202.000000 1.734488 0.509925 1.739520 9.394981 0.635958 21.580429 0.379588 0.994679
Cyclist -1 -1 -10 816.000000 149.000000 874.000000 200.000000 1.749173 0.633738 1.737898 8.952740 0.661014 26.445343 -0.153956 0.993049
Cyclist -1 -1 -10 338.000000 170.000000 374.000000 223.000000 1.778716 0.592082 1.678716 -8.673590 1.386976 24.508450 -2.997834 0.770819
Cyclist -1 -1 -10 355.000000 170.000000 370.000000 219.000000 1.749947 0.543009 1.548160 -8.956691 1.387286 25.930386 0.880175 0.010735
