Pedestrian -1 -1 -10 622.000000 169.000000 643.000000 216.000000 1.684514 0.608217 0.722828 1.092379 2.138837 27.180894 2.631019 0.035125
Car -1 -1 -10 1014.000000 195.000000 1242.000000 373.000000 1.494290 1.638737 3.900082 4.439734 1.693358 4.387643 0.083123 0.977860
Car -1 -1 -10 -7.000000 166.000000 274.000000 289.000000 1.636537 1.610423 3.857962 -7.861512 1.562451 11.517056 -0.059521 0.971078
Car -1 -1 -10 462.000000 172.000000 510.000000 202.000000 1.595564 1.635074 4.069893 -7.154863 1.680617 41.916571 -1.980658 0.934373
Car -1 -1 -10 254.000000 170.000000 355.000000 217.000000 1.537763 1.642570 3.924749 -11.204423 1.611667 27.242172 -3.495282 0.644914
Car -1 -1 -10 103.000000 158.000000 331.000000 235.000000 1.758209 1.694567 3.957235 -9.410183 1.409429 17.659011 -3.325354 0.391801
Car -1 -1 -10 1142.000000 183.000000 1243.000000 222.000000 1.532921 1.548544 3.895249 29.559459 2.055666 36.609867 -1.713402 0.169112
Car -1 -1 -10 12.000000 145.000000 163.000000 253.000000 1.555171 1.624575 3.891038 -8.622559 0.920858 12.011631 1.024942 0.138372
Car -1 -1 -10 1117.000000 193.000000 1243.000000 334.000000 1.546583 1.581651 3.840349 9.155625 1.601537 11.870242 -0.322174 0.036604
Car -1 -1 -10 1106.000000 183.000000 1239.000000 254.000000 1.528690 1.552477 3.475459 13.265308 1.982506 16.463390 -0.915111 0.030498
Cyclist -1 -1 -10 1093.000000 183.000000 1240.000000 258.000000 1.704626 0.560540 1.566096 9.729117 1.361148 13.082698 -0.916542 0.011917
