Pedestrian -1 -1 -10 1050.000000 123.000000 1132.000000 317.000000 1.792524 0.704545 0.909847 4.761031 1.293251 7.240197 -1.084562 0.994918
Pedestrian -1 -1 -10 1115.000000 120.000000 1212.000000 323.000000 1.782793 0.679066 0.957225 5.182401 1.231747 6.906432 -1.238603 0.981895
Pedestrian -1 -1 -10 1184.000000 137.000000 1228.000000 230.000000 1.808838 0.641629 0.852247 12.147797 1.166414 14.590481 -1.181543 0.786301
Pedestrian -1 -1 -10 1117.000000 126.000000 1162.000000 312.000000 1.843352 0.594161 1.068170 5.069822 1.321201 6.955051 0.083082 0.731583
Pedestrian -1 -1 -10 1156.000000 136.000000 1225.000000 272.000000 1.712144 0.569262 0.635094 7.739334 1.473243 9.552753 3.357759 0.206193
Pedestrian -1 -1 -10 1050.000000 141.000000 1098.000000 238.000000 1.793756 0.538072 0.702248 6.928945 1.307885 11.052222 0.717346 0.063555
Pedestrian -1 -1 -10 1011.000000 147.000000 1139.000000 242.000000 1.776191 0.516934 0.688646 6.444163 1.379875 10.327539 0.736668 0.061183
Pedestrian -1 -1 -10 1050.000000 155.000000 1075.000000 213.000000 1.743965 0.590301 0.746858 4.628018 1.017599 7.672915 3.544335 0.057569
Pedestrian -1 -1 -10 958.000000 159.000000 1124.000000 204.000000 1.805456 0.564767 0.765374 13.836904 1.815781 25.089993 3.136443 0.022386
Pedestrian -1 -1 -10 1198.000000 148.000000 1232.000000 206.000000 1.736058 0.595443 0.622946 21.470062 1.032210 25.298453 -1.453053 0.016605
Car -1 -1 -10 836.000000 169.000000 949.000000 212.000000 1.539658 1.624579 3.932505 10.045854 1.398245 25.955928 3.120893 0.988904
Car -1 -1 -10 0.000000 208.000000 93.000000 251.000000 1.451685 1.599659 3.922568 -20.624580 2.654520 25.100621 -3.094370 0.898342
Car -1 -1 -10 955.000000 158.000000 1124.000000 206.000000 1.483744 1.667834 4.272038 15.160707 1.289928 26.002711 3.070209 0.436870
Car -1 -1 -10 1179.000000 140.000000 1235.000000 219.000000 1.595039 1.598755 3.633416 13.554525 0.641625 14.951936 1.648933 0.182563
Car -1 -1 -10 161.000000 182.000000 320.000000 241.000000 1.828415 1.745143 4.166585 -12.676669 2.292288 25.211610 -3.092484 0.181750
Car -1 -1 -10 149.000000 195.000000 227.000000 225.000000 1.509338 1.656857 4.018579 -20.069242 2.419263 34.306961 0.796000 0.045822
Car -1 -1 -10 78.000000 198.000000 156.000000 227.000000 1.484379 1.562866 3.857346 -21.330530 3.232875 30.887804 1.549253 0.042548
Car -1 -1 -10 271.000000 187.000000 350.000000 216.000000 1.559705 1.600921 3.876828 -13.861796 2.120617 34.690473 0.790694 0.016799
Car -1 -1 -10 969.000000 171.000000 1067.000000 206.000000 1.459451 1.658597 4.157203 15.031036 1.292567 25.901686 3.085370 0.013887
Car -1 -1 -10 1119.000000 139.000000 1236.000000 257.000000 1.470509 1.525239 3.574094 9.125389 1.187878 11.635175 -0.848763 0.010075
Cyclist -1 -1 -10 1182.000000 139.000000 1234.000000 213.000000 1.661717 0.702013 1.775255 11.987431 0.805856 15.078631 3.378247 0.154837
Cyclist -1 -1 -10 1119.000000 139.000000 1236.000000 257.000000 1.667134 0.727177 1.706082 7.829165 1.328928 9.436423 3.694725 0.059376
Cyclist -1 -1 -10 1171.000000 138.000000 1218.000000 241.000000 1.669550 0.614350 1.711436 11.828058 0.752940 14.747779 3.384171 0.028532
Cyclist -1 -1 -10 975.000000 157.000000 1132.000000 206.000000 1.772938 0.669993 1.833873 14.320910 1.502825 25.066934 3.151479 0.016068
Cyclist -1 -1 -10 1096.000000 126.000000 1203.000000 308.000000 1.796227 0.532931 1.758737 5.149393 1.323628 7.040389 -0.993698 0.010151
