Pedestrian -1 -1 -10 1212.000000 139.000000 1241.000000 252.000000 1.697610 0.608481 0.656952 5.532427 1.355022 6.437664 -1.454611 0.019517
Car -1 -1 -10 629.000000 179.000000 689.000000 224.000000 1.448524 1.643980 4.044084 1.712108 1.761286 26.243514 -1.632355 0.999294
Car -1 -1 -10 924.000000 182.000000 1245.000000 351.000000 1.573837 1.605801 4.072001 5.868354 1.720699 7.747669 3.181541 0.994306
Car -1 -1 -10 806.000000 166.000000 1082.000000 298.000000 1.527318 1.611152 4.075702 5.474701 1.726875 10.744724 -0.049668 0.991533
Car -1 -1 -10 263.000000 180.000000 434.000000 238.000000 1.529245 1.606758 4.043045 -7.258313 1.783315 20.401765 -3.097996 0.977322
Car -1 -1 -10 -1.000000 154.000000 253.000000 325.000000 1.713745 1.623719 3.717306 -6.806577 1.526104 9.018968 -0.013528 0.946292
Car -1 -1 -10 612.000000 175.000000 648.000000 204.000000 1.510665 1.614392 3.903046 1.054464 1.820602 41.320519 -1.572181 0.939988
Car -1 -1 -10 334.000000 179.000000 460.000000 231.000000 1.479601 1.561109 4.086758 -6.930994 1.778497 23.004952 -3.068929 0.567763
Car -1 -1 -10 0.000000 164.000000 129.000000 370.000000 1.615619 1.653017 4.034573 -7.143631 1.755557 6.960845 -3.232183 0.489889
Car -1 -1 -10 1133.000000 189.000000 1240.000000 368.000000 1.485035 1.602910 3.851798 6.281926 1.637415 5.222627 0.006926 0.401821
Car -1 -1 -10 451.000000 179.000000 500.000000 208.000000 1.498067 1.628903 3.766682 -6.796273 2.008123 37.916742 0.467729 0.378398
Cyclist -1 -1 -10 436.000000 176.000000 480.000000 258.000000 1.757207 0.612956 1.770934 -3.361861 1.834330 15.902386 1.572985 0.998678
Cyclist -1 -1 -10 445.000000 181.000000 490.000000 222.000000 1.773422 0.538728 1.725910 -6.167476 1.816362 33.154353 2.898078 0.168586
Cyclist -1 -1 -10 390.000000 182.000000 465.000000 234.000000 1.617450 0.674449 1.706678 -5.429822 1.790440 21.497328 2.773384 0.052622
