Pedestrian -1 -1 -10 113.000000 154.000000 182.000000 327.000000 1.854401 0.718346 1.018922 -5.259922 1.551596 8.296320 -2.584516 0.996556
Pedestrian -1 -1 -10 421.000000 179.000000 447.000000 267.000000 1.782410 0.568425 0.660869 -3.116124 1.658775 13.133318 0.265727 0.991659
Pedestrian -1 -1 -10 514.000000 183.000000 549.000000 274.000000 1.630802 0.618707 0.673266 -1.256221 1.644390 12.520779 1.915293 0.991020
Pedestrian -1 -1 -10 599.000000 173.000000 617.000000 229.000000 1.708567 0.631893 0.787733 0.176952 1.444805 21.989261 1.541813 0.736447
Pedestrian -1 -1 -10 512.000000 180.000000 534.000000 232.000000 1.705730 0.637387 0.631260 -2.225047 1.561819 20.769369 -2.195312 0.362128
Pedestrian -1 -1 -10 582.000000 172.000000 600.000000 221.000000 1.687991 0.607684 0.673216 -0.362973 1.377492 27.374157 1.883313 0.148881
Pedestrian -1 -1 -10 110.000000 158.000000 150.000000 300.000000 1.768635 0.586308 0.891429 -5.737157 1.182650 8.571917 1.910389 0.070958
Pedestrian -1 -1 -10 608.000000 170.000000 623.000000 221.000000 1.619732 0.501556 0.536370 0.728321 1.396993 32.852940 0.574119 0.015579
Pedestrian -1 -1 -10 624.000000 171.000000 636.000000 211.000000 1.750966 0.669859 0.811634 1.349934 1.367114 34.101551 -1.542450 0.014353
Car -1 -1 -10 828.000000 179.000000 1059.000000 370.000000 1.663021 1.719336 4.041867 2.452316 1.373907 3.822923 -1.545996 0.017287
Cyclist -1 -1 -10 418.000000 178.000000 451.000000 265.000000 1.690003 0.542578 1.729618 -3.138281 1.608745 13.527713 -1.627222 0.106230
Cyclist -1 -1 -10 510.000000 181.000000 535.000000 232.000000 1.697031 0.481972 1.444754 -2.262166 1.457156 21.292183 -1.712868 0.073492
Cyclist -1 -1 -10 688.000000 166.000000 720.000000 223.000000 1.685899 0.480605 1.808365 3.126228 1.236265 21.707404 1.209123 0.073304
Cyclist -1 -1 -10 512.000000 178.000000 542.000000 265.000000 1.718856 0.535959 1.713481 -1.317195 1.619134 12.820466 1.968384 0.058422
Cyclist -1 -1 -10 393.000000 189.000000 461.000000 255.000000 1.758639 0.728552 1.872380 -4.449380 1.847309 17.271771 -0.162153 0.050916
Cyclist -1 -1 -10 683.000000 169.000000 706.000000 215.000000 1.625562 0.448565 1.476577 1.739976 1.154961 14.262754 -1.472764 0.014999
