Pedestrian -1 -1 -10 920.000000 174.000000 1049.000000 374.000000 1.625282 0.632401 0.467670 2.264092 1.623502 4.479478 2.100174 0.996094
Pedestrian -1 -1 -10 1047.000000 102.000000 1240.000000 370.000000 1.756248 0.700935 0.660930 2.988110 1.489527 3.651240 3.590012 0.123004
Pedestrian -1 -1 -10 1158.000000 108.000000 1240.000000 375.000000 1.655096 0.486677 0.795338 3.070085 1.333602 3.610907 3.247391 0.112986
Pedestrian -1 -1 -10 54.000000 191.000000 85.000000 249.000000 1.689761 0.585389 0.596281 -15.580282 2.206251 20.910976 2.096499 0.028167
Pedestrian -1 -1 -10 0.000000 193.000000 19.000000 246.000000 1.742046 0.556631 0.672392 -15.198475 2.286379 18.260386 0.269739 0.011497
Car -1 -1 -10 602.000000 181.000000 630.000000 208.000000 1.594192 1.663517 4.092877 0.309663 2.140695 46.429492 -1.568407 0.998790
Car -1 -1 -10 281.000000 193.000000 372.000000 240.000000 1.469027 1.629365 3.912560 -9.576774 2.214437 24.888224 1.581850 0.995453
Car -1 -1 -10 330.000000 188.000000 389.000000 224.000000 1.508750 1.573784 3.796869 -12.354458 2.319529 34.281996 -2.630480 0.631442
Cyclist -1 -1 -10 1004.000000 120.000000 1248.000000 376.000000 1.715639 0.498218 1.666568 2.849483 1.387921 3.463959 0.744978 0.990450
Cyclist -1 -1 -10 711.000000 176.000000 728.000000 201.000000 1.687942 0.626579 1.728595 5.289822 1.721618 36.379851 3.281567 0.470104
Cyclist -1 -1 -10 933.000000 168.000000 1053.000000 378.000000 1.635911 0.514414 1.613527 2.233774 1.525251 4.428749 1.532535 0.210962
Cyclist -1 -1 -10 1144.000000 109.000000 1239.000000 374.000000 1.696318 0.527508 1.601734 2.532134 1.016577 3.084673 -0.910840 0.035537
