Pedestrian -1 -1 -10 867.000000 156.000000 877.000000 187.000000 1.745932 0.611552 0.541153 15.681260 0.682152 43.207080 3.025090 0.052180
Car -1 -1 -10 644.000000 181.000000 767.000000 269.000000 1.492727 1.568447 3.540289 1.697338 1.615144 13.892917 -1.735432 0.998903
Car -1 -1 -10 794.000000 165.000000 898.000000 207.000000 1.557274 1.658237 4.064397 9.516166 1.372214 28.398927 -0.678479 0.997926
Car -1 -1 -10 561.000000 173.000000 659.000000 213.000000 1.476257 1.538197 3.764429 0.065323 1.584101 29.424135 2.510997 0.997879
Car -1 -1 -10 871.000000 168.000000 949.000000 203.000000 1.467624 1.590262 3.706213 13.294854 1.287095 31.237010 -0.646444 0.983711
Car -1 -1 -10 742.000000 170.000000 834.000000 213.000000 1.580643 1.634474 4.010062 7.444241 1.531349 27.350776 -2.392196 0.971732
Car -1 -1 -10 923.000000 159.000000 1008.000000 199.000000 1.642278 1.681553 4.124221 16.788048 1.144229 33.855097 -0.670936 0.954483
Car -1 -1 -10 701.000000 171.000000 798.000000 210.000000 1.495610 1.598216 3.862274 5.984675 1.349509 25.437399 -0.688732 0.159421
Car -1 -1 -10 704.000000 172.000000 758.000000 203.000000 1.483946 1.524036 3.542156 5.022233 1.339422 33.210468 2.461682 0.057923
Car -1 -1 -10 710.000000 169.000000 735.000000 208.000000 1.495351 1.541715 3.650786 4.576914 1.307432 33.750325 2.309704 0.012964
Cyclist -1 -1 -10 664.000000 180.000000 683.000000 210.000000 1.698133 0.524191 1.702125 2.839267 1.709070 35.243548 -0.942266 0.046727
Cyclist -1 -1 -10 698.000000 172.000000 747.000000 206.000000 1.704571 0.467724 1.671664 5.041790 1.347583 32.816722 2.812506 0.043792
Cyclist -1 -1 -10 683.000000 175.000000 727.000000 212.000000 1.668675 0.578401 1.568706 4.424753 1.616755 32.646664 3.187103 0.033582
Cyclist -1 -1 -10 670.000000 176.000000 703.000000 212.000000 1.673490 0.492016 1.576411 3.654159 1.576829 32.647362 -1.986211 0.023601
Cyclist -1 -1 -10 690.000000 171.000000 713.000000 219.000000 1.709847 0.486935 1.619571 4.007281 1.730880 32.437417 0.232589 0.020549
Cyclist -1 -1 -10 672.000000 172.000000 767.000000 212.000000 1.779688 0.573959 1.761359 4.974557 1.394346 32.573179 2.578141 0.012393
Cyclist -1 -1 -10 707.000000 169.000000 728.000000 210.000000 1.652519 0.424625 1.639562 4.992645 1.346770 33.112943 -1.423303 0.010113
