Pedestrian -1 -1 -10 201.000000 166.000000 287.000000 354.000000 1.756162 0.676941 0.981379 -3.457066 1.578015 6.865022 -2.477618 0.989368
Pedestrian -1 -1 -10 651.000000 160.000000 674.000000 228.000000 1.763941 0.617594 0.709951 1.548328 1.274446 18.735682 1.626227 0.970696
Pedestrian -1 -1 -10 8.000000 169.000000 106.000000 376.000000 1.677547 0.619715 0.707815 -3.321974 1.580490 4.332377 0.870242 0.967528
Pedestrian -1 -1 -10 89.000000 161.000000 157.000000 336.000000 1.813441 0.657026 0.852116 -5.145994 1.640736 7.792392 -2.135974 0.959998
Pedestrian -1 -1 -10 134.000000 174.000000 218.000000 354.000000 1.707949 0.697099 0.677912 -4.138038 1.666240 6.879209 1.001033 0.952840
Pedestrian -1 -1 -10 166.000000 167.000000 244.000000 342.000000 1.795158 0.662137 0.807073 -4.184889 1.710247 7.224122 1.072478 0.815277
Pedestrian -1 -1 -10 501.000000 169.000000 517.000000 215.000000 1.775252 0.629637 0.887834 -3.470318 1.316407 26.921203 -2.139942 0.797470
Pedestrian -1 -1 -10 515.000000 168.000000 532.000000 216.000000 1.807381 0.664123 0.945290 -2.971151 1.308856 27.042709 1.406647 0.693336
Pedestrian -1 -1 -10 44.000000 166.000000 142.000000 360.000000 1.707953 0.547625 0.679555 -3.301584 1.571511 4.313208 2.069812 0.495945
Pedestrian -1 -1 -10 123.000000 173.000000 180.000000 332.000000 1.855473 0.638311 0.828016 -5.159653 1.635332 7.949169 0.970970 0.328412
Pedestrian -1 -1 -10 0.000000 170.000000 51.000000 367.000000 1.749654 0.471061 0.756772 -5.684280 1.752299 6.826516 1.501648 0.151957
Pedestrian -1 -1 -10 202.000000 178.000000 395.000000 307.000000 1.710855 0.743126 0.745880 -3.939070 1.870773 10.109504 2.196067 0.086883
Pedestrian -1 -1 -10 381.000000 168.000000 406.000000 222.000000 1.743466 0.706800 0.991533 -7.045037 1.269078 24.433145 -1.959261 0.026402
Car -1 -1 -10 208.000000 179.000000 396.000000 301.000000 1.521857 1.649740 4.096089 -4.447907 1.603993 11.355005 1.521426 0.986035
Car -1 -1 -10 195.000000 169.000000 311.000000 331.000000 1.573598 1.631301 3.585478 -2.915815 1.423494 7.796167 -0.388632 0.022555
Cyclist -1 -1 -10 424.000000 163.000000 476.000000 259.000000 1.785886 0.661977 1.778776 -2.975477 1.471586 13.866655 1.416558 0.999433
Cyclist -1 -1 -10 380.000000 169.000000 405.000000 220.000000 1.800845 0.621619 1.730421 -7.242416 1.334318 24.595376 -1.895788 0.732749
Cyclist -1 -1 -10 360.000000 178.000000 401.000000 227.000000 1.753170 0.573692 1.431240 -8.229714 0.859934 26.755702 2.678882 0.051824
Cyclist -1 -1 -10 205.000000 171.000000 289.000000 340.000000 1.776922 0.500117 1.728347 -3.547349 1.608207 6.910272 -2.581280 0.017218
Cyclist -1 -1 -10 0.000000 164.000000 114.000000 371.000000 1.689345 0.519789 1.672375 -3.307312 1.511732 4.127656 0.172993 0.011559
