Pedestrian -1 -1 -10 675.000000 167.000000 699.000000 215.000000 1.815027 0.622669 0.844585 2.594685 1.490084 24.845625 1.255838 0.049204
Car -1 -1 -10 491.000000 179.000000 543.000000 216.000000 1.487126 1.688906 4.173367 -3.990215 1.872117 31.519285 1.570402 0.999213
Car -1 -1 -10 216.000000 185.000000 372.000000 271.000000 1.588854 1.664820 4.087500 -6.496463 1.894188 15.485148 1.545979 0.999204
Car -1 -1 -10 -4.000000 182.000000 251.000000 366.000000 1.684291 1.652449 4.028509 -6.238212 1.878817 9.049687 1.567481 0.996545
Car -1 -1 -10 391.000000 186.000000 455.000000 227.000000 1.486285 1.606999 3.934680 -6.839780 2.023270 26.273412 1.546658 0.984206
Car -1 -1 -10 470.000000 181.000000 509.000000 208.000000 1.555476 1.645950 3.816315 -6.950830 2.102211 40.855667 1.417612 0.972886
Car -1 -1 -10 701.000000 162.000000 788.000000 194.000000 1.556693 1.661295 4.292518 7.624205 1.168356 40.968311 3.158481 0.955258
Car -1 -1 -10 523.000000 179.000000 556.000000 204.000000 1.553464 1.614155 3.992600 -4.073449 1.876087 43.623529 1.480172 0.822671
Car -1 -1 -10 1083.000000 150.000000 1218.000000 193.000000 1.579211 1.577600 3.912579 18.058039 0.802678 24.275303 -1.596531 0.038834
Car -1 -1 -10 108.000000 184.000000 247.000000 258.000000 1.528690 1.552477 3.475459 -12.375367 1.343930 19.493782 -2.117548 0.021634
