Pedestrian -1 -1 -10 846.000000 159.000000 949.000000 374.000000 1.736478 0.660280 1.027338 2.346671 1.540385 5.783217 -1.307622 0.997894
Pedestrian -1 -1 -10 765.000000 171.000000 847.000000 371.000000 1.672988 0.597713 0.901239 1.557827 1.554493 5.728638 -1.692398 0.997016
Pedestrian -1 -1 -10 177.000000 167.000000 270.000000 373.000000 1.731782 0.606527 0.888684 -3.394288 1.621473 6.387131 -1.111344 0.995924
Pedestrian -1 -1 -10 742.000000 173.000000 771.000000 259.000000 1.753691 0.617549 0.908947 3.251772 1.585574 15.237006 -2.381041 0.972979
Pedestrian -1 -1 -10 851.000000 153.000000 874.000000 219.000000 1.776224 0.645024 0.897385 7.766987 1.009054 21.290624 -0.820950 0.903181
Pedestrian -1 -1 -10 1156.000000 152.000000 1194.000000 241.000000 1.807616 0.636348 0.794578 11.025215 1.179133 13.708813 3.319823 0.869977
Pedestrian -1 -1 -10 1087.000000 155.000000 1170.000000 339.000000 1.667769 0.660865 0.598322 4.675075 1.481047 6.418476 -1.511913 0.833093
Pedestrian -1 -1 -10 901.000000 164.000000 929.000000 222.000000 1.783437 0.640672 0.688109 8.300626 1.236151 19.064215 -0.641869 0.597929
Pedestrian -1 -1 -10 1146.000000 153.000000 1177.000000 240.000000 1.749949 0.727371 0.742859 12.545861 1.461681 16.145676 0.747279 0.510250
Pedestrian -1 -1 -10 473.000000 178.000000 490.000000 228.000000 1.770082 0.685397 0.888842 -4.437403 1.705597 26.628020 -1.638502 0.256814
Pedestrian -1 -1 -10 1128.000000 154.000000 1166.000000 247.000000 1.726677 0.650031 0.810010 11.519471 1.449317 15.428873 -0.507609 0.236724
Pedestrian -1 -1 -10 1108.000000 157.000000 1160.000000 285.000000 1.782781 0.513974 0.690078 4.490431 1.192530 6.169732 0.802186 0.167434
Pedestrian -1 -1 -10 859.000000 167.000000 936.000000 282.000000 1.744434 0.537385 0.747652 4.024918 1.694495 9.285964 -2.715444 0.114845
Pedestrian -1 -1 -10 872.000000 165.000000 909.000000 226.000000 1.734543 0.589970 0.750744 7.137734 1.391407 17.065044 0.889186 0.070026
Pedestrian -1 -1 -10 752.000000 171.000000 796.000000 263.000000 1.820301 0.601818 0.834681 3.794451 1.629886 16.302257 1.256665 0.059648
Cyclist -1 -1 -10 304.000000 176.000000 391.000000 279.000000 1.666821 0.570506 1.716952 -4.660067 1.672879 12.903717 -0.231841 0.994788
Cyclist -1 -1 -10 1069.000000 150.000000 1181.000000 367.000000 1.743029 0.560480 1.751502 4.622479 1.485738 6.336392 -0.845842 0.515563
Cyclist -1 -1 -10 900.000000 165.000000 930.000000 225.000000 1.684099 0.449613 1.641230 7.307513 1.121379 17.040352 2.499118 0.128631
Cyclist -1 -1 -10 743.000000 172.000000 774.000000 261.000000 1.743717 0.632315 1.686295 3.434543 1.480651 15.870020 2.253848 0.028752
Cyclist -1 -1 -10 758.000000 171.000000 793.000000 268.000000 1.722808 0.566416 1.776430 3.874174 1.353447 16.334368 -2.885238 0.025258
Cyclist -1 -1 -10 871.000000 164.000000 914.000000 226.000000 1.690273 0.586629 1.735267 7.320296 1.169965 16.960989 2.974161 0.021884
Cyclist -1 -1 -10 850.000000 156.000000 882.000000 225.000000 1.794891 0.632231 1.729501 7.758073 1.008072 21.353515 -1.589086 0.012642
Cyclist -1 -1 -10 963.000000 158.000000 1212.000000 364.000000 1.707637 0.617301 1.710449 2.552518 1.494257 3.582787 1.530150 0.012095
Cyclist -1 -1 -10 1102.000000 157.000000 1165.000000 269.000000 1.756219 0.498108 1.488797 5.039919 1.196470 6.966508 -0.934839 0.011626
