Car -1 -1 -10 726.000000 189.000000 902.000000 301.000000 1.455234 1.582804 3.589292 2.905359 1.684612 11.268305 -1.622843 0.999501
Car -1 -1 -10 3.000000 178.000000 312.000000 328.000000 1.546039 1.587525 3.989801 -6.186140 1.672696 8.778545 -0.053968 0.997175
Car -1 -1 -10 803.000000 181.000000 949.000000 243.000000 1.519481 1.619681 3.978137 6.775210 1.777505 19.242999 0.335714 0.988935
Car -1 -1 -10 222.000000 171.000000 406.000000 251.000000 1.609655 1.601284 3.716681 -6.508022 1.645098 15.774764 -3.245765 0.949262
Car -1 -1 -10 409.000000 173.000000 514.000000 207.000000 1.547780 1.711424 4.147018 -7.062126 1.578588 34.590048 -3.211125 0.949085
Car -1 -1 -10 708.000000 172.000000 848.000000 224.000000 1.580058 1.590831 3.682953 5.770760 1.729123 28.649323 0.045706 0.895738
Car -1 -1 -10 300.000000 170.000000 477.000000 235.000000 1.455999 1.509230 3.794155 -5.328168 2.020260 20.493090 0.676077 0.891807
Car -1 -1 -10 3.000000 185.000000 151.000000 353.000000 1.526653 1.603876 3.850930 -6.345086 1.529710 5.956995 -3.097364 0.594563
Car -1 -1 -10 120.000000 168.000000 359.000000 271.000000 1.686188 1.623552 3.609245 -6.078167 1.771613 12.388757 -2.788286 0.421540
Car -1 -1 -10 753.000000 178.000000 877.000000 236.000000 1.451152 1.542693 3.816895 6.138701 1.370297 21.457433 0.113068 0.352385
Car -1 -1 -10 446.000000 171.000000 530.000000 202.000000 1.695939 1.741900 4.187763 -6.525944 1.560199 39.987540 -3.244713 0.170952
