Pedestrian -1 -1 -10 675.000000 169.000000 732.000000 335.000000 1.706183 0.610625 0.861533 1.125095 1.585447 7.957822 -0.783582 0.998022
Pedestrian -1 -1 -10 62.000000 148.000000 218.000000 372.000000 1.584507 0.384118 0.622728 -3.071489 1.436356 4.774321 -2.080964 0.997265
Pedestrian -1 -1 -10 556.000000 172.000000 578.000000 235.000000 1.778288 0.627177 1.036931 -1.062052 1.474219 20.351505 -1.669088 0.991381
Pedestrian -1 -1 -10 927.000000 133.000000 973.000000 271.000000 1.834394 0.650250 0.901685 4.885726 1.258521 10.130912 3.576027 0.962222
Pedestrian -1 -1 -10 959.000000 146.000000 1005.000000 269.000000 1.793075 0.645403 0.809284 5.768604 1.262539 10.652958 0.990079 0.920425
Pedestrian -1 -1 -10 503.000000 173.000000 523.000000 233.000000 1.834435 0.656090 0.946306 -2.697500 1.574437 21.840651 1.337504 0.849837
Pedestrian -1 -1 -10 490.000000 172.000000 510.000000 235.000000 1.798191 0.643166 0.864127 -2.922949 1.509436 20.425159 1.356780 0.818900
Pedestrian -1 -1 -10 469.000000 175.000000 492.000000 236.000000 1.772985 0.655438 0.865160 -3.485035 1.617685 20.557248 1.333001 0.770479
Pedestrian -1 -1 -10 222.000000 171.000000 375.000000 373.000000 1.618931 0.710988 0.531134 -1.691976 1.503557 4.164526 1.354743 0.693746
Pedestrian -1 -1 -10 598.000000 175.000000 618.000000 235.000000 1.686396 0.529882 0.746441 0.096865 1.521812 20.085780 -1.668055 0.655278
Pedestrian -1 -1 -10 1113.000000 126.000000 1233.000000 365.000000 1.697366 0.599246 0.874264 3.687156 1.370636 4.650468 -1.896262 0.480776
Pedestrian -1 -1 -10 590.000000 174.000000 607.000000 230.000000 1.788340 0.618563 0.900084 -0.210330 1.550055 21.152215 2.106289 0.338954
Pedestrian -1 -1 -10 360.000000 201.000000 395.000000 287.000000 1.779836 0.688391 0.565423 -3.843125 1.993861 12.108044 2.406339 0.190768
Pedestrian -1 -1 -10 302.000000 199.000000 380.000000 336.000000 1.686492 0.685221 0.505038 -1.602659 1.662182 3.996097 1.719023 0.183301
Pedestrian -1 -1 -10 212.000000 209.000000 280.000000 327.000000 1.704017 0.569260 0.612164 -4.026583 1.853095 7.912074 0.117476 0.181145
Pedestrian -1 -1 -10 578.000000 173.000000 595.000000 220.000000 1.842503 0.610119 0.816859 -0.640004 1.401895 28.021457 -0.628207 0.176730
Pedestrian -1 -1 -10 322.000000 205.000000 362.000000 272.000000 1.745246 0.621714 0.657854 -4.976243 1.871552 14.278814 -1.464070 0.175227
Pedestrian -1 -1 -10 346.000000 203.000000 383.000000 300.000000 1.710444 0.499999 0.661749 -4.039462 1.879272 11.710625 0.193532 0.103558
Car -1 -1 -10 1009.000000 164.000000 1234.000000 365.000000 1.499846 1.639365 3.881393 2.669152 0.854772 3.430200 -1.649038 0.085818
Cyclist -1 -1 -10 216.000000 171.000000 383.000000 371.000000 1.645195 0.543276 1.659126 -1.642296 1.445842 4.085164 1.673559 0.857722
Cyclist -1 -1 -10 305.000000 191.000000 382.000000 365.000000 1.647794 0.552564 1.665508 -1.601163 1.431025 4.058692 1.688201 0.396428
Cyclist -1 -1 -10 208.000000 202.000000 296.000000 348.000000 1.710053 0.815985 1.828799 -1.881364 1.550125 4.082054 0.000081 0.164194
Cyclist -1 -1 -10 1092.000000 128.000000 1233.000000 367.000000 1.679618 0.566707 1.661005 3.463813 1.400704 4.358010 1.538425 0.042018
Cyclist -1 -1 -10 339.000000 203.000000 377.000000 325.000000 1.700364 0.699523 1.805022 -1.664543 1.530359 4.027895 1.740309 0.026749
Cyclist -1 -1 -10 357.000000 201.000000 396.000000 288.000000 1.697148 0.739386 1.754668 -3.746695 1.813300 12.299897 0.710549 0.020626
Cyclist -1 -1 -10 296.000000 204.000000 376.000000 287.000000 1.770806 0.604280 1.644767 -5.320331 1.755209 14.208046 2.740191 0.020219
Cyclist -1 -1 -10 806.000000 164.000000 832.000000 213.000000 1.724816 0.599691 1.823065 5.206135 1.139327 16.633075 0.284355 0.014084
Cyclist -1 -1 -10 321.000000 207.000000 363.000000 271.000000 1.641652 0.574641 1.633106 -5.252031 1.571291 14.627500 -2.471992 0.010164
