Pedestrian -1 -1 -10 99.000000 188.000000 150.000000 315.000000 1.770174 0.664732 0.793875 -6.849465 1.884789 10.079101 1.862528 0.992999
Pedestrian -1 -1 -10 166.000000 175.000000 217.000000 305.000000 1.665922 0.533525 0.646701 -5.744816 1.685263 10.064739 1.543700 0.970736
Pedestrian -1 -1 -10 562.000000 175.000000 571.000000 203.000000 1.763228 0.624290 0.750446 -3.047709 1.978290 50.867240 1.510939 0.099050
Pedestrian -1 -1 -10 574.000000 174.000000 584.000000 202.000000 1.865339 0.667862 0.746442 -2.181585 1.998059 51.292897 1.547666 0.032399
Pedestrian -1 -1 -10 123.000000 184.000000 247.000000 314.000000 1.726649 0.578987 0.822581 -5.727243 1.810879 10.022109 1.503582 0.028255
Pedestrian -1 -1 -10 87.000000 203.000000 130.000000 314.000000 1.759339 0.665190 0.645970 -7.113579 1.889259 10.058322 1.954897 0.018228
Pedestrian -1 -1 -10 -1.000000 219.000000 275.000000 372.000000 1.775115 0.715785 0.995759 -3.620523 2.167290 5.101283 0.187856 0.012417
Car -1 -1 -10 736.000000 182.000000 921.000000 316.000000 1.490106 1.566697 3.575979 2.704598 1.612753 9.828117 -1.586248 0.999586
Car -1 -1 -10 458.000000 182.000000 514.000000 226.000000 1.574121 1.633537 3.896822 -4.889904 1.989049 28.875657 1.561307 0.999098
Car -1 -1 -10 309.000000 181.000000 457.000000 278.000000 1.709427 1.682543 4.063170 -4.507802 1.881925 15.017149 -1.576196 0.999085
Car -1 -1 -10 661.000000 176.000000 717.000000 223.000000 1.525601 1.595790 3.658159 2.715556 1.641217 25.430838 -1.573451 0.998973
Car -1 -1 -10 512.000000 182.000000 544.000000 208.000000 1.556742 1.642514 3.963684 -5.283346 2.096268 44.751207 -1.606319 0.990009
Car -1 -1 -10 -4.000000 223.000000 286.000000 373.000000 1.505465 1.637829 3.827144 -4.246535 1.901822 5.828563 -1.597907 0.986011
Cyclist -1 -1 -10 562.000000 176.000000 571.000000 203.000000 1.750781 0.462968 1.562105 -3.077002 1.875446 51.483865 -1.716465 0.887922
Cyclist -1 -1 -10 574.000000 174.000000 584.000000 202.000000 1.759452 0.568990 1.786123 -2.247821 1.903438 51.349090 1.548002 0.505851
Cyclist -1 -1 -10 166.000000 175.000000 219.000000 304.000000 1.670607 0.519916 1.673670 -5.846678 1.579996 10.105231 0.462147 0.038243
Cyclist -1 -1 -10 85.000000 190.000000 162.000000 311.000000 1.716633 0.665470 1.753395 -6.946686 1.633098 10.184569 -0.000529 0.034021
Cyclist -1 -1 -10 13.000000 226.000000 271.000000 349.000000 1.776279 0.598021 1.863983 -3.690437 1.988672 5.229199 -1.620607 0.014802
