Car -1 -1 -10 212.000000 200.000000 345.000000 264.000000 1.394339 1.605770 3.845241 -8.301688 2.035180 17.517669 -2.401816 0.999587
Car -1 -1 -10 66.000000 194.000000 144.000000 234.000000 1.408449 1.619114 3.976537 -19.733647 2.258278 27.886882 -2.333718 0.998604
Car -1 -1 -10 674.000000 180.000000 762.000000 233.000000 1.432033 1.645680 3.999089 2.924145 1.668913 20.163666 1.508953 0.997671
Car -1 -1 -10 44.000000 192.000000 112.000000 228.000000 1.496229 1.596775 3.801909 -23.237993 2.228957 31.826383 -2.332531 0.984775
Car -1 -1 -10 599.000000 179.000000 661.000000 230.000000 1.453389 1.565574 3.699533 0.501006 1.676557 21.342992 1.608229 0.980597
Car -1 -1 -10 360.000000 168.000000 603.000000 300.000000 1.982232 1.723340 4.297208 -2.542273 1.981637 12.408896 -2.401458 0.919648
Car -1 -1 -10 273.000000 181.000000 374.000000 216.000000 1.511711 1.633933 3.835946 -13.178023 1.938861 33.149349 -3.306570 0.875628
Car -1 -1 -10 214.000000 186.000000 310.000000 213.000000 1.574111 1.658608 4.141264 -17.901822 2.153376 37.279280 -0.291922 0.216186
Car -1 -1 -10 731.000000 171.000000 879.000000 225.000000 1.564193 1.648268 3.968521 5.298113 1.762469 21.602388 1.294094 0.182387
Car -1 -1 -10 436.000000 178.000000 601.000000 265.000000 1.512900 1.514857 3.360510 -0.660904 2.191906 17.941495 1.984836 0.012281
Car -1 -1 -10 642.000000 179.000000 707.000000 219.000000 1.531446 1.648889 3.923554 3.033393 1.687655 32.157752 1.181022 0.011274
