Pedestrian -1 -1 -10 784.000000 169.000000 830.000000 280.000000 1.635128 0.700122 0.824655 2.779258 1.526603 10.147683 -1.289569 0.042290
Pedestrian -1 -1 -10 762.000000 172.000000 802.000000 264.000000 1.640584 0.620295 0.820636 3.094139 1.586457 13.317254 -0.755855 0.012124
Pedestrian -1 -1 -10 790.000000 175.000000 824.000000 206.000000 1.609523 0.541078 0.554154 7.984884 1.740869 31.290856 2.733015 0.011532
Car -1 -1 -10 588.000000 180.000000 642.000000 214.000000 1.471177 1.636440 3.939786 0.289981 1.863674 33.934412 1.785242 0.998653
Car -1 -1 -10 266.000000 192.000000 476.000000 327.000000 1.484627 1.546786 3.677729 -3.182519 1.805541 10.250446 1.659091 0.998342
Car -1 -1 -10 615.000000 175.000000 659.000000 211.000000 1.530486 1.625098 3.888878 0.951365 1.807299 36.259627 -1.338552 0.950464
Car -1 -1 -10 646.000000 178.000000 683.000000 204.000000 1.525535 1.622472 4.034409 3.528395 2.038869 47.168906 1.746976 0.810919
Car -1 -1 -10 416.000000 173.000000 493.000000 215.000000 1.514191 1.595714 3.928266 -7.109178 1.670809 29.447942 -2.989267 0.565515
Cyclist -1 -1 -10 780.000000 163.000000 839.000000 305.000000 1.771021 0.592933 1.896015 2.718211 1.735404 10.157648 -1.390651 0.999092
Cyclist -1 -1 -10 760.000000 171.000000 798.000000 269.000000 1.703197 0.495887 1.823973 3.081567 1.750967 13.490790 -1.531725 0.992685
Cyclist -1 -1 -10 757.000000 177.000000 795.000000 226.000000 1.697031 0.481972 1.444753 9.888237 1.824670 43.691036 -1.378043 0.120133
Cyclist -1 -1 -10 761.000000 173.000000 789.000000 206.000000 1.697031 0.481972 1.444753 10.241042 2.053438 43.736791 -1.379362 0.063709
Cyclist -1 -1 -10 785.000000 173.000000 827.000000 255.000000 1.682125 0.450163 1.677641 3.379031 1.740194 13.511757 -1.197255 0.049584
Cyclist -1 -1 -10 789.000000 176.000000 824.000000 210.000000 1.732222 0.524694 1.525697 4.065668 1.427289 15.831006 -1.315183 0.010812
