Car -1 -1 -10 512.000000 187.000000 645.000000 266.000000 1.392700 1.579256 3.775648 -0.814067 1.698519 14.711413 -1.966417 0.999601
Car -1 -1 -10 411.000000 181.000000 468.000000 220.000000 1.473479 1.615135 3.816063 -6.994801 1.784531 28.661322 -1.942284 0.999311
Car -1 -1 -10 222.000000 184.000000 268.000000 214.000000 1.549327 1.692225 3.985284 -20.374798 2.212829 40.245652 1.232919 0.997713
Car -1 -1 -10 397.000000 180.000000 443.000000 211.000000 1.508719 1.612017 3.976004 -9.223774 1.775870 34.145329 -1.937678 0.980889
Car -1 -1 -10 2.000000 204.000000 154.000000 310.000000 1.506260 1.636750 3.894917 -9.086962 2.036576 12.395230 1.132765 0.969671
Car -1 -1 -10 579.000000 164.000000 684.000000 204.000000 1.573158 1.653723 4.015345 0.890770 1.284133 30.982401 -2.801273 0.882025
Car -1 -1 -10 1119.000000 153.000000 1242.000000 242.000000 1.429586 1.620498 4.006523 10.471977 1.085118 12.782727 1.903182 0.545743
Car -1 -1 -10 0.000000 211.000000 99.000000 367.000000 1.424593 1.601025 3.853685 -6.861022 1.938940 7.558920 1.110230 0.432576
Car -1 -1 -10 657.000000 133.000000 1127.000000 374.000000 1.978736 1.737170 4.207883 2.286843 1.702494 7.669539 -1.949556 0.393244
Car -1 -1 -10 536.000000 172.000000 619.000000 202.000000 1.538672 1.657490 4.116197 -1.633950 1.419208 36.546669 0.347202 0.256246
Car -1 -1 -10 240.000000 183.000000 278.000000 210.000000 1.495723 1.549000 3.636125 -21.511589 2.220857 45.519748 -2.043190 0.190746
