Car -1 -1 -10 577.000000 180.000000 611.000000 211.000000 1.545365 1.636980 4.003486 -0.764316 1.285596 39.951203 -1.580802 0.999395
Car -1 -1 -10 288.000000 193.000000 453.000000 283.000000 1.499704 1.647481 4.078183 -4.230854 1.616164 13.560820 -1.574171 0.999336
Car -1 -1 -10 440.000000 186.000000 505.000000 232.000000 1.434807 1.601360 3.844270 -4.605167 1.477207 24.822791 -1.598021 0.997385
Car -1 -1 -10 55.000000 178.000000 276.000000 278.000000 1.571617 1.667411 4.033237 -8.575492 1.571243 14.536586 -1.558500 0.972193
Car -1 -1 -10 285.000000 192.000000 364.000000 234.000000 1.419759 1.598617 3.870045 -8.518607 1.581948 22.484650 -1.467484 0.672114
Car -1 -1 -10 476.000000 183.000000 525.000000 216.000000 1.404371 1.583159 3.841875 -5.064623 1.373912 34.623235 -1.592102 0.628842
Car -1 -1 -10 237.000000 201.000000 391.000000 305.000000 1.483760 1.586644 3.869532 -4.521844 1.701338 11.173682 1.655553 0.336469
Car -1 -1 -10 1.000000 190.000000 71.000000 318.000000 1.475963 1.613702 3.871731 -8.527897 1.826221 8.375423 -1.590930 0.183157
Car -1 -1 -10 370.000000 182.000000 405.000000 207.000000 1.472374 1.622263 3.809849 -12.698196 1.246646 42.860464 -1.462327 0.102565
Car -1 -1 -10 385.000000 183.000000 441.000000 215.000000 1.559347 1.621327 3.898886 -8.712870 1.368214 33.308158 -1.409490 0.057982
