Pedestrian -1 -1 -10 776.000000 168.000000 827.000000 302.000000 1.670967 0.610388 0.655369 2.359961 1.589237 8.764863 2.817823 0.992430
Pedestrian -1 -1 -10 0.000000 169.000000 40.000000 360.000000 1.758156 0.556895 0.707512 -5.438447 1.662482 6.609078 -0.150693 0.901787
Pedestrian -1 -1 -10 858.000000 140.000000 943.000000 337.000000 1.752853 0.720381 0.855739 2.696045 1.512386 7.157555 -2.327199 0.456963
Pedestrian -1 -1 -10 0.000000 192.000000 79.000000 318.000000 1.761137 0.618011 0.821480 -5.458524 1.810526 6.781553 -2.759824 0.216038
Pedestrian -1 -1 -10 871.000000 144.000000 921.000000 290.000000 1.723093 0.587246 0.835955 3.013525 1.299438 7.767194 3.515607 0.069380
Pedestrian -1 -1 -10 860.000000 139.000000 1041.000000 367.000000 1.841961 0.554197 1.102265 2.778608 1.495397 5.388775 -2.670029 0.018114
Car -1 -1 -10 602.000000 176.000000 629.000000 203.000000 1.605524 1.632692 3.940999 0.322476 1.877056 46.680216 -1.550863 0.998224
Car -1 -1 -10 371.000000 187.000000 429.000000 221.000000 1.495288 1.649785 3.982567 -9.592033 2.127246 33.253605 1.610200 0.996358
Car -1 -1 -10 1.000000 205.000000 97.000000 303.000000 1.476590 1.596793 3.833339 -9.930093 2.108590 11.167259 1.540018 0.178024
Car -1 -1 -10 0.000000 176.000000 56.000000 331.000000 1.502925 1.549862 3.390723 -6.452505 1.658172 7.038304 -1.127532 0.030958
Cyclist -1 -1 -10 867.000000 116.000000 1171.000000 372.000000 1.731820 0.542682 1.694197 2.866876 1.406603 5.083403 -2.487162 0.999519
Cyclist -1 -1 -10 847.000000 139.000000 958.000000 357.000000 1.803886 0.600110 1.803840 2.547845 1.465536 6.925962 1.941623 0.931732
Cyclist -1 -1 -10 774.000000 166.000000 828.000000 303.000000 1.694472 0.536812 1.745452 2.221458 1.579393 8.733202 -1.471490 0.072208
Cyclist -1 -1 -10 -1.000000 181.000000 50.000000 339.000000 1.760980 0.601674 1.732357 -5.628456 1.669925 6.764016 -0.088466 0.045198
Cyclist -1 -1 -10 -1.000000 198.000000 102.000000 308.000000 1.740283 0.592426 1.820535 -9.075189 2.061373 11.534438 -0.045037 0.026863
Cyclist -1 -1 -10 862.000000 148.000000 928.000000 305.000000 1.736753 0.555315 1.752446 2.930598 1.438014 7.642294 -1.189894 0.016358
