Pedestrian -1 -1 -10 540.000000 175.000000 550.000000 209.000000 1.799735 0.666403 0.753014 -3.486572 1.887835 38.689913 0.979149 0.745123
Pedestrian -1 -1 -10 552.000000 172.000000 563.000000 208.000000 1.741344 0.712595 0.522590 -2.868418 1.876053 39.150521 1.367901 0.241877
Pedestrian -1 -1 -10 543.000000 174.000000 556.000000 205.000000 1.809996 0.686546 0.887217 -3.309144 1.859797 38.948352 1.074868 0.107220
Car -1 -1 -10 673.000000 172.000000 760.000000 245.000000 1.574784 1.564970 3.547613 2.524833 1.625294 17.774456 -1.608078 0.999006
Car -1 -1 -10 390.000000 181.000000 477.000000 242.000000 1.556684 1.630388 3.857663 -5.139696 1.868898 21.274112 1.554893 0.998277
Car -1 -1 -10 482.000000 181.000000 524.000000 212.000000 1.570392 1.675702 4.115927 -5.545056 1.962295 37.229485 1.525625 0.997490
Car -1 -1 -10 -2.000000 176.000000 327.000000 377.000000 1.692277 1.671708 4.169406 -4.559550 1.861411 7.495247 -1.587484 0.855723
Car -1 -1 -10 960.000000 113.000000 1245.000000 369.000000 1.485454 1.593502 3.523470 2.527071 1.534033 2.025413 -1.582173 0.408376
Car -1 -1 -10 539.000000 175.000000 551.000000 207.000000 1.520197 1.525550 3.385340 -3.521239 1.880666 39.663489 2.038239 0.010261
Cyclist -1 -1 -10 552.000000 171.000000 566.000000 208.000000 1.769219 0.616435 1.786222 -2.833114 1.828618 39.039217 1.396487 0.851823
Cyclist -1 -1 -10 539.000000 175.000000 551.000000 209.000000 1.780981 0.583692 1.824990 -3.451535 1.838942 38.736823 1.524502 0.251426
Cyclist -1 -1 -10 987.000000 101.000000 1229.000000 371.000000 1.710992 0.777342 1.802814 2.003341 1.700340 2.653660 1.558558 0.054317
Cyclist -1 -1 -10 531.000000 177.000000 555.000000 203.000000 1.713252 0.526367 1.797092 -3.351226 1.617697 38.914540 -1.128154 0.012597
