Pedestrian -1 -1 -10 787.000000 154.000000 834.000000 266.000000 1.718500 0.576692 0.790425 3.241540 1.354427 11.454389 1.244227 0.995611
Pedestrian -1 -1 -10 72.000000 196.000000 128.000000 315.000000 1.760547 0.782616 0.699059 -6.892128 1.841347 9.765512 -2.093340 0.907083
Pedestrian -1 -1 -10 778.000000 163.000000 815.000000 257.000000 1.678356 0.585294 0.555297 3.718344 0.942964 13.734452 2.859408 0.175900
Pedestrian -1 -1 -10 569.000000 176.000000 586.000000 226.000000 1.729920 0.656806 0.680352 -0.937244 1.571952 25.586215 -2.187646 0.132635
Pedestrian -1 -1 -10 589.000000 177.000000 605.000000 225.000000 1.797247 0.696981 0.915474 -0.245121 1.545812 25.738822 -1.688331 0.116057
Pedestrian -1 -1 -10 772.000000 169.000000 797.000000 247.000000 1.694943 0.685243 0.838538 4.061055 1.424479 16.040346 -1.833801 0.077139
Pedestrian -1 -1 -10 528.000000 179.000000 537.000000 209.000000 1.848786 0.730476 0.787109 -4.108242 1.650816 41.763045 -2.729544 0.043210
Pedestrian -1 -1 -10 77.000000 209.000000 96.000000 303.000000 1.725761 0.647315 0.638047 -7.780157 1.626507 10.649390 -2.743610 0.016422
Pedestrian -1 -1 -10 446.000000 179.000000 462.000000 232.000000 1.744693 0.563158 0.739769 -4.986573 1.638159 23.852856 -1.870504 0.014631
Car -1 -1 -10 3.000000 200.000000 376.000000 374.000000 1.508998 1.669315 4.077840 -3.628223 1.755876 6.566206 1.592995 0.994480
Car -1 -1 -10 25.000000 203.000000 193.000000 352.000000 1.610684 1.576960 3.724392 -7.113054 1.787205 10.127894 0.798707 0.014057
Car -1 -1 -10 1.000000 233.000000 65.000000 307.000000 1.579736 1.521918 3.606821 -10.385124 2.310276 12.093840 -2.197782 0.010501
Cyclist -1 -1 -10 67.000000 197.000000 134.000000 321.000000 1.701685 0.588011 1.631625 -7.189080 1.483347 10.320350 -2.893562 0.016043
