Pedestrian -1 -1 -10 488.000000 159.000000 522.000000 271.000000 1.743245 0.640234 0.843316 -1.606971 1.407374 11.792057 1.549919 0.995527
Pedestrian -1 -1 -10 595.000000 160.000000 620.000000 235.000000 1.763487 0.637611 1.031448 0.096760 1.224772 17.160261 -0.989043 0.993144
Pedestrian -1 -1 -10 1054.000000 128.000000 1202.000000 376.000000 1.673237 0.573415 0.945253 3.018684 1.332479 4.186922 2.076301 0.991248
Pedestrian -1 -1 -10 453.000000 166.000000 493.000000 273.000000 1.805595 0.715552 0.856208 -2.099957 1.520191 11.604083 1.408777 0.989637
Pedestrian -1 -1 -10 68.000000 222.000000 175.000000 370.000000 1.751441 0.637841 0.757465 -3.426938 1.939625 5.073970 -2.732868 0.930288
Pedestrian -1 -1 -10 5.000000 220.000000 143.000000 371.000000 1.751107 0.520599 0.485527 -2.820713 1.801216 3.529406 -1.701041 0.822336
Pedestrian -1 -1 -10 648.000000 162.000000 666.000000 228.000000 1.806121 0.612851 0.616602 1.283329 1.236362 18.138431 -0.541062 0.815185
Pedestrian -1 -1 -10 59.000000 216.000000 126.000000 354.000000 1.639377 0.569316 0.580794 -2.237166 1.630985 2.912875 -2.724667 0.673595
Pedestrian -1 -1 -10 611.000000 161.000000 630.000000 212.000000 1.776919 0.672711 0.927884 0.662274 0.961057 25.178748 -1.694889 0.664282
Pedestrian -1 -1 -10 205.000000 213.000000 290.000000 359.000000 1.734449 0.702487 0.593290 -2.998047 1.989375 6.131486 1.152999 0.583576
Pedestrian -1 -1 -10 654.000000 163.000000 675.000000 231.000000 1.812683 0.622181 0.855823 1.424024 1.250583 17.008504 -1.522246 0.549640
Pedestrian -1 -1 -10 680.000000 164.000000 701.000000 224.000000 1.754331 0.583929 0.907382 2.467575 1.106542 20.116774 1.333391 0.333894
Pedestrian -1 -1 -10 1043.000000 138.000000 1078.000000 226.000000 1.741496 0.603594 0.629674 5.887931 1.071739 9.292705 3.256696 0.277112
Car -1 -1 -10 554.000000 168.000000 585.000000 194.000000 1.568023 1.642926 3.954563 -2.032453 0.742163 46.255632 1.612592 0.997023
Cyclist -1 -1 -10 1015.000000 135.000000 1232.000000 369.000000 1.694496 0.512329 1.627345 3.159346 1.267887 4.378019 1.220988 0.826451
Cyclist -1 -1 -10 15.000000 221.000000 162.000000 371.000000 1.681728 0.694073 1.755192 -2.386099 1.592104 2.860252 -2.147643 0.252141
Cyclist -1 -1 -10 50.000000 218.000000 126.000000 351.000000 1.712775 0.602230 1.682521 -2.307111 1.541309 2.815126 -1.635468 0.123939
Cyclist -1 -1 -10 698.000000 159.000000 738.000000 226.000000 1.696656 0.671953 1.755892 3.448600 0.879575 21.219338 3.217555 0.079047
