Pedestrian -1 -1 -10 427.000000 175.000000 442.000000 215.000000 1.804967 0.608201 0.545328 -7.639275 2.096389 31.204210 -1.846993 0.923192
Pedestrian -1 -1 -10 411.000000 179.000000 424.000000 215.000000 1.699448 0.598573 0.734738 -8.361918 1.948293 31.051959 1.754852 0.770332
Pedestrian -1 -1 -10 415.000000 177.000000 440.000000 217.000000 1.789853 0.607051 0.953939 -8.091767 1.825520 30.953067 -0.331438 0.029726
Pedestrian -1 -1 -10 411.000000 189.000000 472.000000 234.000000 1.786468 0.764859 0.975782 -5.219015 2.186650 22.194111 2.876451 0.023205
Car -1 -1 -10 650.000000 177.000000 738.000000 244.000000 1.500386 1.564745 3.598828 1.977843 1.669297 18.252314 -1.646625 0.999228
Car -1 -1 -10 412.000000 189.000000 472.000000 235.000000 1.434249 1.582649 3.784165 -5.525366 1.975275 24.167560 -1.672529 0.998186
Car -1 -1 -10 3.000000 199.000000 318.000000 374.000000 1.484589 1.648538 4.018021 -4.961034 1.879529 8.002294 1.525839 0.995480
Car -1 -1 -10 620.000000 178.000000 664.000000 218.000000 1.499712 1.546232 3.574607 1.137783 1.715530 28.680517 -1.636827 0.985783
Car -1 -1 -10 444.000000 179.000000 494.000000 219.000000 1.612963 1.577452 3.853686 -6.256117 1.945588 32.995532 -1.616237 0.957639
Car -1 -1 -10 600.000000 177.000000 631.000000 203.000000 1.512200 1.592200 3.689686 0.396369 1.785840 44.277107 -1.664452 0.726445
Car -1 -1 -10 786.000000 198.000000 1236.000000 371.000000 1.509509 1.627578 3.698240 3.066378 1.584493 6.157256 -1.588007 0.308951
