Pedestrian -1 -1 -10 127.000000 156.000000 205.000000 339.000000 1.833956 0.720713 0.831868 -4.694677 1.602159 7.655379 2.012160 0.992229
Pedestrian -1 -1 -10 368.000000 198.000000 433.000000 328.000000 1.630672 0.652672 0.850960 -2.127625 1.750796 7.302981 -1.883647 0.639138
Pedestrian -1 -1 -10 313.000000 200.000000 376.000000 335.000000 1.628108 0.659991 0.637155 -2.704011 1.730130 7.279464 -1.705612 0.621420
Pedestrian -1 -1 -10 411.000000 192.000000 442.000000 270.000000 1.732184 0.538288 0.539871 -2.655327 1.757752 10.574873 2.436112 0.342690
Pedestrian -1 -1 -10 359.000000 202.000000 396.000000 293.000000 1.705107 0.642576 0.701544 -2.755421 1.310635 9.673755 -1.322240 0.201039
Pedestrian -1 -1 -10 381.000000 203.000000 428.000000 276.000000 1.743554 0.634734 0.658987 -2.710154 1.697646 9.907307 0.723269 0.155406
Pedestrian -1 -1 -10 151.000000 167.000000 190.000000 289.000000 1.687012 0.573262 0.495714 -4.567123 1.432870 7.542756 2.141892 0.149620
Pedestrian -1 -1 -10 394.000000 200.000000 418.000000 253.000000 1.735533 0.632460 0.610912 -5.405991 1.636479 19.924838 -2.371093 0.118741
Pedestrian -1 -1 -10 383.000000 201.000000 407.000000 256.000000 1.680947 0.557825 0.502679 -5.720863 1.963102 19.464520 -2.369735 0.078027
Pedestrian -1 -1 -10 329.000000 203.000000 362.000000 256.000000 1.708947 0.618128 0.650719 -5.589185 1.871928 15.923511 0.139308 0.060419
Pedestrian -1 -1 -10 397.000000 194.000000 436.000000 309.000000 1.810226 0.722935 0.749040 -2.699367 1.735941 10.285347 -2.155026 0.057822
Pedestrian -1 -1 -10 335.000000 202.000000 352.000000 242.000000 1.760730 0.620621 0.670425 -5.757180 1.785694 15.694617 0.191569 0.043267
Pedestrian -1 -1 -10 341.000000 202.000000 358.000000 249.000000 1.770240 0.582216 0.779627 -5.702942 1.879654 16.269408 -2.422797 0.038099
Car -1 -1 -10 880.000000 131.000000 1231.000000 378.000000 1.761425 1.678877 4.032889 3.185437 1.508550 4.374188 -1.578083 0.838208
Cyclist -1 -1 -10 510.000000 174.000000 557.000000 213.000000 1.796188 0.664408 1.762018 -2.808119 1.277214 29.196280 -2.715487 0.494720
Cyclist -1 -1 -10 341.000000 203.000000 359.000000 250.000000 1.648660 0.492033 1.705106 -5.916824 1.603490 16.451053 -1.780308 0.018147
Cyclist -1 -1 -10 329.000000 204.000000 365.000000 259.000000 1.638998 0.662599 1.724340 -5.650586 1.676512 16.165639 1.762274 0.013827
Cyclist -1 -1 -10 372.000000 204.000000 414.000000 278.000000 1.616270 0.283365 1.309125 -2.927928 1.597481 10.717565 -1.856362 0.012767
Cyclist -1 -1 -10 366.000000 200.000000 429.000000 323.000000 1.684498 0.596571 1.751392 -2.214540 1.747558 7.375795 -1.433367 0.011878
