Pedestrian -1 -1 -10 161.000000 164.000000 208.000000 293.000000 1.736066 0.619528 0.601573 -5.450297 1.327956 8.943525 -1.711864 0.828142
Pedestrian -1 -1 -10 204.000000 167.000000 238.000000 270.000000 1.750809 0.644434 0.621956 -11.827863 1.713654 21.881574 -2.615173 0.552562
Pedestrian -1 -1 -10 29.000000 154.000000 111.000000 305.000000 1.711855 0.614448 0.667075 -5.024179 1.324319 6.525705 1.984714 0.425553
Pedestrian -1 -1 -10 10.000000 164.000000 142.000000 361.000000 1.758935 0.798791 0.482840 -4.793980 1.512894 6.248037 0.938143 0.271014
Pedestrian -1 -1 -10 149.000000 177.000000 316.000000 269.000000 1.770435 0.650897 0.622384 -9.312098 1.860193 18.547182 1.982356 0.086619
Pedestrian -1 -1 -10 196.000000 179.000000 267.000000 265.000000 1.792828 0.633306 0.570749 -9.635300 1.996215 18.928379 0.168587 0.071655
Pedestrian -1 -1 -10 15.000000 198.000000 271.000000 373.000000 1.780908 0.692213 0.847843 -2.296929 1.948250 3.026258 -1.610515 0.043951
Car -1 -1 -10 667.000000 178.000000 774.000000 254.000000 1.460265 1.614061 3.908295 2.220257 1.615804 15.755445 -1.600718 0.999107
Car -1 -1 -10 504.000000 176.000000 551.000000 219.000000 1.599367 1.664537 3.719250 -3.357073 1.795824 29.276459 -1.659307 0.997890
Car -1 -1 -10 635.000000 177.000000 696.000000 219.000000 1.561300 1.639390 4.049630 2.111982 1.745651 28.375996 -1.689470 0.993823
Car -1 -1 -10 20.000000 189.000000 378.000000 373.000000 1.465265 1.650429 4.025128 -3.515550 1.643564 6.772631 -1.645296 0.992216
Car -1 -1 -10 7.000000 182.000000 162.000000 374.000000 1.504058 1.580961 3.735402 -3.105950 1.432246 2.015366 -1.217416 0.723702
Car -1 -1 -10 628.000000 177.000000 671.000000 213.000000 1.551662 1.597412 3.755986 1.843668 1.834773 34.178192 -1.626115 0.486005
Car -1 -1 -10 195.000000 185.000000 345.000000 259.000000 1.476822 1.542245 3.672065 -8.987647 1.866449 19.339019 -3.161980 0.315231
Car -1 -1 -10 621.000000 174.000000 657.000000 205.000000 1.682342 1.664844 4.020196 1.780776 1.805536 44.886790 -1.569834 0.314534
Car -1 -1 -10 536.000000 179.000000 562.000000 206.000000 1.556131 1.625098 3.762823 -3.829719 1.936698 43.162995 -1.628766 0.214390
Car -1 -1 -10 617.000000 174.000000 642.000000 199.000000 1.561367 1.636962 3.778078 1.693748 1.715850 44.772315 -1.594293 0.047743
Cyclist -1 -1 -10 149.000000 177.000000 316.000000 269.000000 1.735932 0.677141 1.750623 -9.176823 1.816426 19.092496 -0.446371 0.180176
Cyclist -1 -1 -10 218.000000 185.000000 299.000000 255.000000 1.761972 0.681068 1.891277 -9.148106 1.835958 19.059490 -3.521718 0.104838
Cyclist -1 -1 -10 196.000000 179.000000 267.000000 265.000000 1.689703 0.587274 1.659302 -9.786635 1.710634 19.319666 -1.956205 0.091789
Cyclist -1 -1 -10 12.000000 159.000000 136.000000 354.000000 1.660693 0.629771 1.730221 -4.665448 1.278378 6.421288 2.370672 0.034539
Cyclist -1 -1 -10 153.000000 167.000000 209.000000 326.000000 1.674177 0.744042 1.707938 -5.327005 1.208158 8.988184 1.036054 0.018529
Cyclist -1 -1 -10 15.000000 198.000000 271.000000 373.000000 1.698969 0.643551 1.895162 -2.343841 1.776381 2.915085 -1.514247 0.016798
