Pedestrian -1 -1 -10 204.000000 157.000000 331.000000 372.000000 1.741032 0.665801 0.893313 -2.520048 1.554266 5.423966 1.263941 0.994782
Pedestrian -1 -1 -10 552.000000 173.000000 575.000000 233.000000 1.741913 0.641058 0.860832 -1.197155 1.467872 20.821179 1.554288 0.993078
Pedestrian -1 -1 -10 640.000000 169.000000 693.000000 313.000000 1.752990 0.627130 0.882960 0.767137 1.651865 8.743145 -0.520550 0.969623
Pedestrian -1 -1 -10 904.000000 133.000000 948.000000 258.000000 1.847563 0.629189 0.981004 5.062738 1.261147 11.166584 3.147219 0.906944
Pedestrian -1 -1 -10 509.000000 173.000000 530.000000 229.000000 1.740544 0.624454 0.689711 -2.609963 1.452928 22.581849 -1.793433 0.812657
Pedestrian -1 -1 -10 488.000000 172.000000 507.000000 230.000000 1.746166 0.577957 0.748088 -3.232611 1.489259 22.037833 1.883327 0.736482
Pedestrian -1 -1 -10 593.000000 174.000000 611.000000 231.000000 1.723134 0.610820 0.765473 -0.056210 1.486378 20.799696 -1.682844 0.626603
Pedestrian -1 -1 -10 584.000000 175.000000 600.000000 230.000000 1.805689 0.600746 0.891887 -0.380329 1.592740 21.888839 2.145112 0.584945
Pedestrian -1 -1 -10 949.000000 111.000000 1206.000000 380.000000 1.752931 0.548955 0.871339 2.748077 1.214844 4.177204 1.123833 0.527318
Pedestrian -1 -1 -10 467.000000 170.000000 489.000000 232.000000 1.824485 0.665922 0.917438 -3.863570 1.613848 22.291318 1.018858 0.451190
Pedestrian -1 -1 -10 348.000000 196.000000 381.000000 302.000000 1.614822 0.545000 0.436557 -4.249674 1.786604 12.398604 0.208177 0.326362
Pedestrian -1 -1 -10 601.000000 176.000000 619.000000 228.000000 1.704394 0.504841 0.652849 0.245745 1.513922 22.508070 2.057606 0.199298
Pedestrian -1 -1 -10 329.000000 197.000000 369.000000 285.000000 1.718004 0.545061 0.812560 -4.195599 1.815220 11.542294 0.245443 0.191242
Pedestrian -1 -1 -10 579.000000 174.000000 594.000000 221.000000 1.789558 0.592089 0.768851 -0.705336 1.300797 28.567659 -1.574992 0.126251
Pedestrian -1 -1 -10 178.000000 205.000000 256.000000 324.000000 1.700881 0.733441 0.582925 -4.465616 1.959831 8.037906 0.972378 0.124508
Pedestrian -1 -1 -10 342.000000 192.000000 415.000000 312.000000 1.623694 0.627134 0.740563 -2.831253 1.890396 8.570843 2.810577 0.069365
Pedestrian -1 -1 -10 646.000000 177.000000 680.000000 218.000000 1.817437 0.728331 0.882178 2.065382 1.382294 24.606758 -1.791774 0.056150
Pedestrian -1 -1 -10 166.000000 210.000000 208.000000 310.000000 1.764833 0.650395 0.595715 -5.437747 1.455602 9.287242 -2.691281 0.039349
Pedestrian -1 -1 -10 353.000000 175.000000 453.000000 368.000000 1.640068 0.740317 0.516782 -1.731647 1.574944 6.299073 1.472205 0.022908
Pedestrian -1 -1 -10 642.000000 173.000000 664.000000 219.000000 1.790419 0.795703 0.513048 1.658960 1.354941 24.738838 -1.448311 0.012874
Pedestrian -1 -1 -10 1064.000000 165.000000 1240.000000 369.000000 1.709252 0.648447 0.709888 2.884919 1.376806 4.203500 1.791432 0.011223
Car -1 -1 -10 1028.000000 142.000000 1233.000000 371.000000 1.521667 1.593762 3.743549 3.633211 1.250321 5.035182 -0.894767 0.046256
Cyclist -1 -1 -10 348.000000 170.000000 453.000000 375.000000 1.712445 0.602441 1.790893 -1.729759 1.682418 6.196523 1.576809 0.998872
Cyclist -1 -1 -10 907.000000 143.000000 1214.000000 372.000000 1.696591 0.656453 1.767848 2.147255 1.077980 4.072514 -0.890198 0.981074
Cyclist -1 -1 -10 639.000000 167.000000 694.000000 315.000000 1.781731 0.545761 1.778733 0.802451 1.685024 8.871104 -0.561662 0.783968
Cyclist -1 -1 -10 509.000000 173.000000 530.000000 229.000000 1.758542 0.521384 1.733961 -2.745227 1.501050 22.655618 -2.129944 0.530725
Cyclist -1 -1 -10 342.000000 192.000000 415.000000 312.000000 1.746910 0.473521 1.350649 -3.013752 1.760545 9.337006 0.568829 0.270490
Cyclist -1 -1 -10 623.000000 178.000000 669.000000 248.000000 1.637203 0.604706 1.653832 0.980388 1.837751 18.399681 1.111852 0.118776
Cyclist -1 -1 -10 350.000000 197.000000 388.000000 296.000000 1.709667 0.518304 1.656242 -4.170395 1.660834 12.612539 0.275244 0.105757
Cyclist -1 -1 -10 422.000000 191.000000 470.000000 260.000000 1.579407 0.426731 1.747360 -3.900907 1.753668 18.585380 1.358096 0.056256
Cyclist -1 -1 -10 643.000000 174.000000 673.000000 218.000000 1.686905 0.522508 1.705634 1.680449 1.128440 25.081767 -2.023081 0.055589
Cyclist -1 -1 -10 324.000000 197.000000 375.000000 277.000000 1.716043 0.573803 1.653686 -4.259043 1.748547 12.391386 -1.986517 0.053115
Cyclist -1 -1 -10 373.000000 184.000000 451.000000 303.000000 1.660877 0.625539 1.714485 -2.745509 1.889029 8.811555 1.812647 0.035976
Cyclist -1 -1 -10 436.000000 178.000000 482.000000 241.000000 1.658255 0.580623 1.706102 -3.802410 1.806899 18.794573 -3.329342 0.013596
Cyclist -1 -1 -10 1064.000000 165.000000 1240.000000 369.000000 1.718013 0.603761 1.675313 3.120654 1.241547 4.368512 1.185680 0.012808
