Car -1 -1 -10 195.000000 198.000000 383.000000 287.000000 1.450497 1.641234 4.012906 -5.977473 1.998510 14.174099 1.555172 0.998682
Car -1 -1 -10 709.000000 175.000000 825.000000 251.000000 1.449865 1.627271 3.894264 3.193579 1.566642 15.960400 -1.594807 0.998645
Car -1 -1 -10 359.000000 190.000000 462.000000 247.000000 1.466687 1.650244 4.113376 -5.860449 2.072020 21.801217 1.616504 0.998474
Car -1 -1 -10 685.000000 176.000000 765.000000 231.000000 1.519442 1.618289 3.856831 3.177224 1.574363 21.471797 -1.554790 0.993454
Car -1 -1 -10 0.000000 211.000000 237.000000 374.000000 1.452597 1.560644 3.623030 -5.879859 1.959981 8.228554 1.566085 0.989671
Car -1 -1 -10 664.000000 179.000000 718.000000 214.000000 1.469517 1.581732 3.847630 3.409273 1.716025 31.344710 1.519354 0.986028
Car -1 -1 -10 423.000000 188.000000 489.000000 231.000000 1.484316 1.602264 3.938893 -5.798159 2.122782 27.748628 1.608494 0.938484
Car -1 -1 -10 1031.000000 134.000000 1243.000000 241.000000 1.577894 1.596563 4.048944 9.456959 1.141010 11.385947 3.401455 0.934225
Car -1 -1 -10 864.000000 154.000000 1060.000000 222.000000 1.513564 1.625748 3.966345 8.359420 1.160908 17.699509 2.605414 0.857089
Car -1 -1 -10 938.000000 149.000000 1166.000000 227.000000 1.526252 1.580307 3.850545 8.992381 1.097547 15.059463 3.118246 0.844196
Car -1 -1 -10 653.000000 179.000000 694.000000 207.000000 1.524971 1.591141 3.830863 3.311776 1.771481 37.155425 -1.622497 0.727958
Car -1 -1 -10 475.000000 184.000000 525.000000 215.000000 1.545982 1.636184 4.056814 -5.664027 2.127325 36.790812 1.693556 0.460751
