Pedestrian -1 -1 -10 1083.000000 126.000000 1217.000000 369.000000 1.844936 0.698194 0.902427 4.009730 1.461065 5.113640 1.778308 0.990568
Pedestrian -1 -1 -10 976.000000 126.000000 1112.000000 368.000000 1.813185 0.681039 0.861978 3.282229 1.361584 5.303079 1.713905 0.989624
Pedestrian -1 -1 -10 1066.000000 131.000000 1154.000000 359.000000 1.778350 0.668163 0.977764 3.853307 1.331377 5.492041 0.164272 0.719685
Pedestrian -1 -1 -10 714.000000 163.000000 725.000000 205.000000 1.798493 0.674806 0.719266 4.861137 1.087271 29.944334 1.729400 0.144156
Pedestrian -1 -1 -10 1066.000000 135.000000 1113.000000 311.000000 1.746808 0.576022 0.759478 4.088668 1.209763 6.003260 -0.453665 0.102154
Pedestrian -1 -1 -10 1056.000000 133.000000 1141.000000 253.000000 1.766276 0.477521 0.786202 5.390858 0.917610 7.885057 -0.508868 0.033013
Pedestrian -1 -1 -10 1066.000000 136.000000 1109.000000 221.000000 1.655807 0.467939 0.801712 5.842511 0.806636 8.427777 3.197805 0.025274
Pedestrian -1 -1 -10 1099.000000 132.000000 1156.000000 270.000000 1.737106 0.535100 0.810456 4.084929 1.119959 5.480411 2.741335 0.020098
Pedestrian -1 -1 -10 1078.000000 131.000000 1201.000000 249.000000 1.767165 0.772625 0.583906 5.193348 0.941214 7.098565 3.628620 0.014530
Cyclist -1 -1 -10 1050.000000 132.000000 1148.000000 333.000000 1.740297 0.685360 1.770001 4.160811 1.259565 6.101006 1.696931 0.046746
Cyclist -1 -1 -10 1054.000000 137.000000 1111.000000 288.000000 1.693178 0.489061 1.507078 4.742423 0.971129 7.031034 2.731365 0.022576
Cyclist -1 -1 -10 692.000000 161.000000 710.000000 207.000000 1.924950 0.705892 1.847469 4.070203 1.179854 29.724850 2.147132 0.020029
Cyclist -1 -1 -10 1080.000000 125.000000 1220.000000 368.000000 1.827650 0.605402 1.769460 3.937363 1.358992 5.210101 2.685965 0.018515
