Pedestrian -1 -1 -10 862.000000 165.000000 923.000000 289.000000 1.741919 0.703129 1.013515 3.873163 1.579296 9.725313 1.942770 0.982063
Pedestrian -1 -1 -10 455.000000 177.000000 479.000000 251.000000 1.712764 0.608972 0.707529 -3.197768 1.528458 16.765836 1.756093 0.867461
Pedestrian -1 -1 -10 512.000000 180.000000 528.000000 231.000000 1.705038 0.649181 0.763439 -2.720264 1.636346 22.994054 1.832590 0.566860
Pedestrian -1 -1 -10 219.000000 180.000000 258.000000 302.000000 1.658224 0.545925 0.583263 -4.961951 1.555116 9.798006 2.131413 0.382219
Pedestrian -1 -1 -10 573.000000 180.000000 588.000000 219.000000 1.727274 0.666650 0.957165 -0.977881 1.688180 31.471663 -2.680074 0.274007
Pedestrian -1 -1 -10 408.000000 166.000000 423.000000 227.000000 1.658416 0.499253 0.464201 -4.740452 2.107647 17.631242 0.224646 0.079100
Pedestrian -1 -1 -10 442.000000 174.000000 466.000000 232.000000 1.711252 0.610621 0.616294 -4.707177 1.516336 21.626554 -2.248562 0.075210
Pedestrian -1 -1 -10 150.000000 192.000000 194.000000 280.000000 1.738069 0.702792 0.678625 -6.508337 2.323504 10.915812 -1.564749 0.074623
Pedestrian -1 -1 -10 612.000000 176.000000 626.000000 219.000000 1.732244 0.584271 0.985400 0.704620 1.562690 31.350441 -1.068385 0.045478
Pedestrian -1 -1 -10 440.000000 172.000000 454.000000 222.000000 1.703314 0.610048 0.679072 -4.705141 1.411557 21.611270 -2.318201 0.040396
Pedestrian -1 -1 -10 650.000000 178.000000 660.000000 208.000000 1.779453 0.611089 0.691784 3.039396 1.538237 41.627244 1.706447 0.018044
Pedestrian -1 -1 -10 398.000000 167.000000 412.000000 220.000000 1.740865 0.653937 0.586288 -4.825932 2.087594 17.627161 -1.311449 0.017606
Pedestrian -1 -1 -10 660.000000 178.000000 670.000000 208.000000 1.856681 0.647577 0.733738 3.730373 1.530856 41.755530 -1.504181 0.016486
Cyclist -1 -1 -10 864.000000 166.000000 925.000000 287.000000 1.735405 0.601539 1.711858 3.824047 1.546014 9.714348 -0.708221 0.013874
Cyclist -1 -1 -10 214.000000 184.000000 279.000000 294.000000 1.806910 0.694644 1.662728 -5.357954 1.502844 10.695792 -2.671264 0.012936
