Pedestrian -1 -1 -10 1097.000000 242.000000 1237.000000 360.000000 1.712699 0.643315 0.602697 3.057772 1.882608 3.900586 1.658231 0.351234
Pedestrian -1 -1 -10 968.000000 258.000000 1154.000000 372.000000 1.776581 0.695818 0.699693 2.464202 2.122569 3.989595 -0.624915 0.224523
Pedestrian -1 -1 -10 417.000000 172.000000 467.000000 269.000000 1.712138 0.568504 0.859778 -3.611800 1.506719 16.603297 2.459603 0.076298
Pedestrian -1 -1 -10 1189.000000 249.000000 1236.000000 365.000000 1.635555 0.591176 0.613956 3.823873 1.317018 4.463253 -1.485644 0.016244
Car -1 -1 -10 3.000000 192.000000 286.000000 369.000000 1.556531 1.607667 3.867028 -3.364558 1.152775 4.016794 -2.076858 0.111407
Cyclist -1 -1 -10 1.000000 202.000000 285.000000 373.000000 1.713662 0.722986 1.866382 -2.291907 1.557213 2.794532 -1.433208 0.777703
Cyclist -1 -1 -10 402.000000 171.000000 473.000000 281.000000 1.787233 0.639353 1.771828 -2.864802 1.534305 10.630266 0.800721 0.394149
Cyclist -1 -1 -10 962.000000 257.000000 1162.000000 371.000000 1.691547 0.702768 1.722367 2.549402 1.881335 3.776528 1.545535 0.144629
Cyclist -1 -1 -10 340.000000 170.000000 481.000000 293.000000 1.813177 0.644178 1.823144 -3.115650 1.459703 10.540280 1.410816 0.118823
Cyclist -1 -1 -10 -2.000000 135.000000 158.000000 374.000000 1.674608 0.744624 1.738242 -2.421468 1.411294 2.706740 1.586467 0.027867
Cyclist -1 -1 -10 1071.000000 252.000000 1244.000000 371.000000 1.688778 0.570308 1.710659 2.921176 1.675225 3.717618 2.247821 0.013457
Cyclist -1 -1 -10 419.000000 175.000000 463.000000 252.000000 1.741846 0.512865 1.737491 -3.792873 1.589800 16.891240 -2.125293 0.012878
