Pedestrian -1 -1 -10 715.000000 165.000000 735.000000 222.000000 1.826097 0.668835 1.027363 3.881815 1.520925 24.634978 -1.526952 0.864459
Pedestrian -1 -1 -10 323.000000 192.000000 340.000000 240.000000 1.677730 0.570015 0.632958 -8.368802 1.777450 20.748049 0.190640 0.125834
Pedestrian -1 -1 -10 476.000000 181.000000 499.000000 243.000000 1.724329 0.730663 0.723802 -3.586332 2.075779 21.063689 1.513830 0.068081
Pedestrian -1 -1 -10 158.000000 186.000000 290.000000 373.000000 1.734136 0.749836 0.714533 -3.649385 1.909300 6.953186 2.157644 0.056900
Pedestrian -1 -1 -10 485.000000 184.000000 497.000000 229.000000 1.688152 0.611910 0.655646 -3.562527 1.875961 21.017332 -2.277189 0.029685
Pedestrian -1 -1 -10 310.000000 189.000000 343.000000 246.000000 1.769574 0.544109 0.805261 -8.320765 1.885275 20.163940 0.243960 0.027523
Car -1 -1 -10 308.000000 197.000000 437.000000 271.000000 1.483915 1.616438 4.033495 -5.414818 2.100398 17.285564 1.574177 0.996643
Car -1 -1 -10 640.000000 183.000000 675.000000 210.000000 1.519415 1.638854 3.890745 2.679158 1.913525 37.771503 0.055510 0.988475
Car -1 -1 -10 488.000000 188.000000 525.000000 221.000000 1.499187 1.608687 3.769385 -5.298207 2.320042 35.671422 1.607245 0.031973
Car -1 -1 -10 302.000000 195.000000 359.000000 260.000000 1.507101 1.577537 3.842596 -8.580026 2.282434 19.498367 -1.240141 0.015844
Car -1 -1 -10 390.000000 198.000000 434.000000 240.000000 1.484372 1.485149 3.374815 -5.997439 1.573311 21.421474 1.820144 0.012509
Car -1 -1 -10 249.000000 191.000000 379.000000 346.000000 1.595737 1.596174 3.749706 -4.107344 1.745743 8.217390 2.740441 0.010863
Cyclist -1 -1 -10 134.000000 193.000000 298.000000 377.000000 1.710108 0.631019 1.771797 -3.479066 1.902042 6.820822 1.482588 0.999389
Cyclist -1 -1 -10 475.000000 180.000000 501.000000 247.000000 1.761631 0.643112 1.811836 -3.634314 2.100184 20.993646 1.518711 0.999265
Cyclist -1 -1 -10 240.000000 187.000000 379.000000 369.000000 1.752226 0.652329 1.807617 -2.973196 1.849130 7.215927 1.712747 0.998839
Cyclist -1 -1 -10 716.000000 166.000000 735.000000 222.000000 1.874775 0.526054 1.805155 3.866192 1.631823 24.700779 -1.818195 0.342935
Cyclist -1 -1 -10 309.000000 197.000000 441.000000 274.000000 1.623158 0.562685 1.756074 -5.157543 2.139421 16.517515 1.630286 0.247483
Cyclist -1 -1 -10 274.000000 197.000000 401.000000 305.000000 1.630867 0.530389 1.635289 -2.960943 1.671016 7.369037 1.626583 0.125379
Cyclist -1 -1 -10 322.000000 191.000000 341.000000 253.000000 1.710243 0.591758 1.715927 -8.552522 1.636069 20.727282 -1.474570 0.034027
Cyclist -1 -1 -10 302.000000 195.000000 359.000000 260.000000 1.701632 0.527040 1.558286 -6.265202 1.325074 15.457031 -1.980867 0.015598
