Pedestrian -1 -1 -10 812.000000 173.000000 820.000000 215.000000 1.708600 0.587910 0.627809 4.444269 1.526912 15.856944 -1.950057 0.022988
Car -1 -1 -10 461.000000 185.000000 529.000000 230.000000 1.483936 1.606675 3.728954 -4.059408 1.992505 25.856025 1.612786 0.999275
Car -1 -1 -10 746.000000 181.000000 882.000000 263.000000 1.515949 1.592662 3.660451 4.128209 1.767762 15.843607 -1.600228 0.996468
Car -1 -1 -10 802.000000 192.000000 1057.000000 326.000000 1.474442 1.609183 3.864928 3.946093 1.767644 10.109243 -1.548600 0.994114
Car -1 -1 -10 721.000000 183.000000 798.000000 240.000000 1.457661 1.602917 3.857567 4.239934 1.796103 21.067602 -1.513368 0.991102
Car -1 -1 -10 704.000000 181.000000 759.000000 225.000000 1.507983 1.608672 3.779502 4.453599 1.881893 26.399591 -1.509536 0.988753
Car -1 -1 -10 500.000000 184.000000 550.000000 220.000000 1.542615 1.526832 3.637419 -3.984794 1.937358 29.462860 1.651475 0.966812
Car -1 -1 -10 688.000000 180.000000 735.000000 216.000000 1.558653 1.643973 4.102646 4.512754 1.921690 31.639544 -1.572833 0.951665
Car -1 -1 -10 954.000000 172.000000 1241.000000 373.000000 1.514043 1.644363 4.024999 3.862846 1.575846 4.053463 1.527015 0.660520
Car -1 -1 -10 523.000000 185.000000 564.000000 213.000000 1.452021 1.616150 3.932821 -3.707843 2.162807 36.687630 1.608001 0.352564
