Pedestrian -1 -1 -10 721.000000 162.000000 732.000000 202.000000 1.751996 0.609198 0.687850 5.861887 1.058751 36.588811 3.238615 0.074324
Car -1 -1 -10 258.000000 187.000000 419.000000 268.000000 1.479383 1.633328 3.978255 -5.648708 1.878958 15.595859 1.669148 0.999621
Car -1 -1 -10 761.000000 179.000000 978.000000 308.000000 1.437767 1.547123 3.731718 3.358047 1.582976 10.093228 1.512647 0.999476
Car -1 -1 -10 707.000000 177.000000 824.000000 254.000000 1.452432 1.640115 3.911613 3.283429 1.617713 15.928151 -1.612051 0.996460
Car -1 -1 -10 673.000000 175.000000 740.000000 222.000000 1.471722 1.573698 3.718982 3.053374 1.579086 24.496947 -1.597734 0.983817
Car -1 -1 -10 0.000000 208.000000 188.000000 373.000000 1.450889 1.592209 3.713922 -5.690803 1.884936 6.505508 1.568913 0.954718
Car -1 -1 -10 446.000000 177.000000 501.000000 216.000000 1.536750 1.534106 3.607664 -5.701903 1.810225 30.451685 1.568741 0.938959
Car -1 -1 -10 661.000000 174.000000 716.000000 213.000000 1.537104 1.537335 3.418463 3.211045 1.626694 29.730919 -1.656328 0.698627
Car -1 -1 -10 -3.000000 188.000000 112.000000 300.000000 1.490919 1.604895 3.859437 -14.918571 1.663034 20.036044 0.453631 0.480098
Car -1 -1 -10 469.000000 178.000000 514.000000 212.000000 1.453191 1.585029 3.686919 -5.682122 1.824264 35.389632 1.482954 0.446973
