Car -1 -1 -10 573.000000 175.000000 611.000000 209.000000 1.545641 1.631383 3.882467 -0.796198 1.100245 36.024007 -1.569909 0.999182
Car -1 -1 -10 296.000000 183.000000 436.000000 270.000000 1.464300 1.625706 4.077148 -4.743966 1.475542 14.713909 -1.556856 0.999130
Car -1 -1 -10 430.000000 183.000000 496.000000 228.000000 1.409644 1.604682 3.799157 -4.690080 1.321372 23.931394 -1.585327 0.998583
Car -1 -1 -10 154.000000 175.000000 278.000000 227.000000 1.531064 1.635969 3.838887 -12.239701 1.325579 22.827671 -1.600464 0.991731
Car -1 -1 -10 264.000000 184.000000 367.000000 237.000000 1.471573 1.660315 3.816578 -8.520708 1.464354 21.665487 -1.498075 0.986865
Car -1 -1 -10 -2.000000 178.000000 231.000000 286.000000 1.503213 1.603317 3.771500 -8.434642 1.435087 13.011539 -1.586797 0.921402
Car -1 -1 -10 -2.000000 196.000000 238.000000 374.000000 1.497989 1.598383 3.811492 -4.292279 1.665181 4.593880 1.589164 0.820666
Car -1 -1 -10 363.000000 178.000000 428.000000 212.000000 1.529331 1.623185 3.736824 -9.224335 1.302245 31.617060 -1.632187 0.523286
Car -1 -1 -10 455.000000 179.000000 504.000000 216.000000 1.499492 1.606827 3.704944 -5.644914 1.083256 31.891444 -1.656581 0.120542
Car -1 -1 -10 77.000000 180.000000 253.000000 241.000000 1.586636 1.672485 3.891236 -11.444999 1.895661 21.016310 0.534485 0.038457
Car -1 -1 -10 2.000000 193.000000 116.000000 355.000000 1.486175 1.548707 3.693332 -4.255961 1.622550 4.094480 1.484954 0.018057
