Car -1 -1 -10 739.000000 182.000000 901.000000 242.000000 1.476997 1.644633 3.931179 5.639816 1.776281 19.453017 -0.038714 0.998985
Car -1 -1 -10 636.000000 181.000000 675.000000 213.000000 1.399430 1.616590 4.064446 2.081142 1.880949 34.143025 -1.594469 0.998812
Car -1 -1 -10 -3.000000 186.000000 350.000000 326.000000 1.485084 1.561914 3.906210 -5.788092 1.776660 9.219981 0.015164 0.996928
Car -1 -1 -10 924.000000 181.000000 1200.000000 312.000000 1.509275 1.618431 3.866022 6.437350 1.692560 9.833663 -0.036563 0.989554
Car -1 -1 -10 1019.000000 193.000000 1238.000000 357.000000 1.488328 1.597839 3.828985 6.537736 1.695588 7.802077 -0.045588 0.988978
Car -1 -1 -10 174.000000 177.000000 406.000000 258.000000 1.526768 1.629346 3.867127 -5.818711 1.598814 14.850238 -3.035270 0.961323
Car -1 -1 -10 357.000000 179.000000 494.000000 223.000000 1.632947 1.650314 4.117431 -6.763301 1.970735 27.409901 -0.068595 0.954923
Car -1 -1 -10 270.000000 183.000000 434.000000 243.000000 1.491127 1.604141 3.876524 -6.123235 1.778869 19.052429 -3.006972 0.818238
Car -1 -1 -10 412.000000 179.000000 507.000000 215.000000 1.637382 1.567699 3.616057 -5.437338 1.868688 31.526456 -1.692675 0.172170
Car -1 -1 -10 0.000000 188.000000 161.000000 369.000000 1.486802 1.629719 3.874715 -5.186018 1.799365 5.834855 1.401035 0.133186
Car -1 -1 -10 457.000000 179.000000 530.000000 207.000000 1.583844 1.608238 4.122311 -6.177968 1.922023 39.052413 -3.083844 0.115925
