Pedestrian -1 -1 -10 1172.000000 206.000000 1238.000000 376.000000 1.735878 0.571589 0.638340 6.815671 1.410370 8.481055 -1.550272 0.049584
Car -1 -1 -10 631.000000 179.000000 679.000000 218.000000 1.427382 1.599965 3.925024 1.837692 1.821566 31.025173 -1.642261 0.998713
Car -1 -1 -10 44.000000 162.000000 320.000000 290.000000 1.649361 1.696932 3.910678 -7.011707 1.741177 11.486454 -3.259355 0.992611
Car -1 -1 -10 335.000000 179.000000 474.000000 225.000000 1.499190 1.593987 4.073993 -6.911962 1.747969 25.198244 -0.128812 0.986690
Car -1 -1 -10 760.000000 172.000000 946.000000 259.000000 1.526160 1.623216 4.114831 5.565322 1.831487 15.604675 -0.035729 0.982104
Car -1 -1 -10 963.000000 188.000000 1250.000000 355.000000 1.548386 1.589049 3.741860 5.885418 1.713551 7.582238 0.061846 0.980082
Car -1 -1 -10 803.000000 184.000000 1072.000000 280.000000 1.560436 1.609931 4.035581 5.949756 1.764233 12.774527 3.071833 0.972067
Car -1 -1 -10 909.000000 187.000000 1173.000000 303.000000 1.495779 1.603447 3.734207 6.208328 1.704671 10.251943 -0.020206 0.920889
Car -1 -1 -10 -1.000000 185.000000 159.000000 368.000000 1.505960 1.648276 4.042670 -6.730717 1.626410 7.010806 -3.100125 0.678459
Car -1 -1 -10 616.000000 176.000000 650.000000 202.000000 1.525938 1.606674 3.856328 1.070547 1.816693 46.092613 -1.580221 0.189313
Car -1 -1 -10 1171.000000 209.000000 1239.000000 376.000000 1.491164 1.609704 3.982287 6.185643 1.674970 4.611590 0.011354 0.158963
Car -1 -1 -10 396.000000 180.000000 492.000000 218.000000 1.475597 1.579577 3.855098 -6.963934 1.802614 28.563723 -3.175858 0.071706
Cyclist -1 -1 -10 489.000000 173.000000 521.000000 231.000000 1.710837 0.580685 1.720239 -3.328236 1.841622 22.661809 1.588711 0.998618
Cyclist -1 -1 -10 494.000000 177.000000 521.000000 203.000000 1.714014 0.609568 1.696155 -5.578529 1.592568 38.167242 -1.650440 0.070021
