Car -1 -1 -10 338.000000 192.000000 500.000000 294.000000 1.470328 1.603961 3.792779 -3.062949 1.764544 12.295558 -1.523793 0.999737
Car -1 -1 -10 633.000000 183.000000 682.000000 222.000000 1.432840 1.621136 3.925421 1.809319 1.914468 29.418471 1.518644 0.999696
Car -1 -1 -10 538.000000 174.000000 572.000000 203.000000 1.682447 1.644653 3.786975 -3.725832 1.874342 47.677284 1.486439 0.999640
Car -1 -1 -10 0.000000 173.000000 351.000000 376.000000 1.655271 1.662752 4.081916 -3.190989 1.657607 4.767476 -1.627464 0.989830
Car -1 -1 -10 630.000000 175.000000 654.000000 204.000000 1.760827 1.683035 4.013408 2.188147 1.855099 47.456021 -1.522363 0.824520
Car -1 -1 -10 464.000000 177.000000 529.000000 203.000000 1.536204 1.621087 3.852400 -5.431082 1.918436 44.443859 -1.697905 0.235530
Car -1 -1 -10 6.000000 170.000000 185.000000 258.000000 1.548738 1.587265 3.741757 -10.015454 1.491619 13.149996 -1.561696 0.021225
Cyclist -1 -1 -10 0.000000 170.000000 187.000000 262.000000 1.695164 0.507886 1.750528 -9.506541 1.496205 13.209391 -1.605596 0.019484
Cyclist -1 -1 -10 144.000000 183.000000 248.000000 238.000000 1.651840 0.451668 1.476693 -9.104098 1.441738 15.616524 -2.106541 0.012978
Cyclist -1 -1 -10 -4.000000 174.000000 369.000000 369.000000 1.869042 0.775725 1.968958 -2.665824 1.712005 4.403052 1.536109 0.010924
