Pedestrian -1 -1 -10 639.000000 167.000000 682.000000 289.000000 1.677998 0.643795 0.742741 0.797336 1.498584 10.484248 1.583860 0.997161
Pedestrian -1 -1 -10 693.000000 167.000000 744.000000 285.000000 1.702436 0.690765 1.005854 1.727264 1.436385 10.778037 -1.567401 0.990794
Pedestrian -1 -1 -10 319.000000 165.000000 373.000000 290.000000 1.730717 0.632100 0.991560 -3.639387 1.497662 10.192383 -1.486900 0.947785
Pedestrian -1 -1 -10 164.000000 171.000000 203.000000 255.000000 1.743387 0.652006 0.780113 -8.140740 1.487677 13.995335 2.177976 0.461115
Pedestrian -1 -1 -10 729.000000 160.000000 751.000000 226.000000 1.741757 0.635910 0.788252 4.213412 1.163703 21.198440 -0.909908 0.095874
Pedestrian -1 -1 -10 723.000000 158.000000 742.000000 230.000000 1.726678 0.677625 0.714091 4.245661 1.145082 22.887263 0.163566 0.037562
Car -1 -1 -10 520.000000 167.000000 555.000000 202.000000 1.527850 1.610880 3.791084 -4.215643 0.842191 45.530008 1.475808 0.015672
Cyclist -1 -1 -10 452.000000 164.000000 505.000000 272.000000 1.764263 0.687841 1.814769 -2.230234 1.528206 12.911930 1.638369 0.999350
Cyclist -1 -1 -10 532.000000 166.000000 568.000000 235.000000 1.776835 0.583866 1.817041 -1.413308 1.403902 18.820662 1.730224 0.999142
Cyclist -1 -1 -10 506.000000 169.000000 534.000000 229.000000 1.736150 0.589069 1.756483 -2.588756 1.337076 22.025360 1.514058 0.995077
Cyclist -1 -1 -10 690.000000 163.000000 744.000000 284.000000 1.806015 0.624121 1.652252 1.631625 1.512297 10.733821 1.723003 0.772144
Cyclist -1 -1 -10 698.000000 167.000000 782.000000 260.000000 1.691474 0.548101 1.656751 2.547477 1.635476 12.862590 -0.446078 0.146371
Cyclist -1 -1 -10 508.000000 167.000000 556.000000 215.000000 1.657296 0.559317 1.684178 -2.410180 1.511072 22.201001 1.968001 0.097548
Cyclist -1 -1 -10 718.000000 164.000000 762.000000 246.000000 1.770847 0.553877 1.498834 3.877246 1.520401 18.362911 -1.361259 0.091708
Cyclist -1 -1 -10 526.000000 169.000000 562.000000 203.000000 1.692218 0.586494 1.724360 -4.200796 1.074211 44.388312 -2.204356 0.023039
Cyclist -1 -1 -10 728.000000 161.000000 752.000000 224.000000 1.750621 0.465943 1.558722 4.457976 1.192301 22.351861 2.207224 0.017697
Cyclist -1 -1 -10 685.000000 172.000000 707.000000 224.000000 1.692295 0.650691 1.683556 2.815812 1.039856 22.685530 3.233894 0.010011
