Pedestrian -1 -1 -10 674.000000 167.000000 760.000000 234.000000 1.696977 0.755984 0.997012 2.459351 1.517085 17.325743 0.013668 0.015953
Car -1 -1 -10 447.000000 167.000000 518.000000 215.000000 1.503425 1.626707 3.826757 -4.209129 1.297431 24.239765 1.530152 0.996989
Car -1 -1 -10 723.000000 174.000000 891.000000 285.000000 1.556190 1.575587 3.545741 3.052069 1.612564 12.211117 -1.628161 0.996760
Car -1 -1 -10 790.000000 184.000000 1182.000000 374.000000 1.447602 1.602828 3.984985 3.030551 1.611949 6.982237 -1.579953 0.996231
Car -1 -1 -10 151.000000 170.000000 414.000000 362.000000 1.602870 1.618130 3.981266 -3.475008 1.631147 8.215548 1.512187 0.995604
Car -1 -1 -10 646.000000 166.000000 719.000000 219.000000 1.540893 1.626144 3.911085 2.180873 1.390937 23.657502 -1.623095 0.995033
Car -1 -1 -10 675.000000 167.000000 757.000000 233.000000 1.558313 1.583502 3.601234 2.682459 1.532819 18.941310 -1.625796 0.993329
Car -1 -1 -10 630.000000 166.000000 683.000000 204.000000 1.514357 1.633457 4.027297 1.951983 1.329093 29.303935 -1.651597 0.955689
Car -1 -1 -10 481.000000 166.000000 524.000000 204.000000 1.519857 1.619164 3.625375 -4.350970 1.413590 30.463460 1.525526 0.580578
Car -1 -1 -10 6.000000 139.000000 264.000000 372.000000 1.636149 1.615392 3.895670 -3.036398 1.363097 3.241727 1.517840 0.487088
Car -1 -1 -10 627.000000 165.000000 661.000000 196.000000 1.541655 1.576223 3.894150 1.154619 1.559122 39.113454 1.530508 0.124727
Car -1 -1 -10 503.000000 167.000000 534.000000 193.000000 1.560643 1.604925 3.804229 -5.043697 1.182196 40.170558 1.566005 0.105705
