Car -1 -1 -10 610.000000 176.000000 687.000000 248.000000 1.564902 1.683502 3.731358 1.037743 1.391307 18.139193 -1.503742 0.999324
Car -1 -1 -10 -2.000000 187.000000 340.000000 376.000000 1.489902 1.648071 4.159980 -4.360893 1.611496 7.549331 -1.615626 0.990705
Car -1 -1 -10 669.000000 182.000000 704.000000 207.000000 1.476452 1.566323 3.657219 4.592434 1.185914 42.640330 -1.366912 0.964787
Car -1 -1 -10 486.000000 174.000000 531.000000 206.000000 1.539753 1.633600 3.763190 -5.129546 1.128995 39.636204 -1.587987 0.301353
Car -1 -1 -10 192.000000 191.000000 306.000000 239.000000 1.543035 1.624577 3.905902 -11.321601 1.403322 22.763422 1.662187 0.179634
Car -1 -1 -10 0.000000 193.000000 148.000000 346.000000 1.469382 1.617100 3.945596 -4.170122 1.554735 7.339310 -1.559822 0.075325
Car -1 -1 -10 0.000000 192.000000 131.000000 261.000000 1.448241 1.576297 3.764897 -12.201677 1.652042 16.613966 -1.565751 0.067200
Car -1 -1 -10 137.000000 185.000000 332.000000 273.000000 1.447184 1.593805 3.756890 -8.215461 1.622475 15.897417 1.626917 0.039825
Car -1 -1 -10 441.000000 175.000000 528.000000 212.000000 1.464007 1.608046 3.962430 -4.021286 0.957417 23.156727 -1.573320 0.017768
Car -1 -1 -10 266.000000 191.000000 330.000000 226.000000 1.523967 1.508297 3.230673 -14.023858 1.215118 30.810336 1.138253 0.011442
Car -1 -1 -10 649.000000 180.000000 694.000000 208.000000 1.503600 1.628815 3.735436 4.241583 1.228132 42.729833 -1.437647 0.010903
