Car -1 -1 -10 393.000000 192.000000 467.000000 238.000000 1.482394 1.585298 3.688885 -6.283191 2.196769 25.540049 1.614993 0.998084
Car -1 -1 -10 656.000000 177.000000 710.000000 217.000000 1.528883 1.614757 3.810972 2.834021 1.686306 29.119766 -1.612372 0.994986
Car -1 -1 -10 437.000000 190.000000 495.000000 226.000000 1.427835 1.555801 3.762123 -6.178931 2.235081 31.014143 1.594675 0.989715
Car -1 -1 -10 89.000000 203.000000 187.000000 241.000000 1.557399 1.617634 3.666558 -20.840969 2.932110 32.195625 -1.540719 0.937089
Car -1 -1 -10 1018.000000 136.000000 1116.000000 180.000000 2.088077 1.723256 4.237281 24.701192 0.353312 39.435626 -1.677112 0.892018
Car -1 -1 -10 49.000000 208.000000 129.000000 242.000000 1.519869 1.626684 3.813512 -23.587118 3.141227 32.932506 -1.575876 0.763305
Car -1 -1 -10 -1.000000 209.000000 80.000000 247.000000 1.494580 1.639625 3.908448 -26.029607 3.295798 33.258552 -1.556468 0.753832
Car -1 -1 -10 160.000000 204.000000 250.000000 240.000000 1.554938 1.638975 3.855889 -18.374002 2.858367 32.231493 -1.494155 0.484441
Car -1 -1 -10 473.000000 182.000000 514.000000 214.000000 1.575680 1.606902 3.744885 -6.300759 2.171921 39.113490 1.529817 0.167210
Car -1 -1 -10 489.000000 184.000000 529.000000 209.000000 1.512767 1.581800 3.689089 -5.605680 2.267961 45.680015 1.897018 0.027845
