Car -1 -1 -10 631.000000 179.000000 678.000000 217.000000 1.479935 1.641363 4.046855 1.869300 1.836143 32.068414 -1.650879 0.998480
Car -1 -1 -10 94.000000 162.000000 350.000000 278.000000 1.630079 1.691490 3.999104 -7.087528 1.697879 12.466467 -3.200484 0.993664
Car -1 -1 -10 923.000000 188.000000 1254.000000 340.000000 1.527375 1.612994 3.747166 5.958073 1.741715 8.550190 0.057556 0.983937
Car -1 -1 -10 789.000000 185.000000 1051.000000 276.000000 1.560054 1.604637 3.974423 6.034545 1.734800 13.679860 3.055691 0.982696
Car -1 -1 -10 750.000000 173.000000 928.000000 255.000000 1.507735 1.614172 4.017387 5.538392 1.793262 16.621481 -0.066949 0.980856
Car -1 -1 -10 0.000000 182.000000 210.000000 361.000000 1.474530 1.570960 3.721075 -6.355289 1.570595 7.656367 -3.083061 0.974042
Car -1 -1 -10 363.000000 179.000000 483.000000 221.000000 1.525853 1.584752 3.848957 -6.713619 1.824597 26.210456 -0.087314 0.973590
Car -1 -1 -10 884.000000 185.000000 1118.000000 294.000000 1.495016 1.596938 3.780744 6.166477 1.782255 11.200688 -0.069035 0.682358
Car -1 -1 -10 1080.000000 194.000000 1242.000000 360.000000 1.505268 1.632208 3.933405 6.226016 1.683133 5.618233 0.007816 0.590546
Car -1 -1 -10 616.000000 176.000000 651.000000 202.000000 1.526871 1.549196 3.328984 1.140310 1.861267 49.536733 1.542285 0.107988
Car -1 -1 -10 1.000000 192.000000 89.000000 372.000000 1.520896 1.634189 4.149966 -6.276580 1.717692 5.026206 -3.237006 0.028105
Cyclist -1 -1 -10 497.000000 174.000000 525.000000 230.000000 1.709066 0.581826 1.729654 -3.298098 1.865965 24.008460 1.568917 0.979358
Cyclist -1 -1 -10 480.000000 176.000000 526.000000 209.000000 1.681661 0.561201 1.633061 -5.544688 1.436604 39.164941 -0.046899 0.024431
