Pedestrian -1 -1 -10 737.000000 155.000000 779.000000 256.000000 1.728724 0.628359 0.782776 2.661211 1.315122 12.474848 1.217963 0.997058
Pedestrian -1 -1 -10 57.000000 186.000000 115.000000 326.000000 1.726997 0.583249 0.608907 -6.217513 1.587198 8.728199 -2.151711 0.893203
Pedestrian -1 -1 -10 552.000000 169.000000 569.000000 222.000000 1.795408 0.664722 0.801489 -1.528906 1.390401 25.793313 1.533539 0.136476
Pedestrian -1 -1 -10 535.000000 170.000000 552.000000 222.000000 1.707231 0.648279 0.823568 -2.119604 1.414183 25.695020 -1.859084 0.129633
Pedestrian -1 -1 -10 1080.000000 40.000000 1146.000000 231.000000 1.816854 0.550497 0.749835 5.183806 1.029533 7.417884 0.758978 0.101033
Pedestrian -1 -1 -10 729.000000 165.000000 763.000000 240.000000 1.779247 0.630729 0.622595 3.004157 0.886646 14.874579 -1.309465 0.071078
Pedestrian -1 -1 -10 495.000000 172.000000 503.000000 203.000000 1.794317 0.614101 0.805980 -5.922235 1.258663 41.725997 -1.772141 0.027799
Car -1 -1 -10 2.000000 194.000000 345.000000 372.000000 1.511897 1.655303 3.997055 -3.975149 1.695570 7.015932 1.550225 0.998747
Car -1 -1 -10 34.000000 192.000000 129.000000 326.000000 1.511320 1.605659 3.719779 -5.545682 1.357831 9.329004 0.478979 0.023123
Cyclist -1 -1 -10 1.000000 209.000000 48.000000 305.000000 1.757345 0.519460 1.487783 -8.276654 1.916647 10.204089 -2.245145 0.012578
