Pedestrian -1 -1 -10 603.000000 159.000000 680.000000 297.000000 1.797841 0.661598 1.070045 0.464961 1.484372 8.906252 0.090940 0.999280
Pedestrian -1 -1 -10 642.000000 164.000000 661.000000 215.000000 1.716548 0.630786 0.602768 1.198317 1.168333 17.458896 -1.433930 0.025059
Pedestrian -1 -1 -10 631.000000 165.000000 666.000000 224.000000 1.765244 0.787330 0.940318 0.925841 1.176405 17.468132 -0.045088 0.021435
Pedestrian -1 -1 -10 646.000000 175.000000 657.000000 212.000000 1.787165 0.533737 0.616124 0.727954 1.380931 13.665527 0.636534 0.013883
Pedestrian -1 -1 -10 620.000000 166.000000 677.000000 250.000000 1.730502 0.681318 0.698398 0.857116 1.418856 13.520459 0.139495 0.013819
Pedestrian -1 -1 -10 653.000000 168.000000 663.000000 211.000000 1.724228 0.565572 0.504293 1.240867 1.250247 17.562137 -2.001989 0.010415
Cyclist -1 -1 -10 652.000000 170.000000 664.000000 211.000000 1.723754 0.523342 1.502064 1.150428 1.366819 18.933339 -1.531550 0.028264
Cyclist -1 -1 -10 606.000000 157.000000 679.000000 297.000000 1.760497 0.554653 1.809390 0.415186 1.506828 8.917127 -0.477930 0.026177
Cyclist -1 -1 -10 643.000000 174.000000 674.000000 211.000000 1.689709 0.515832 1.555247 3.628843 0.657869 40.158737 -1.549891 0.023660
Cyclist -1 -1 -10 648.000000 170.000000 659.000000 210.000000 1.706873 0.523436 1.561741 0.901989 1.384157 16.754376 -1.543719 0.013347
