Pedestrian -1 -1 -10 767.000000 162.000000 812.000000 286.000000 1.676002 0.598815 0.746351 2.485852 1.498441 9.758595 -1.961107 0.990972
Pedestrian -1 -1 -10 649.000000 160.000000 670.000000 223.000000 1.755030 0.637037 0.716941 1.475544 1.230406 19.030788 1.158640 0.278163
Pedestrian -1 -1 -10 756.000000 183.000000 792.000000 281.000000 1.701495 0.586947 0.630828 2.394782 1.633039 9.926195 -2.353946 0.112587
Pedestrian -1 -1 -10 492.000000 161.000000 502.000000 191.000000 1.784300 0.696315 0.892920 -7.037093 0.509900 47.830328 -2.075480 0.085713
Pedestrian -1 -1 -10 521.000000 161.000000 530.000000 189.000000 1.807273 0.635297 0.851955 -5.225350 0.374303 48.607600 -1.178859 0.043559
Pedestrian -1 -1 -10 761.000000 158.000000 779.000000 228.000000 1.776639 0.525556 0.736532 4.581357 1.468838 20.159986 -0.892971 0.036852
Pedestrian -1 -1 -10 442.000000 159.000000 453.000000 196.000000 1.822109 0.668987 0.816406 -8.467078 0.670867 39.190146 -1.777835 0.019681
Pedestrian -1 -1 -10 -7.000000 189.000000 188.000000 373.000000 1.733499 0.772420 0.600325 -2.689982 2.001533 3.029137 1.480223 0.019484
Pedestrian -1 -1 -10 475.000000 159.000000 484.000000 190.000000 1.827788 0.694257 0.789291 -8.372326 0.475631 49.453719 1.341774 0.012899
Pedestrian -1 -1 -10 453.000000 163.000000 479.000000 224.000000 1.701329 0.755179 0.594472 -3.868474 1.205046 20.241108 1.474296 0.011209
Car -1 -1 -10 962.000000 158.000000 1198.000000 239.000000 1.689132 1.662503 4.006230 9.759507 1.172733 15.823933 0.180496 0.974293
Car -1 -1 -10 1.000000 195.000000 181.000000 376.000000 1.511390 1.595672 3.764402 -2.985053 1.723903 1.979277 1.611943 0.681708
Car -1 -1 -10 1112.000000 165.000000 1234.000000 250.000000 1.452564 1.484411 3.317410 10.493478 0.822881 12.721891 -0.208474 0.014988
Car -1 -1 -10 1143.000000 296.000000 1232.000000 357.000000 1.555309 1.641737 3.973878 5.608785 1.507384 5.197964 -0.800183 0.014981
Cyclist -1 -1 -10 451.000000 162.000000 480.000000 227.000000 1.774668 0.583304 1.789619 -3.892438 1.307103 20.189569 1.465002 0.999381
Cyclist -1 -1 -10 401.000000 163.000000 437.000000 240.000000 1.710554 0.588794 1.794612 -4.502284 1.323895 17.478012 1.467620 0.999264
