Car -1 -1 -10 780.000000 181.000000 1105.000000 358.000000 1.452634 1.641573 3.792111 3.288462 1.671561 7.936532 -1.599115 0.999474
Car -1 -1 -10 193.000000 194.000000 391.000000 290.000000 1.470732 1.658187 4.071899 -5.745868 1.986119 13.847292 1.603017 0.999089
Car -1 -1 -10 724.000000 178.000000 871.000000 274.000000 1.518211 1.640974 3.927945 3.263612 1.631153 13.522006 -1.553840 0.998767
Car -1 -1 -10 685.000000 181.000000 745.000000 229.000000 1.444608 1.542463 3.778560 3.397042 1.735041 23.344898 1.514331 0.997903
Car -1 -1 -10 443.000000 186.000000 503.000000 226.000000 1.602800 1.594975 3.961978 -5.615663 2.111952 28.716120 1.676114 0.995182
Car -1 -1 -10 352.000000 190.000000 447.000000 252.000000 1.502833 1.539483 3.645534 -5.718580 2.007928 19.681364 1.600863 0.995032
Car -1 -1 -10 667.000000 181.000000 719.000000 219.000000 1.534238 1.647929 4.002736 3.316629 1.826155 29.208718 1.496511 0.953618
Car -1 -1 -10 1030.000000 152.000000 1243.000000 271.000000 1.559876 1.634768 4.168457 8.375985 1.269889 9.632219 3.195093 0.925231
Car -1 -1 -10 -1.000000 212.000000 170.000000 373.000000 1.467564 1.642076 3.840395 -6.031532 1.934028 6.691314 1.523713 0.866143
Car -1 -1 -10 651.000000 179.000000 693.000000 209.000000 1.503433 1.588134 3.812004 3.145329 1.836893 37.746817 -1.574339 0.678256
Car -1 -1 -10 6.000000 189.000000 136.000000 239.000000 1.494739 1.623323 4.030903 -14.644379 1.958445 18.718244 1.514014 0.398380
Car -1 -1 -10 500.000000 180.000000 536.000000 206.000000 1.537571 1.624991 3.910065 -5.385266 2.080041 43.914796 1.851341 0.196128
