Pedestrian -1 -1 -10 814.000000 173.000000 822.000000 218.000000 1.674906 0.588597 0.592093 12.429417 1.331993 42.555422 0.970379 0.045713
Pedestrian -1 -1 -10 804.000000 175.000000 817.000000 224.000000 1.731781 0.614361 0.620641 4.170815 1.630102 14.973462 -0.684361 0.037331
Pedestrian -1 -1 -10 798.000000 177.000000 812.000000 226.000000 1.763462 0.665678 0.571322 4.285503 1.751391 15.589958 -1.964826 0.022000
Pedestrian -1 -1 -10 793.000000 177.000000 808.000000 225.000000 1.678690 0.536887 0.673722 3.594789 1.315628 14.074635 0.849105 0.019706
Pedestrian -1 -1 -10 787.000000 177.000000 802.000000 227.000000 1.729756 0.590376 0.737716 1.928330 1.341760 8.259948 3.218458 0.012529
Car -1 -1 -10 451.000000 185.000000 525.000000 233.000000 1.513183 1.629404 3.769301 -4.136721 2.000811 24.864899 1.618923 0.999140
Car -1 -1 -10 755.000000 182.000000 887.000000 269.000000 1.524867 1.574878 3.626893 4.027041 1.759220 14.808883 -1.599719 0.995736
Car -1 -1 -10 815.000000 193.000000 1101.000000 348.000000 1.458660 1.624869 3.856752 3.940776 1.761864 9.041864 -1.541169 0.994821
Car -1 -1 -10 726.000000 183.000000 810.000000 243.000000 1.435983 1.591625 3.792352 4.235769 1.711453 19.950803 -1.514317 0.994011
Car -1 -1 -10 707.000000 181.000000 767.000000 227.000000 1.537321 1.576929 3.694661 4.376657 1.824768 25.519591 -1.517899 0.990740
Car -1 -1 -10 494.000000 184.000000 546.000000 221.000000 1.556252 1.630544 3.904910 -3.768194 2.084007 30.788557 1.606051 0.971757
Car -1 -1 -10 690.000000 180.000000 740.000000 217.000000 1.556975 1.643908 3.991933 4.443072 1.912656 30.680671 -1.541027 0.927152
Car -1 -1 -10 1006.000000 197.000000 1238.000000 371.000000 1.488066 1.608678 3.749653 3.725911 1.623817 3.230530 -1.602581 0.638578
Car -1 -1 -10 519.000000 185.000000 560.000000 214.000000 1.449345 1.619506 4.010274 -3.655469 2.139810 35.837711 1.592885 0.262170
Car -1 -1 -10 1124.000000 175.000000 1220.000000 230.000000 1.447091 1.644186 3.834630 18.155273 1.961016 22.657338 -0.217226 0.090220
Car -1 -1 -10 686.000000 179.000000 721.000000 208.000000 1.543401 1.597706 3.813461 4.693188 2.066131 39.662321 1.745217 0.081874
Cyclist -1 -1 -10 968.000000 179.000000 1056.000000 238.000000 1.735323 0.485957 1.644800 12.581643 1.541636 22.830082 3.551003 0.036334
