Pedestrian -1 -1 -10 857.000000 143.000000 938.000000 371.000000 1.739097 0.638076 0.923346 2.279407 1.455406 5.653972 2.036517 0.998403
Pedestrian -1 -1 -10 985.000000 124.000000 1084.000000 306.000000 1.849090 0.554761 1.121845 4.515098 1.314049 7.563099 -2.451149 0.996037
Pedestrian -1 -1 -10 575.000000 162.000000 597.000000 233.000000 1.751438 0.625482 1.079493 -0.492177 1.231828 18.651453 -1.675730 0.995090
Pedestrian -1 -1 -10 507.000000 163.000000 531.000000 247.000000 1.726819 0.603161 0.803437 -1.851702 1.344196 15.523829 1.594360 0.991910
Pedestrian -1 -1 -10 479.000000 167.000000 508.000000 248.000000 1.811736 0.673315 0.930993 -2.353208 1.408141 15.432087 1.380674 0.982430
Pedestrian -1 -1 -10 621.000000 162.000000 640.000000 229.000000 1.814789 0.702690 0.861069 0.687950 1.196613 19.406535 -0.503101 0.957869
Pedestrian -1 -1 -10 4.000000 226.000000 108.000000 368.000000 1.705730 0.637387 0.631260 -5.179412 1.740385 6.430707 -2.735401 0.845509
Pedestrian -1 -1 -10 206.000000 214.000000 304.000000 366.000000 1.734699 0.600383 0.739564 -2.552742 1.896838 5.460259 0.030270 0.754008
Pedestrian -1 -1 -10 2.000000 223.000000 237.000000 372.000000 1.778640 0.716179 0.711163 -2.625581 2.105700 4.013966 -1.682617 0.690255
Pedestrian -1 -1 -10 603.000000 163.000000 622.000000 212.000000 1.741217 0.643688 0.992726 0.442709 1.013180 26.491398 -1.703951 0.678886
Pedestrian -1 -1 -10 628.000000 163.000000 652.000000 229.000000 1.758675 0.620553 0.698369 0.965309 1.248042 18.279992 -1.694742 0.623475
Pedestrian -1 -1 -10 654.000000 165.000000 676.000000 222.000000 1.781035 0.649741 0.750697 1.665202 1.231224 20.332850 -1.015192 0.525911
Pedestrian -1 -1 -10 192.000000 204.000000 259.000000 336.000000 1.667563 0.590006 0.512111 -3.751765 1.614949 7.020095 2.043249 0.515084
Pedestrian -1 -1 -10 177.000000 203.000000 207.000000 291.000000 1.695063 0.511954 0.891567 -5.885740 1.742718 10.252159 2.011078 0.356704
Pedestrian -1 -1 -10 179.000000 202.000000 231.000000 302.000000 1.723623 0.603925 0.624934 -5.871276 1.827276 10.157730 2.115485 0.230824
Cyclist -1 -1 -10 652.000000 165.000000 681.000000 221.000000 1.792143 0.562217 1.692451 1.782937 1.162159 20.838723 2.158500 0.302878
Cyclist -1 -1 -10 679.000000 160.000000 724.000000 223.000000 1.794619 0.579043 1.765967 3.079393 1.082068 22.361164 2.725314 0.298948
Cyclist -1 -1 -10 -2.000000 221.000000 219.000000 372.000000 1.737625 0.667767 1.722891 -2.599207 1.867423 4.074337 1.957022 0.204173
Cyclist -1 -1 -10 150.000000 220.000000 331.000000 373.000000 1.703175 0.435689 1.694698 -2.489428 1.733960 4.456261 -1.443763 0.154119
Cyclist -1 -1 -10 194.000000 205.000000 280.000000 346.000000 1.673022 0.514663 1.615709 -2.342620 1.675589 4.648938 1.702603 0.038305
Cyclist -1 -1 -10 0.000000 225.000000 101.000000 368.000000 1.589359 0.378527 1.403244 -4.924425 1.561689 6.612828 -2.265760 0.032275
Cyclist -1 -1 -10 222.000000 209.000000 311.000000 331.000000 1.704475 0.659310 1.563799 -3.642569 1.523901 7.380910 0.501633 0.020328
Cyclist -1 -1 -10 183.000000 204.000000 246.000000 314.000000 1.724250 0.537262 1.649096 -2.635670 1.629125 4.255319 -1.503323 0.011761
