Car -1 -1 -10 241.000000 199.000000 438.000000 316.000000 1.482888 1.553135 3.606588 -3.859032 1.877707 10.875943 1.587285 0.999078
Car -1 -1 -10 656.000000 181.000000 711.000000 224.000000 1.396425 1.602418 3.918528 2.604747 1.773459 26.113515 -1.557275 0.998703
Car -1 -1 -10 817.000000 164.000000 1024.000000 227.000000 1.529851 1.668076 4.209258 8.081084 1.412376 19.080869 3.120985 0.998428
Car -1 -1 -10 478.000000 185.000000 516.000000 211.000000 1.539606 1.615462 3.920369 -6.237353 2.304047 41.786617 1.844665 0.980330
Car -1 -1 -10 415.000000 184.000000 484.000000 229.000000 1.569891 1.584638 3.649710 -6.887388 2.230954 28.944870 1.739912 0.975780
Car -1 -1 -10 -3.000000 213.000000 268.000000 377.000000 1.477001 1.642167 3.948767 -3.595253 1.718700 3.753528 1.537645 0.969014
Car -1 -1 -10 325.000000 194.000000 415.000000 255.000000 1.487657 1.622023 3.914139 -6.359049 1.997605 19.986677 1.574632 0.447162
Car -1 -1 -10 1043.000000 123.000000 1240.000000 367.000000 1.597817 1.621530 3.769569 3.711132 0.967709 2.965503 -1.818582 0.242233
Car -1 -1 -10 800.000000 162.000000 930.000000 216.000000 1.585075 1.609154 3.976486 7.714611 1.300636 22.387340 3.024287 0.201783
Car -1 -1 -10 939.000000 158.000000 1024.000000 191.000000 1.517604 1.684754 3.802699 20.507244 0.898733 40.801254 2.716967 0.142930
Car -1 -1 -10 755.000000 166.000000 870.000000 209.000000 1.627681 1.645725 4.075337 7.889755 1.472719 28.558484 2.989336 0.135962
Car -1 -1 -10 981.000000 152.000000 1103.000000 187.000000 1.664012 1.682736 4.028202 22.083439 0.699912 37.537738 0.128329 0.066891
Cyclist -1 -1 -10 1057.000000 120.000000 1237.000000 366.000000 1.717663 0.568506 1.747617 2.628470 1.186281 3.193055 -1.426791 0.420976
Cyclist -1 -1 -10 0.000000 214.000000 264.000000 377.000000 1.692123 0.702282 1.932040 -3.137519 1.821583 4.026479 1.615458 0.024811
