Pedestrian -1 -1 -10 581.000000 170.000000 602.000000 224.000000 1.674729 0.722059 0.545681 -0.590796 1.709794 22.574736 1.601849 0.012910
Car -1 -1 -10 461.000000 173.000000 543.000000 239.000000 1.642156 1.680901 4.048028 -2.959025 1.699164 20.658093 1.571053 0.999534
Car -1 -1 -10 741.000000 182.000000 935.000000 343.000000 1.550672 1.580637 3.459565 2.443770 1.741305 8.692001 -1.490654 0.999257
Car -1 -1 -10 128.000000 171.000000 374.000000 253.000000 1.442070 1.669625 4.094607 -7.174094 1.462696 14.342937 -3.148149 0.997176
Car -1 -1 -10 518.000000 177.000000 569.000000 220.000000 1.496679 1.586064 3.910672 -2.739809 1.757867 28.527827 -1.537229 0.996968
Car -1 -1 -10 696.000000 186.000000 819.000000 279.000000 1.506220 1.601477 3.750625 2.692788 1.758772 13.196489 -1.477509 0.996801
Car -1 -1 -10 822.000000 185.000000 905.000000 219.000000 1.528691 1.552477 3.475459 10.294266 1.436781 31.051487 -1.240087 0.011288
Car -1 -1 -10 774.000000 182.000000 917.000000 253.000000 1.482734 1.660721 3.940291 5.549757 0.991014 15.823954 1.701310 0.010624
Cyclist -1 -1 -10 579.000000 168.000000 603.000000 228.000000 1.726164 0.627839 1.778552 -0.591488 1.722863 22.520903 1.694051 0.998618
Cyclist -1 -1 -10 574.000000 170.000000 598.000000 200.000000 1.610418 0.449464 1.521446 -0.434895 1.443312 10.051438 -1.665381 0.079764
