Pedestrian -1 -1 -10 637.000000 167.000000 654.000000 200.000000 1.752516 0.706708 0.974593 2.002071 1.532499 39.938663 -1.917583 0.210131
Pedestrian -1 -1 -10 630.000000 170.000000 641.000000 201.000000 1.793156 0.643843 0.857261 1.255151 1.575495 41.446501 0.651530 0.191386
Pedestrian -1 -1 -10 624.000000 170.000000 636.000000 200.000000 1.795028 0.618958 0.970759 1.119530 1.624570 41.581221 -3.068273 0.020188
Car -1 -1 -10 516.000000 176.000000 556.000000 211.000000 1.554858 1.619243 3.797315 -3.477155 1.709660 33.821254 -1.607890 0.998122
Car -1 -1 -10 579.000000 174.000000 606.000000 200.000000 1.625943 1.655065 3.829610 -1.183847 1.717425 46.587641 1.528213 0.997911
Car -1 -1 -10 403.000000 184.000000 447.000000 210.000000 1.552123 1.623564 3.817274 -10.665891 2.088802 41.873980 1.519082 0.975467
Car -1 -1 -10 53.000000 167.000000 264.000000 268.000000 1.788036 1.688679 4.056716 -9.726144 1.777797 16.264550 1.548241 0.813069
Car -1 -1 -10 427.000000 181.000000 465.000000 207.000000 1.530301 1.564903 3.845043 -8.527607 2.323594 39.640378 0.887399 0.015072
Cyclist -1 -1 -10 633.000000 168.000000 655.000000 201.000000 1.765923 0.548270 1.731495 1.867371 1.502868 40.259405 -2.136656 0.602735
Cyclist -1 -1 -10 629.000000 169.000000 645.000000 200.000000 1.742209 0.573701 1.713369 1.614868 1.495157 41.466815 -2.018734 0.072088
Cyclist -1 -1 -10 642.000000 167.000000 653.000000 197.000000 1.746062 0.552719 1.729495 1.911304 1.404917 40.197432 -2.016441 0.013231
