Pedestrian -1 -1 -10 824.000000 159.000000 863.000000 266.000000 1.650433 0.622534 0.712726 3.556757 1.272848 10.746189 -1.652755 0.991649
Pedestrian -1 -1 -10 552.000000 152.000000 561.000000 184.000000 1.869391 0.648511 0.644230 -2.828356 0.053240 43.691973 1.490866 0.099736
Pedestrian -1 -1 -10 610.000000 153.000000 619.000000 179.000000 1.791824 0.689518 0.688269 0.972060 -0.159219 51.344984 -1.079742 0.077406
Pedestrian -1 -1 -10 532.000000 152.000000 543.000000 187.000000 1.791935 0.631860 0.748851 -3.643504 0.107211 40.516306 -1.599506 0.060465
Pedestrian -1 -1 -10 952.000000 147.000000 992.000000 271.000000 1.692212 0.599324 0.681297 5.821801 1.489045 11.283786 3.457981 0.029317
Pedestrian -1 -1 -10 819.000000 169.000000 843.000000 259.000000 1.681238 0.569061 0.787351 3.519616 1.309234 10.735119 -0.841844 0.026240
Pedestrian -1 -1 -10 614.000000 152.000000 622.000000 179.000000 1.848470 0.650423 0.947798 1.277362 -0.130251 49.270451 1.251529 0.021943
Pedestrian -1 -1 -10 941.000000 149.000000 974.000000 265.000000 1.750660 0.544907 0.618745 5.783332 1.441388 11.978160 -1.775591 0.019780
Pedestrian -1 -1 -10 890.000000 147.000000 927.000000 230.000000 1.744192 0.546713 0.642466 5.330763 1.352309 12.927148 -1.827335 0.018998
Pedestrian -1 -1 -10 841.000000 162.000000 865.000000 251.000000 1.728467 0.577188 0.658414 4.570452 1.017111 12.699962 2.816819 0.013993
Pedestrian -1 -1 -10 619.000000 152.000000 624.000000 181.000000 1.806733 0.613472 0.799751 1.280956 0.357137 48.981785 0.690805 0.010858
Cyclist -1 -1 -10 388.000000 157.000000 464.000000 295.000000 1.731964 0.565378 1.757640 -2.330492 1.429359 9.787333 1.679326 0.999570
Cyclist -1 -1 -10 234.000000 148.000000 371.000000 359.000000 1.728331 0.514419 1.762721 -2.869099 1.501717 6.957318 1.551562 0.999566
